        187  0.000000 2.3
7.079695023584268 0.002159827213822796
7.312000616870221 0.004236584150191014
7.44525345670212 0.005868251936095525
7.585424861805586 0.007738799124900053
7.728235266766202 0.015123816597581108
7.8554397414822015 0.03239601206822673
7.916810875458518 0.05648234372665817
7.97107236671536 0.07860500571718965
8.010402963246106 0.10275561213021511
8.05052346524313 0.12520430401766958
8.088749215436819 0.14921532793213643
8.118739330237013 0.17447257354511847
8.144016939139176 0.1989457216551811
8.165086781604854 0.22140299035229782
8.183292286358014 0.24450270222726078
8.194808506682646 0.267455552959301
8.209378479272116 0.28953110160072426
8.223310344966242 0.31077186058764006
8.238596184624967 0.33321842685328895
8.26106682869733 0.35817245389599606
8.275377236451853 0.3844492440604752
8.337848144474217 0.41252699784017277
8.400790646024904 0.3930885529157667
8.462948228180466 0.4313618639015666
8.497395884603344 0.46387937620832764
8.523295780578529 0.4898844834494689
8.556005198164597 0.5161677970739716
8.577087600339164 0.5411119689610351
8.59895384401258 0.5653610625177135
8.621896819474566 0.5927050614231405
8.648334335507997 0.6222356999835009
8.667019087858524 0.6508594578705893
8.68899869706226 0.6765322975842605
8.712734657121178 0.7053800220869207
8.735427003016934 0.734652870950673
8.758317361148501 0.7652800445647606
8.782660562262935 0.7976830233671803
8.806093687899638 0.8281559375702432
8.833249844351094 0.8572004339200374
8.845287917906052 0.8830201687526043
8.868888140367535 0.9075205825809307
8.89706575839295 0.932882287322638
8.921740928369358 0.9546436285097193
8.938531050586722 0.9762419006479481
8.995823561471607 0.9947785256190991
9.039937424818392 0.9719222462203023
9.056949984969897 0.9352051835853132
9.070565211551832 0.9087595164332555
9.086833829067698 0.8753022292153279
9.093946604148064 0.8477966830526861
9.103234787378438 0.821384865928126
9.109852494095927 0.7969440799322645
9.120524475476163 0.7645856747749773
9.134818524159062 0.7238169943784826
9.14242268267992 0.6861644009655699
9.157050689242025 0.651474253100476
9.161931890696641 0.6197599757630249
9.172652537898319 0.5950602503835893
9.181482729822601 0.572854587922559
9.185561069561526 0.5509408441894784
9.192556724221694 0.5243985083649676
9.202573660438974 0.49511351309089846
9.218012264977034 0.4632491918612974
9.223713039368906 0.43066465994937597
9.244055746401347 0.40047082738571227
9.252430972209368 0.37004192605768005
9.271625917480744 0.3477808686041439
9.289379671171424 0.32220562487266946
9.296363657649632 0.29598526235548217
9.324089835800113 0.2655213507859482
9.34075634630729 0.23726399378794238
9.362654124968499 0.21374004942117697
9.387634738627423 0.19023132629027684
9.439561003615747 0.1624648880197228
9.508261478637154 0.13693561076199878
9.581380252470225 0.11513735914701462
9.666859819547186 0.0937729276186905
9.78259925011863 0.0733391319644654
9.963235431543405 0.05336071627521255
10.177896263666048 0.03725457619499051
10.341921585468057 0.02918935974456227
10.536628412916622 0.023189033048009122
10.73500097582274 0.018476225845047933
10.937108288799923 0.015439623265820712
11.143020665796277 0.013374733511946069
11.352809744557 0.012743120175467082
11.566548511547447 0.013860589924622468
11.784311327345415 0.016241286346736716
12.006173952511487 0.020006673544978648
12.240364653184114 0.031132785395268092
12.356227524875907 0.05345788755774783
12.396271294323583 0.07832931901029982
12.421142985397031 0.09503239740820746
12.444518749216963 0.11447084233261329
12.514910321773598 0.13174946004319632
12.585700059465172 0.11231101511879049
12.633115532450041 0.09503239740820746
12.664536592426606 0.07786066516917267
12.731824948344311 0.05076138446739398
12.86172005928429 0.029411031732845982
13.10968763424664 0.018111833535541022
13.356503051189325 0.012791705816734389
13.607965249332306 0.01016808118828183
13.864161713386997 0.008467583743914764
14.125181575134986 0.007520163739195285
14.391115644437347 0.007325821174125169
14.66205644082775 0.007325821174125169
14.938098225700376 0.007325821174125169
15.219337035103853 0.008127484255040951
15.505870713152563 0.01152847914377575
15.786960227603526 0.02490278112181299
15.90944046134732 0.04678950829376438
15.950050825110955 0.06263498920086397
16.059524048353374 0.06618919424837988
16.09343645116493 0.08196703087282375
16.191773975571017 0.06047516198704095
16.248433871841712 0.041709879499232994
16.407115107634894 0.01985774799239759
16.721821702196436 0.01104262273109935
17.03664258203855 0.010095202726380537
17.35739057844426 0.011771407350114282
17.684177280933216 0.013253269408777024
18.01711637991524 0.016484214553074805
18.36651643367167 0.02811440243151586
18.56950195218836 0.05237837534083245
18.660436368774675 0.0763417245948057
18.732608499837074 0.09974131690070442
18.819669332438842 0.12476217468213391
19.00162655667246 0.146749606637804
19.17154109393865 0.16731646918994825
19.275298108756868 0.1910220576019077
19.378292650379187 0.21427636015363105
19.481837527230788 0.2375731751414638
19.594635592816324 0.2622911201363749
19.73217007805313 0.2859310712156602
19.858993955382278 0.3075036318095351
19.986994545141698 0.32181425485961124
20.157305474847057 0.3149245526421235
20.348429982619137 0.2899849356589289
20.45715863661809 0.26643525449268046
20.56304351444361 0.24078286406770721
20.654947861044576 0.21601937003410776
20.73547494814932 0.1951336174941818
20.823800879742095 0.1723420931755324
20.926321199312973 0.14785693056187132
21.02691354435729 0.12487878022117638
21.168069564915566 0.10315539253901118
21.30081553009352 0.08034093019164801
21.51368375093525 0.06004863541666228
21.92464658902861 0.04653443367710919
22.33742078626089 0.037691846966399156
22.757966262141096 0.029140774103295186
23.1864293261339 0.022484541249628398
23.62295904226475 0.019253596105330395
24.067707280979864 0.01655709301497632
24.520828771982565 0.015561087368989979
24.982481158064367 0.019885209441809604
25.45282504994953 0.03011248692864754
25.713698610076175 0.036717062634989084
25.932024082172198 0.03225025514442348
26.152514763705476 0.02159827213822907
26.42024497000549 0.015828308395962276
26.91765756746243 0.009050611439126222
27.424434926388834 0.007301528353491182
27.94075335666874 0.0068156719408147826
28.466792487563346 0.0068156719408147826
29.002735330204736 0.0068156719408147826
29.548768341266186 0.006645622196377987
30.131832291039963 0.004349950646482137
30.67186831348387 0.0068156719408147826
31.24932600564334 0.007204357070955902
31.83765546416624 0.007447285277294213
32.43706137124049 0.009220661183563017
32.833367203160236 0.01295896328293722
33.040708397679225 0.019283719202916272
33.20585712382466 0.028077753779697456
33.393683792588696 0.036717062634989084
33.58034446625668 0.024394564271962738
33.836088078870986 0.015118790496760237
34.21255988982382 0.01007090990574655
34.85667800075611 0.007665920662998538
35.512922890338324 0.007325821174125169
36.18152286881035 0.007252942712223431
36.862710544797245 0.0068156719408147826
37.556722906234754 0.006426986810673885
38.26380140281831 0.0060140088598990005
38.984192030004394 0.004548342014992102