        2000  4.000000 2.710000
0.10000 6.43609390e-04
0.10035 6.47939465e-04
0.10069 6.33335238e-04
0.10104 6.57230934e-04
0.10139 6.41776563e-04
0.10174 6.41595174e-04
0.10210 6.55958318e-04
0.10245 6.56091578e-04
0.10280 6.31280408e-04
0.10316 6.24708622e-04
0.10352 6.18189879e-04
0.10387 6.09049447e-04
0.10423 6.16778656e-04
0.10459 6.16101806e-04
0.10496 6.41956074e-04
0.10532 6.29258242e-04
0.10568 6.98245447e-04
0.10605 6.10268730e-04
0.10642 6.10818535e-04
0.10679 6.16237234e-04
0.10716 6.55808293e-04
0.10753 6.04648841e-04
0.10790 5.98655910e-04
0.10827 5.92922129e-04
0.10865 6.54031689e-04
0.10902 5.96307244e-04
0.10940 6.09231993e-04
0.10978 6.18599198e-04
0.11016 5.84860059e-04
0.11054 6.10334493e-04
0.11092 5.91617282e-04
0.11131 5.68103732e-04
0.11169 6.09030513e-04
0.11208 6.01633442e-04
0.11247 6.20258151e-04
0.11286 5.85512483e-04
0.11325 6.31481598e-04
0.11364 5.60717067e-04
0.11403 5.72823901e-04
0.11443 5.78352012e-04
0.11482 5.82750595e-04
0.11522 5.64505285e-04
0.11562 5.72228424e-04
0.11602 5.71053657e-04
0.11642 5.55710721e-04
0.11682 5.43503002e-04
0.11723 5.55279578e-04
0.11763 5.74792879e-04
0.11804 5.53475658e-04
0.11845 5.50592073e-04
0.11886 5.60150351e-04
0.11927 5.82939067e-04
0.11968 5.35862103e-04
0.12010 5.58647060e-04
0.12051 5.64721796e-04
0.12093 5.36862707e-04
0.12135 5.61470374e-04
0.12177 5.28670413e-04
0.12219 6.54573978e-04
0.12262 5.37555745e-04
0.12304 6.77768109e-04
0.12347 5.99809431e-04
0.12389 5.31695207e-04
0.12432 5.21666183e-04
0.12475 5.42780625e-04
0.12518 5.31419293e-04
0.12562 6.08893351e-04
0.12605 5.40469537e-04
0.12649 5.12909342e-04
0.12693 5.25630444e-04
0.12737 5.11898910e-04
0.12781 5.34501611e-04
0.12825 6.26884427e-04
0.12869 5.17037648e-04
0.12914 5.12078276e-04
0.12959 5.10249495e-04
0.13003 5.21361652e-04
0.13048 5.18266326e-04
0.13094 4.93217977e-04
0.13139 5.02330803e-04
0.13184 5.03251625e-04
0.13230 4.98215650e-04
0.13276 5.59861429e-04
0.13322 4.91170951e-04
0.13368 5.53973286e-04
0.13414 5.77682678e-04
0.13461 4.97494573e-04
0.13507 5.01696591e-04
0.13554 5.04495479e-04
0.13601 4.96439046e-04
0.13648 4.98139481e-04
0.13695 4.96433121e-04
0.13743 5.48004782e-04
0.13790 4.86031201e-04
0.13838 4.80869193e-04
0.13886 4.88162201e-04
0.13934 5.18859491e-04
0.13982 5.37375222e-04
0.14031 4.87470319e-04
0.14079 4.93956831e-04
0.14128 4.73045459e-04
0.14177 4.69651383e-04
0.14226 4.84087228e-04
0.14275 5.07165443e-04
0.14324 5.30791874e-04
0.14374 4.79866132e-04
0.14424 4.66863624e-04
0.14474 5.38716925e-04
0.14524 4.76352815e-04
0.14574 4.64541696e-04
0.14625 5.37892652e-04
0.14675 4.76572217e-04
0.14726 4.50942844e-04
0.14777 4.75370711e-04
0.14828 4.62897340e-04
0.14879 4.47314623e-04
0.14931 4.67380475e-04
0.14983 4.78160349e-04
0.15034 4.43367852e-04
0.15087 5.06038372e-04
0.15139 4.52593125e-04
0.15191 4.55155123e-04
0.15244 5.33482506e-04
0.15297 5.91151017e-04
0.15349 4.94210776e-04
0.15403 4.84988971e-04
0.15456 4.82607351e-04
0.15509 4.53005334e-04
0.15563 4.64395862e-04
0.15617 4.68633435e-04
0.15671 6.25942937e-04
0.15725 4.41985390e-04
0.15780 4.81403388e-04
0.15834 5.12717402e-04
0.15889 4.79619847e-04
0.15944 4.50034452e-04
0.15999 4.63588210e-04
0.16055 4.71672248e-04
0.16110 4.91038847e-04
0.16166 4.36458436e-04
0.16222 4.57281209e-04
0.16278 4.71561825e-04
0.16335 4.33846285e-04
0.16391 4.34763060e-04
0.16448 4.09638686e-04
0.16505 4.09419718e-04
0.16562 4.18091140e-04
0.16619 4.30410438e-04
0.16677 4.49482190e-04
0.16734 4.15631038e-04
0.16792 4.80594724e-04
0.16851 4.27543475e-04
0.16909 4.25611932e-04
0.16967 4.72020284e-04
0.17026 4.13921064e-04
0.17085 4.06831559e-04
0.17144 4.42450499e-04
0.17204 4.16642338e-04
0.17263 4.33021289e-04
0.17323 4.15966211e-04
0.17383 4.08290479e-04
0.17443 4.04200186e-04
0.17503 4.11413122e-04
0.17564 4.43204529e-04
0.17625 4.27467884e-04
0.17686 4.72210346e-04
0.17747 4.01685306e-04
0.17808 3.95177548e-04
0.17870 4.74805586e-04
0.17932 4.61688753e-04
0.17994 4.32261332e-04
0.18056 5.17416036e-04
0.18119 4.14786241e-04
0.18182 4.01623445e-04
0.18244 4.16751316e-04
0.18308 4.08705723e-04
0.18371 4.64589103e-04
0.18435 4.31989899e-04
0.18498 3.95991993e-04
0.18562 4.01606824e-04
0.18627 3.85441493e-04
0.18691 4.02004724e-04
0.18756 3.93224324e-04
0.18821 4.67291443e-04
0.18886 5.01162107e-04
0.18951 5.18285838e-04
0.19017 3.81677845e-04
0.19083 3.82566870e-04
0.19149 4.09547196e-04
0.19215 3.85655547e-04
0.19282 3.99912604e-04
0.19348 3.79989551e-04
0.19415 3.97753565e-04
0.19483 3.76597210e-04
0.19550 3.84032149e-04
0.19618 4.53795209e-04
0.19686 4.00638884e-04
0.19754 3.81742885e-04
0.19822 5.00960338e-04
0.19891 3.86111550e-04
0.19960 5.49842090e-04
0.20029 4.04904497e-04
0.20098 4.20495885e-04
0.20168 3.72280433e-04
0.20237 3.73704809e-04
0.20307 3.72513565e-04
0.20378 3.73490610e-04
0.20448 3.77368006e-04
0.20519 4.05265252e-04
0.20590 4.04341106e-04
0.20661 3.80184671e-04
0.20733 3.92360738e-04
0.20805 3.84938517e-04
0.20877 3.84750335e-04
0.20949 3.97689971e-04
0.21021 3.84897614e-04
0.21094 3.80577513e-04
0.21167 3.90661604e-04
0.21240 4.13287430e-04
0.21314 3.95814795e-04
0.21388 3.83971878e-04
0.21462 3.62370938e-04
0.21536 3.64833931e-04
0.21611 3.53542987e-04
0.21685 3.60541146e-04
0.21760 3.87848985e-04
0.21836 3.94550562e-04
0.21911 3.70282982e-04
0.21987 3.76677426e-04
0.22063 5.99972898e-04
0.22140 3.53751115e-04
0.22216 4.01934047e-04
0.22293 3.90119748e-04
0.22370 3.76083972e-04
0.22448 3.55349509e-04
0.22526 4.94587574e-04
0.22604 3.70817177e-04
0.22682 3.65178498e-04
0.22760 3.77989933e-04
0.22839 4.54851459e-04
0.22918 3.88748127e-04
0.22998 3.61727042e-04
0.23077 5.50025502e-04
0.23157 4.47406691e-04
0.23237 4.08639961e-04
0.23318 3.57742836e-04
0.23398 3.52228167e-04
0.23479 3.44633663e-04
0.23561 3.58712366e-04
0.23642 3.66868237e-04
0.23724 3.49837586e-04
0.23806 3.68459983e-04
0.23889 3.99541732e-04
0.23971 3.42850989e-04
0.24054 3.52840988e-04
0.24137 3.67103104e-04
0.24221 3.47812818e-04
0.24305 4.69508439e-04
0.24389 3.66425965e-04
0.24473 4.13805293e-04
0.24558 3.90849497e-04
0.24643 3.82573085e-04
0.24728 4.73541209e-04
0.24814 3.60988188e-04
0.24900 3.40376145e-04
0.24986 3.66066655e-04
0.25073 4.02393663e-04
0.25159 3.41736203e-04
0.25246 3.42681307e-04
0.25334 4.45262539e-04
0.25422 4.15181684e-04
0.25510 4.71322333e-04
0.25598 3.49618039e-04
0.25687 3.63440629e-04
0.25775 3.35300278e-04
0.25865 3.48169526e-04
0.25954 4.55308762e-04
0.26044 4.35064556e-04
0.26134 3.95956004e-04
0.26225 3.56059746e-04
0.26315 3.64635486e-04
0.26406 3.28510970e-04
0.26498 3.40752365e-04
0.26590 3.49500967e-04
0.26682 3.49460354e-04
0.26774 3.45125076e-04
0.26867 3.52924962e-04
0.26960 3.40671715e-04
0.27053 3.23379169e-04
0.27147 4.09250903e-04
0.27241 3.59340652e-04
0.27335 3.76710379e-04
0.27430 3.89055838e-04
0.27525 4.02961535e-04
0.27620 3.55814039e-04
0.27715 5.25441972e-04
0.27811 3.94450401e-04
0.27908 4.12437574e-04
0.28004 3.32963030e-04
0.28101 4.19165890e-04
0.28198 3.51983761e-04
0.28296 4.63426188e-04
0.28394 3.78925208e-04
0.28492 6.47268685e-04
0.28591 3.72940805e-04
0.28690 8.81738030e-04
0.28789 4.48741890e-04
0.28889 4.89566486e-04
0.28989 6.74057071e-04
0.29089 4.26449069e-04
0.29190 6.68928740e-04
0.29291 4.66966532e-04
0.29392 4.08108656e-04
0.29494 4.87385912e-04
0.29596 4.37623230e-04
0.29699 4.32904072e-04
0.29801 4.93982702e-04
0.29905 3.73263404e-04
0.30008 6.16778222e-04
0.30112 3.84066403e-04
0.30216 1.21147941e-03
0.30321 5.18630116e-04
0.30426 8.00309540e-04
0.30531 1.61545051e-03
0.30637 1.16834705e-03
0.30743 1.73233462e-03
0.30849 1.87994507e-03
0.30956 2.25767860e-03
0.31063 3.31263318e-03
0.31171 4.73753817e-03
0.31279 5.54084143e-03
0.31387 6.49307328e-03
0.31496 8.36976057e-03
0.31605 1.05700392e-02
0.31714 1.47422988e-02
0.31824 1.78554457e-02
0.31934 2.49128782e-02
0.32044 2.74862942e-02
0.32155 2.45362677e-02
0.32267 2.38576837e-02
0.32378 2.31362890e-02
0.32490 2.25572595e-02
0.32603 2.15003162e-02
0.32716 1.99353237e-02
0.32829 1.85783147e-02
0.32943 1.81153889e-02
0.33057 1.76189747e-02
0.33171 1.73932859e-02
0.33286 1.78217116e-02
0.33401 1.45922732e-02
0.33517 1.51856693e-02
0.33633 1.56027636e-02
0.33749 1.28405032e-02
0.33866 1.44462151e-02
0.33983 1.49012710e-02
0.34101 1.19675913e-02
0.34219 1.29947521e-02
0.34337 1.15490531e-02
0.34456 9.46676567e-03
0.34576 1.11032270e-02
0.34695 9.75052363e-03
0.34815 9.18253365e-03
0.34936 9.55107052e-03
0.35057 8.73355675e-03
0.35178 8.56910961e-03
0.35300 8.72020187e-03
0.35422 7.93266575e-03
0.35545 7.42240382e-03
0.35668 8.00059931e-03
0.35791 7.28607276e-03
0.35915 7.49048625e-03
0.36039 6.61207769e-03
0.36164 6.35503527e-03
0.36289 6.17145771e-03
0.36415 6.84585602e-03
0.36541 6.52797230e-03
0.36668 6.80838575e-03
0.36795 7.30049285e-03
0.36922 5.56365891e-03
0.37050 6.20667903e-03
0.37178 5.39769851e-03
0.37307 5.37394590e-03
0.37436 4.91910817e-03
0.37565 5.24762666e-03
0.37695 4.85624918e-03
0.37826 4.52743729e-03
0.37957 5.11960337e-03
0.38088 4.52060375e-03
0.38220 4.89822021e-03
0.38352 4.91263163e-03
0.38485 4.38687284e-03
0.38618 4.12092573e-03
0.38752 4.77417014e-03
0.38886 4.21138770e-03
0.39021 4.27889488e-03
0.39156 4.16199343e-03
0.39291 4.73038955e-03
0.39427 3.92609335e-03
0.39564 4.50741509e-03
0.39701 4.14502088e-03
0.39838 4.29158202e-03
0.39976 4.70925878e-03
0.40115 4.11481486e-03
0.40253 4.11660707e-03
0.40393 4.34480208e-03
0.40533 3.75636352e-03
0.40673 4.36627251e-03
0.40814 4.02461016e-03
0.40955 3.75316211e-03
0.41097 4.19994644e-03
0.41239 4.51666956e-03
0.41382 3.54205817e-03
0.41525 3.63640230e-03
0.41669 4.55234183e-03
0.41813 4.18493231e-03
0.41958 3.98612238e-03
0.42103 4.31504267e-03
0.42249 3.52129162e-03
0.42395 4.15041775e-03
0.42542 4.09896678e-03
0.42689 3.76063303e-03
0.42837 3.53652543e-03
0.42985 3.78340571e-03
0.43134 3.86791724e-03
0.43283 3.85769006e-03
0.43433 3.40485412e-03
0.43583 3.96957042e-03
0.43734 3.47423445e-03
0.43886 3.81204210e-03
0.44037 3.47012682e-03
0.44190 3.49532187e-03
0.44343 4.95463302e-03
0.44496 3.52654974e-03
0.44650 3.48477671e-03
0.44805 3.58031180e-03
0.44960 3.61689174e-03
0.45116 3.27549823e-03
0.45272 3.54813146e-03
0.45429 3.45595243e-03
0.45586 4.06060619e-03
0.45744 4.05524400e-03
0.45902 3.46224397e-03
0.46061 3.79761767e-03
0.46220 3.67197773e-03
0.46380 3.43876308e-03
0.46541 3.33648696e-03
0.46702 3.59335449e-03
0.46864 3.89361671e-03
0.47026 3.82784826e-03
0.47189 3.32444011e-03
0.47352 3.17336230e-03
0.47516 3.41513477e-03
0.47680 3.82634367e-03
0.47845 3.53557295e-03
0.48011 3.77911451e-03
0.48177 3.20569297e-03
0.48344 3.93012438e-03
0.48511 3.66134008e-03
0.48679 4.31627409e-03
0.48848 3.36144787e-03
0.49017 3.31500931e-03
0.49186 3.87308430e-03
0.49357 3.31373452e-03
0.49528 4.08955188e-03
0.49699 3.38364674e-03
0.49871 3.39124197e-03
0.50044 3.55282590e-03
0.50217 4.11619371e-03
0.50391 3.27083847e-03
0.50565 4.24500904e-03
0.50740 3.39063782e-03
0.50916 3.40519377e-03
0.51092 3.53547756e-03
0.51269 3.37196267e-03
0.51446 3.37811979e-03
0.51625 3.46196935e-03
0.51803 3.11068542e-03
0.51983 3.73514458e-03
0.52163 4.69356390e-03
0.52343 3.84531801e-03
0.52524 3.17926215e-03
0.52706 3.42874114e-03
0.52889 3.34395500e-03
0.53072 5.28431644e-03
0.53255 3.62527323e-03
0.53440 3.40339289e-03
0.53625 4.64260145e-03
0.53810 3.20884668e-03
0.53997 3.72322781e-03
0.54183 3.28166113e-03
0.54371 3.15239919e-03
0.54559 3.18031147e-03
0.54748 3.18821021e-03
0.54938 3.02633288e-03
0.55128 3.15346585e-03
0.55319 3.21439387e-03
0.55510 3.45692514e-03
0.55702 4.16054521e-03
0.55895 3.57929573e-03
0.56089 4.13909068e-03
0.56283 3.98992650e-03
0.56478 3.71002469e-03
0.56673 3.65178932e-03
0.56869 3.12151386e-03
0.57066 4.96648909e-03
0.57264 3.08373718e-03
0.57462 3.25390206e-03
0.57661 3.60571354e-03
0.57860 3.97885235e-03
0.58061 4.10835422e-03
0.58262 3.40313128e-03
0.58463 3.28596967e-03
0.58666 3.13749058e-03
0.58869 3.59501518e-03
0.59073 3.17203982e-03
0.59277 3.83867381e-03
0.59482 3.63747907e-03
0.59688 3.76612530e-03
0.59895 3.31655581e-03
0.60102 3.68725491e-03
0.60310 3.36063848e-03
0.60519 4.42049997e-03
0.60728 3.42644595e-03
0.60939 3.73123206e-03
0.61150 3.08489634e-03
0.61361 3.81763698e-03
0.61574 3.23398826e-03
0.61787 5.77339990e-03
0.62001 3.27603878e-03
0.62215 3.46643110e-03
0.62431 3.24389168e-03
0.62647 3.85572874e-03
0.62864 5.13584891e-03
0.63081 3.31883077e-03
0.63300 3.63674629e-03
0.63519 3.68019445e-03
0.63739 3.24647449e-03
0.63959 3.29241152e-03
0.64181 3.39090665e-03
0.64403 4.27816643e-03
0.64626 3.40346660e-03
0.64849 5.23550754e-03
0.65074 3.27277378e-03
0.65299 3.39309344e-03
0.65525 6.03074005e-03
0.65752 3.07409247e-03
0.65980 4.21549533e-03
0.66208 3.55344884e-03
0.66437 3.56733994e-03
0.66667 3.37407863e-03
0.66898 3.30912680e-03
0.67130 3.48176319e-03
0.67362 3.75360582e-03
0.67595 3.28662730e-03
0.67829 3.52021629e-03
0.68064 3.35736191e-03
0.68299 3.25229918e-03
0.68536 3.46721158e-03
0.68773 3.23168873e-03
0.69011 3.18690652e-03
0.69250 3.86670171e-03
0.69490 4.50651031e-03
0.69730 3.79527189e-03
0.69972 3.06302267e-03
0.70214 4.74165159e-03
0.70457 5.30978322e-03
0.70701 4.27736283e-03
0.70946 4.83306892e-03
0.71191 3.37874562e-03
0.71438 3.85170782e-03
0.71685 3.65562234e-03
0.71933 3.78576305e-03
0.72182 3.28181867e-03
0.72432 2.97616536e-03
0.72683 4.37931230e-03
0.72934 3.55864770e-03
0.73187 3.89275529e-03
0.73440 3.34072323e-03
0.73694 3.67140683e-03
0.73949 4.02976422e-03
0.74205 4.39990975e-03
0.74462 4.93685542e-03
0.74720 3.36782468e-03
0.74979 3.55932123e-03
0.75238 3.32548797e-03
0.75499 3.43006362e-03
0.75760 3.38782086e-03
0.76022 3.11986907e-03
0.76285 3.48409018e-03
0.76549 3.52697322e-03
0.76814 4.35366197e-03
0.77080 3.03940881e-03
0.77347 3.96746602e-03
0.77615 3.36374739e-03
0.77884 3.25319529e-03
0.78153 3.61962776e-03
0.78424 3.07780120e-03
0.78695 3.36361298e-03
0.78968 3.26862567e-03
0.79241 3.49036582e-03
0.79515 4.14121243e-03
0.79790 3.94302543e-03
0.80067 3.21447915e-03
0.80344 3.39622403e-03
0.80622 3.54055213e-03
0.80901 4.15955804e-03
0.81181 3.47573615e-03
0.81462 3.41132632e-03
0.81744 3.06790789e-03
0.82027 3.40129282e-03
0.82311 4.09534477e-03
0.82596 3.50883573e-03
0.82882 3.26314063e-03
0.83169 3.18373402e-03
0.83457 3.98103191e-03
0.83745 3.30906754e-03
0.84035 5.70032818e-03
0.84326 3.16868521e-03
0.84618 3.48849267e-03
0.84911 3.43456583e-03
0.85205 3.48144522e-03
0.85500 3.36694158e-03
0.85796 3.87877458e-03
0.86093 3.62941700e-03
0.86391 5.78695568e-03
0.86690 3.39673423e-03
0.86990 3.76983114e-03
0.87291 3.88874305e-03
0.87593 5.36435178e-03
0.87897 6.86731922e-03
0.88201 3.35062232e-03
0.88506 3.17401849e-03
0.88813 3.21596350e-03
0.89120 3.21160293e-03
0.89428 3.46957036e-03
0.89738 3.38778762e-03
0.90049 3.37105355e-03
0.90360 3.96045181e-03
0.90673 3.20371719e-03
0.90987 3.20442107e-03
0.91302 3.89527884e-03
0.91618 3.64554259e-03
0.91935 4.06455917e-03
0.92253 3.49790612e-03
0.92573 3.75759494e-03
0.92893 3.63123379e-03
0.93215 3.55187487e-03
0.93537 3.44183442e-03
0.93861 3.66498666e-03
0.94186 3.70188746e-03
0.94512 3.18715946e-03
0.94839 3.82148735e-03
0.95168 5.79459860e-03
0.95497 3.16640302e-03
0.95828 3.61686862e-03
0.96159 3.68915552e-03
0.96492 3.95205587e-03
0.96826 3.44302393e-03
0.97161 4.20672071e-03
0.97498 3.84815809e-03
0.97835 3.22306876e-03
0.98174 3.17866523e-03
0.98514 4.18952558e-03
0.98855 3.47105617e-03
0.99197 5.46288593e-03
0.99540 3.23431924e-03
0.99885 3.88494037e-03
1.00231 3.64166042e-03
1.00578 3.22490289e-03
1.00926 3.39269597e-03
1.01275 5.29215449e-03
1.01626 4.38810427e-03
1.01978 3.13288285e-03
1.02330 3.98888152e-03
1.02685 3.43944962e-03
1.03040 3.90558262e-03
1.03397 5.62036078e-03
1.03755 3.42061259e-03
1.04114 4.07337571e-03
1.04474 4.92752290e-03
1.04836 3.02225126e-03
1.05199 3.29399416e-03
1.05563 5.28482086e-03
1.05928 4.10730635e-03
1.06295 3.34508236e-03
1.06663 3.36314324e-03
1.07032 3.41010357e-03
1.07403 3.74060216e-03
1.07775 3.85340175e-03
1.08148 3.40871027e-03
1.08522 5.17781272e-03
1.08898 3.63201282e-03
1.09275 3.41281646e-03
1.09653 3.56927813e-03
1.10032 3.28510825e-03
1.10413 4.14474482e-03
1.10796 3.65941201e-03
1.11179 4.26636673e-03
1.11564 3.49403118e-03
1.11950 3.96679827e-03
1.12338 3.23733276e-03
1.12726 4.10734249e-03
1.13117 3.21489974e-03
1.13508 3.42548625e-03
1.13901 3.72799018e-03
1.14295 3.77655338e-03
1.14691 4.30406536e-03
1.15088 3.85605683e-03
1.15487 3.56940387e-03
1.15886 3.70430984e-03
1.16287 3.31878018e-03
1.16690 3.58968045e-03
1.17094 3.55470050e-03
1.17499 3.22661417e-03
1.17906 3.43458751e-03
1.18314 3.38954226e-03
1.18724 3.20981650e-03
1.19135 3.82806362e-03
1.19547 3.90246938e-03
1.19961 3.56324386e-03
1.20376 3.23674595e-03
1.20793 3.52790113e-03
1.21211 3.99974320e-03
1.21630 3.18674898e-03
1.22052 3.86388187e-03
1.22474 3.19817145e-03
1.22898 3.39712737e-03
1.23323 3.72416727e-03
1.23750 3.97969643e-03
1.24179 3.67028091e-03
1.24609 3.21491997e-03
1.25040 3.59128044e-03
1.25473 3.42054466e-03
1.25907 3.36080036e-03
1.26343 4.37520178e-03
1.26780 3.30114133e-03
1.27219 4.41386444e-03
1.27659 3.50470063e-03
1.28101 3.09269970e-03
1.28545 3.24818432e-03
1.28990 3.29397393e-03
1.29436 3.10929212e-03
1.29884 3.37737544e-03
1.30334 3.59173716e-03
1.30785 3.23384950e-03
1.31238 3.08612921e-03
1.31692 4.31976746e-03
1.32148 3.53225302e-03
1.32605 4.57172664e-03
1.33064 3.27376817e-03
1.33525 3.07440178e-03
1.33987 3.86039861e-03
1.34451 9.79272158e-03
1.34916 3.40985497e-03
1.35383 2.96999812e-03
1.35852 3.05509068e-03
1.36322 3.91164435e-03
1.36794 4.74581559e-03
1.37268 5.52576805e-03
1.37743 3.10557473e-03
1.38220 3.08856171e-03
1.38698 3.17287523e-03
1.39178 1.00669721e-02
1.39660 3.11418602e-03
1.40144 3.56381910e-03
1.40629 3.27682360e-03
1.41115 3.18324116e-03
1.41604 3.03127737e-03
1.42094 4.21401531e-03
1.42586 3.19428350e-03
1.43080 3.15593014e-03
1.43575 3.21836276e-03
1.44072 2.98810237e-03
1.44571 3.15361182e-03
1.45071 5.31866768e-03
1.45573 3.38654030e-03
1.46077 4.71710405e-03
1.46583 3.97723791e-03
1.47090 3.75486182e-03
1.47599 2.98244100e-03
1.48110 2.83569486e-03
1.48623 2.87426647e-03
1.49137 3.75737814e-03
1.49654 4.21377105e-03
1.50172 3.54991644e-03
1.50692 3.33762877e-03
1.51213 2.85860484e-03
1.51737 5.10285195e-03
1.52262 3.21083257e-03
1.52789 3.56268885e-03
1.53318 2.92815283e-03
1.53849 4.75773959e-03
1.54381 3.23843988e-03
1.54916 2.92547174e-03
1.55452 3.69812381e-03
1.55990 1.00334476e-02
1.56530 3.12838642e-03
1.57072 3.27762287e-03
1.57615 2.80340033e-03
1.58161 4.09966632e-03
1.58709 3.82559354e-03
1.59258 3.45086197e-03
1.59809 5.93727468e-03
1.60362 2.74048642e-03
1.60918 3.48182968e-03
1.61475 3.56768248e-03
1.62034 5.52151299e-03
1.62594 4.80594291e-03
1.63157 2.72080387e-03
1.63722 3.03915732e-03
1.64289 5.52839277e-03
1.64857 4.99082706e-03
1.65428 3.03500054e-03
1.66001 2.84757405e-03
1.66575 3.16532625e-03
1.67152 3.37519588e-03
1.67731 3.04869652e-03
1.68311 3.82648965e-03
1.68894 3.97999417e-03
1.69478 6.85407419e-03
1.70065 3.60442430e-03
1.70654 4.29474585e-03
1.71245 2.77791766e-03
1.71837 3.88681497e-03
1.72432 3.98911277e-03
1.73029 5.14824409e-03
1.73628 3.06731820e-03
1.74229 2.84805969e-03
1.74832 3.61457777e-03
1.75437 3.91012386e-03
1.76045 3.55279121e-03
1.76654 2.88539409e-03
1.77266 4.21400375e-03
1.77879 4.12757860e-03
1.78495 3.12274529e-03
1.79113 5.07034930e-03
1.79733 3.34658406e-03
1.80355 5.04360485e-03
1.80979 2.87060110e-03
1.81606 3.88781803e-03
1.82234 4.91609031e-03
1.82865 2.84447381e-03
1.83498 4.59999013e-03
1.84133 3.73240857e-03
1.84771 3.21463958e-03
1.85410 7.61094322e-03
1.86052 3.04422900e-03
1.86696 2.95164528e-03
1.87342 3.13509566e-03
1.87991 3.99401968e-03
1.88642 6.40623332e-03
1.89295 3.17251823e-03
1.89950 3.02281927e-03
1.90607 3.11658817e-03
1.91267 3.47620589e-03
1.91929 4.08723934e-03
1.92594 4.86965175e-03
1.93260 3.51980581e-03
1.93929 2.84107728e-03
1.94601 3.51246352e-03
1.95274 3.39400400e-03
1.95950 3.33713736e-03
1.96629 4.44288529e-03
1.97309 3.58321981e-03
1.97992 3.81443412e-03
1.98678 4.82987474e-03
1.99365 3.16201210e-03
2.00055 2.96408960e-03
2.00748 3.91404794e-03
2.01443 4.08415934e-03
2.02140 3.28412253e-03
2.02840 6.24951149e-03
2.03542 3.02605971e-03
2.04247 3.32996995e-03
2.04954 3.70792606e-03
2.05663 3.51091557e-03
2.06375 4.34843998e-03
2.07090 3.80319232e-03
2.07806 4.08110535e-03
2.08526 3.84187811e-03
2.09247 3.49315387e-03
2.09972 3.40641219e-03
2.10699 4.05685266e-03
2.11428 3.68270789e-03
2.12160 3.26662822e-03
2.12894 3.13456667e-03
2.13631 4.70003177e-03
2.14371 4.19054888e-03
2.15113 3.52951556e-03
2.15857 3.59145243e-03
2.16605 3.56679215e-03
2.17354 3.55292852e-03
2.18107 3.17556644e-03
2.18862 3.14133950e-03
2.19619 4.92192513e-03
2.20380 3.95533678e-03
2.21143 3.81978041e-03
2.21908 3.61536114e-03
2.22676 3.22862029e-03
2.23447 3.18528052e-03
2.24220 3.38658510e-03
2.24997 3.79675481e-03
2.25775 4.52994205e-03
2.26557 4.10061446e-03
2.27341 3.26333286e-03
2.28128 2.97453936e-03
2.28918 3.02443805e-03
2.29710 3.25953452e-03
2.30505 3.66473517e-03
2.31303 5.09383596e-03
2.32104 3.81246558e-03
2.32908 3.12860756e-03
2.33714 3.09731175e-03
2.34523 3.18004408e-03
2.35335 3.30675501e-03
2.36149 3.40199958e-03
2.36967 4.36321996e-03
2.37787 3.77326814e-03
2.38610 3.11572964e-03
2.39436 3.23366161e-03
2.40265 3.21621499e-03
2.41097 3.16257145e-03
2.41931 3.44234606e-03
2.42769 3.70668597e-03
2.43609 3.72030390e-03
2.44452 3.27240811e-03
2.45298 3.34717375e-03
2.46148 3.30519260e-03
2.47000 3.21524806e-03
2.47855 3.11825608e-03
2.48713 3.19996077e-03
2.49574 3.55041219e-03
2.50438 3.73281037e-03
2.51304 3.48917775e-03
2.52174 3.44993406e-03
2.53047 3.08042014e-03
2.53923 3.07106161e-03
2.54802 3.34899921e-03
2.55684 3.41407245e-03
2.56569 3.40348105e-03
2.57457 3.30522151e-03
2.58349 3.35781719e-03
2.59243 3.27076476e-03
2.60140 3.10614708e-03
2.61041 3.08436157e-03
2.61944 3.27405001e-03
2.62851 3.38185453e-03
2.63761 3.30111387e-03
2.64674 3.20763116e-03
2.65590 3.24380062e-03
2.66510 3.12969445e-03
2.67432 3.25448308e-03
2.68358 3.50397652e-03
2.69287 3.41324861e-03
2.70219 3.12756692e-03
2.71154 3.04822968e-03
2.72093 3.16230550e-03
2.73035 3.21253806e-03
2.73980 3.28687011e-03
2.74928 3.31458871e-03
2.75880 3.20069067e-03
2.76835 3.02669132e-03
2.77793 3.04991638e-03
2.78755 3.18612026e-03
2.79720 3.20935689e-03
2.80688 3.17834437e-03
2.81660 3.16241969e-03
2.82635 3.21002174e-03
2.83613 3.13531101e-03
2.84595 3.05216677e-03
2.85580 3.02271377e-03
2.86569 3.06797727e-03
2.87561 3.16751304e-03
2.88556 3.21364953e-03
2.89555 3.21042643e-03
2.90557 3.11668211e-03
2.91563 3.02796322e-03
2.92572 3.03933943e-03
2.93585 3.16214363e-03
2.94601 3.27972294e-03
2.95621 3.24177427e-03
2.96644 3.12190266e-03
2.97671 3.01033449e-03
2.98702 2.96791684e-03
2.99736 3.01794272e-03
3.00773 3.13109064e-03
3.01814 3.18903983e-03
3.02859 3.10206979e-03
3.03907 2.97501054e-03
3.04960 2.91392642e-03
3.06015 2.93253653e-03
3.07074 3.00223195e-03
3.08137 3.08147524e-03
3.09204 3.10166654e-03
3.10274 3.04401942e-03
3.11348 2.98706751e-03
3.12426 2.97001547e-03
3.13508 2.98247858e-03
3.14593 3.02245361e-03
3.15682 3.07731990e-03
3.16775 3.10084559e-03
3.17871 3.07409970e-03
3.18972 3.02748481e-03
3.20076 2.98394993e-03
3.21184 2.96085639e-03
3.22295 2.96762633e-03
3.23411 2.98967200e-03
3.24531 2.99871834e-03
3.25654 2.98243233e-03
3.26781 2.94999905e-03
3.27912 2.91709314e-03
3.29047 2.89849893e-03
3.30187 2.89893686e-03
3.31330 2.91334684e-03
3.32476 2.92935824e-03
3.33627 2.93217953e-03
3.34782 2.91360989e-03
3.35941 2.88300640e-03
3.37104 2.86142468e-03
3.38271 2.86001259e-03
3.39442 2.87269973e-03
3.40617 2.88451099e-03
3.41796 2.88336195e-03
3.42979 2.86902569e-03
3.44166 2.85398266e-03
3.45358 2.85120907e-03
3.46553 2.86208809e-03
3.47753 2.87762109e-03
3.48957 2.88754764e-03
3.50164 2.88898719e-03
3.51377 2.89250947e-03
3.52593 2.89506048e-03
3.53814 2.90148210e-03
3.55038 2.91082473e-03
3.56267 2.91799937e-03
3.57500 2.91934497e-03
3.58738 2.91579523e-03
3.59980 2.91139275e-03
3.61226 2.90991273e-03
3.62476 2.91188705e-03
3.63731 2.91430943e-03
3.64990 2.91388450e-03
3.66254 2.91040125e-03
3.67521 2.90654221e-03
3.68794 2.90543364e-03
3.70070 2.90880994e-03
3.71351 2.91615223e-03
3.72637 2.92489939e-03
3.73927 2.93234141e-03
3.75221 2.93787848e-03
3.76520 2.94343290e-03
3.77823 2.95182739e-03
3.79131 2.96453187e-03
3.80443 2.98044355e-03
3.81760 2.99668620e-03
3.83082 3.01085047e-03
3.84408 3.02272388e-03
3.85739 3.03399315e-03
3.87074 3.04634207e-03
3.88414 3.05976489e-03
3.89758 3.07243757e-03
3.91107 3.08207361e-03
3.92461 3.08762513e-03
3.93820 3.08997091e-03
3.95183 3.09109249e-03
3.96551 3.09256817e-03
3.97924 3.09467836e-03
3.99301 3.09664401e-03
4.00683 3.13056020e-03
4.02070 3.19817723e-03
4.03462 3.26694186e-03
4.04859 3.33805081e-03
4.06260 3.41219641e-03
4.07667 3.48920522e-03
4.09078 3.56836179e-03
4.10494 3.64912557e-03
4.11915 3.73163820e-03
4.13341 3.81658044e-03
4.14771 3.90459257e-03
4.16207 3.99581767e-03
4.17648 4.08996813e-03
4.19094 4.18677511e-03
4.20545 4.28635858e-03
4.22000 4.38918538e-03
4.23461 4.49572523e-03
4.24927 4.60621374e-03
4.26398 4.72068847e-03
4.27874 4.83920725e-03
4.29355 4.96195652e-03
4.30841 5.08911984e-03
4.32332 5.22066541e-03
4.33829 5.35625791e-03
4.35331 5.49536835e-03
4.36838 5.63747642e-03
4.38350 5.78217885e-03
4.39867 5.92914324e-03
4.41390 6.07801257e-03
4.42918 6.22839806e-03
4.44451 6.37996583e-03
4.45990 6.53256268e-03
4.47533 6.68624931e-03
4.49083 6.84123095e-03
4.50637 7.09665315e-03
4.52197 7.51012544e-03
4.53762 7.94567519e-03
4.55333 8.40465669e-03
4.56909 8.88861933e-03
4.58491 9.39931775e-03
4.60078 9.93865400e-03
4.61670 1.05086588e-02
4.63269 1.11114914e-02
4.64872 1.17494919e-02
4.66481 1.24252156e-02
4.68096 1.31414520e-02
4.69717 1.39012218e-02
4.71343 1.47077698e-02
4.72974 1.55645490e-02
4.74611 1.64752246e-02
4.76254 1.74436413e-02
4.77903 1.84738893e-02
4.79557 1.95702325e-02
4.81217 2.07371657e-02
4.82883 2.19793430e-02
4.84555 2.33015050e-02
4.86232 2.47085226e-02
4.87915 2.62052086e-02
4.89604 2.77964483e-02
4.91299 2.94870547e-02
4.92999 3.12817540e-02
4.94706 3.31851858e-02
4.96418 3.52018883e-02
4.98137 3.73363565e-02
4.99861 3.95931289e-02
5.01591 4.03784363e-02
5.03328 4.10302383e-02
5.05070 4.16817367e-02
5.06818 4.23320356e-02
5.08573 4.29806434e-02
5.10333 4.36274734e-02
5.12100 4.42728292e-02
5.13873 4.49172889e-02
5.15651 4.55616907e-02
5.17436 4.62070321e-02
5.19228 4.68544258e-02
5.21025 4.75050859e-02
5.22828 4.81602266e-02
5.24638 4.88211053e-02
5.26454 4.94889360e-02
5.28277 5.01649473e-02
5.30105 5.08503244e-02
5.31940 5.15462235e-02
5.33782 5.22537719e-02
5.35629 5.29740683e-02
5.37484 5.37081820e-02
5.39344 5.44571971e-02
5.41211 5.52221397e-02
5.43084 5.60040217e-02
5.44965 5.68038258e-02
5.46851 5.76224771e-02
5.48744 5.84608716e-02
5.50643 5.89344495e-02
5.52550 5.86688406e-02
5.54462 5.84143463e-02
5.56381 5.81706342e-02
5.58308 5.79371550e-02
5.60240 5.77132006e-02
5.62179 5.74978171e-02
5.64125 5.72899059e-02
5.66078 5.70881951e-02
5.68038 5.68912974e-02
5.70004 5.66977239e-02
5.71977 5.65060004e-02
5.73957 5.63146238e-02
5.75944 5.61221777e-02
5.77938 5.59273757e-02
5.79938 5.57290326e-02
5.81946 5.55261656e-02
5.83960 5.53179942e-02
5.85982 5.51039115e-02
5.88010 5.48835126e-02
5.90045 5.46566097e-02
5.92088 5.44231595e-02
5.94137 5.41833064e-02
5.96194 5.39373251e-02
5.98258 5.36856348e-02
6.00329 5.34768853e-02
6.02407 5.35182074e-02
6.04492 5.35539938e-02
6.06585 5.35850396e-02
6.08684 5.36121829e-02
6.10791 5.36363489e-02
6.12906 5.36584191e-02
6.15027 5.36793476e-02
6.17156 5.37000303e-02
6.19293 5.37213923e-02
6.21436 5.37443009e-02
6.23588 5.37695797e-02
6.25746 5.37980094e-02
6.27912 5.38303126e-02
6.30086 5.38670964e-02
6.32267 5.39089388e-02
6.34455 5.39563168e-02
6.36652 5.40095629e-02
6.38856 5.40689516e-02
6.41067 5.41346420e-02
6.43286 5.42066919e-02
6.45513 5.42850290e-02
6.47747 5.43694798e-02
6.49990 5.44597842e-02
6.52240 5.47903898e-02
6.54497 5.51294505e-02
6.56763 5.54753043e-02
6.59037 5.58272430e-02
6.61318 5.61845294e-02
6.63607 5.65463686e-02
6.65904 5.69119801e-02
6.68209 5.72805112e-02
6.70522 5.76512103e-02
6.72843 5.80232825e-02
6.75172 5.83960484e-02
6.77510 5.87688577e-02
6.79855 5.91411322e-02
6.82208 5.95124094e-02
6.84570 5.98822846e-02
6.86939 6.02504544e-02
6.89317 6.06167163e-02
6.91704 6.09809692e-02
6.94098 6.13431553e-02
6.96500 6.17033613e-02
6.98911 6.20616883e-02
7.01331 6.27575007e-02
7.03759 6.37391133e-02
7.06195 6.47323463e-02
7.08639 6.57383273e-02
7.11092 6.67582701e-02
7.13554 6.77933889e-02
7.16024 6.88448978e-02
7.18502 6.99140109e-02
7.20990 7.10018699e-02
7.23485 7.21096023e-02
7.25990 7.32382053e-02
7.28503 7.43886328e-02
7.31025 7.55617231e-02
7.33555 7.67582423e-02
7.36094 7.79788119e-02
7.38642 7.92239955e-02
7.41199 8.04942700e-02
7.43765 8.17899680e-02
7.46340 8.31114074e-02
7.48923 8.44588049e-02
7.51516 9.07093802e-02
7.54117 1.01313632e-01
7.56727 1.13124433e-01
7.59347 1.26266474e-01
7.61975 1.40874747e-01
7.64613 1.57094870e-01
7.67260 1.75083344e-01
7.69916 1.95007264e-01
7.72581 2.17043539e-01
7.75255 2.41378327e-01
7.77939 2.68204581e-01
7.80632 2.97720455e-01
7.83334 3.30124973e-01
7.86046 3.65614555e-01
7.88767 4.04376372e-01
7.91497 4.46582996e-01
7.94237 4.92383007e-01
7.96986 5.41892612e-01
7.99745 5.95183786e-01
8.02513 6.41412628e-01
8.05291 6.89112675e-01
8.08079 7.39286410e-01
8.10876 7.91847980e-01
8.13683 8.46664415e-01
8.16500 9.03548110e-01
8.19326 9.62251479e-01
8.22162 1.00498117e+00
8.25008 1.04288605e+00
8.27864 1.08123074e+00
8.30730 1.11989948e+00
8.33605 1.15876420e+00
8.36491 1.19768457e+00
8.39386 1.23650941e+00
8.42292 1.26855346e+00
8.45208 1.29862824e+00
8.48133 1.32842697e+00
8.51069 1.35787405e+00
8.54016 1.38689200e+00
8.56972 1.41540250e+00
8.59938 1.44332577e+00
8.62915 1.46634559e+00
8.65902 1.48881330e+00
8.68899 1.51078236e+00
8.71907 1.53221087e+00
8.74925 1.55305692e+00
8.77954 1.57328291e+00
8.80993 1.59267495e+00
8.84043 1.61110439e+00
8.87103 1.62894848e+00
8.90174 1.64618553e+00
8.93255 1.66278807e+00
8.96347 1.67873877e+00
8.99450 1.69401739e+00
9.02563 1.71043493e+00
9.05688 1.72656340e+00
9.08823 1.74199089e+00
9.11969 1.75670005e+00
9.15126 1.77067353e+00
9.18294 1.78389544e+00
9.21472 1.79625882e+00
9.24662 1.80786629e+00
9.27863 1.81885083e+00
9.31075 1.82918930e+00
9.34298 1.83886291e+00
9.37532 1.84785144e+00
9.40777 1.85613320e+00
9.44034 1.86376022e+00
9.47302 1.87076431e+00
9.50581 1.87712667e+00
9.53871 1.88282706e+00
9.57173 1.88785249e+00
9.60487 1.89215235e+00
9.63811 1.89568186e+00
9.67148 1.89870838e+00
9.70495 1.90122182e+00
9.73855 1.90320915e+00
9.77226 1.90466027e+00
9.80609 1.90561997e+00
9.84003 1.90640334e+00
9.87409 1.90684127e+00
9.90827 1.90692221e+00
9.94257 1.90663604e+00
9.97699 1.90596974e+00
10.01153 1.90515891e+00
10.04618 1.90452730e+00
10.08096 1.90361818e+00
10.11585 1.90242289e+00
10.15087 1.90093420e+00
10.18601 1.89914487e+00
10.22127 1.89747696e+00
10.25665 1.89580760e+00
10.29215 1.89386218e+00
10.32778 1.89163348e+00
10.36353 1.88911860e+00
10.39941 1.88631176e+00
10.43540 1.88393563e+00
10.47153 1.88129501e+00
10.50777 1.87837977e+00
10.54415 1.87518847e+00
10.58065 1.87172112e+00
10.61727 1.86803263e+00
10.65403 1.86407675e+00
10.69091 1.85977833e+00
10.72791 1.85514026e+00
10.76505 1.85016831e+00
10.80231 1.84488273e+00
10.83971 1.83947284e+00
10.87723 1.83361057e+00
10.91488 1.82731036e+00
10.95266 1.82058956e+00
10.99058 1.81346262e+00
11.02862 1.80573732e+00
11.06680 1.79745411e+00
11.10511 1.78868383e+00
11.14355 1.77944381e+00
11.18212 1.76974996e+00
11.22083 1.75901114e+00
11.25967 1.74709147e+00
11.29865 1.73442746e+00
11.33776 1.72100465e+00
11.37701 1.70680136e+00
11.41639 1.68980135e+00
11.45591 1.66855929e+00
11.49556 1.64554524e+00
11.53536 1.62068840e+00
11.57529 1.59394251e+00
11.61536 1.56361508e+00
11.65556 1.52808589e+00
11.69591 1.49006062e+00
11.73640 1.44998875e+00
11.77702 1.40841851e+00
11.81779 1.36731626e+00
11.85870 1.32795536e+00
11.89975 1.28907242e+00
11.94094 1.25078496e+00
11.98227 1.21292836e+00
12.02375 1.19388060e+00
12.06537 1.18816532e+00
12.10714 1.18133959e+00
12.14905 1.17316970e+00
12.19110 1.16351848e+00
12.23330 1.15234692e+00
12.27565 1.13970459e+00
12.31814 1.12571521e+00
12.36078 1.11055757e+00
12.40357 1.09444528e+00
12.44651 1.07760888e+00
12.48959 1.06027861e+00
12.53283 1.05589896e+00
12.57621 1.05569835e+00
12.61974 1.05554139e+00
12.66343 1.05546796e+00
12.70726 1.05551118e+00
12.75125 1.05569748e+00
12.79539 1.05604769e+00
12.83968 1.05657697e+00
12.88413 1.05729573e+00
12.92873 1.05820947e+00
12.97348 1.05932021e+00
13.01839 1.05939248e+00
13.06345 1.05781461e+00
13.10867 1.05634398e+00
13.15405 1.05497959e+00
13.19959 1.05371969e+00
13.24528 1.05256125e+00
13.29113 1.05150081e+00
13.33713 1.05053374e+00
13.38330 1.04965527e+00
13.42963 1.04885976e+00
13.47612 1.04814114e+00
13.52277 1.04698487e+00
13.56958 1.04536754e+00
13.61655 1.04381771e+00
13.66368 1.04232656e+00
13.71098 1.04088484e+00
13.75844 1.03948402e+00
13.80607 1.03811573e+00
13.85386 1.03677171e+00
13.90182 1.03544460e+00
13.94994 1.03412733e+00
13.99823 1.03281352e+00
14.04668 1.02994930e+00
14.09531 1.02701918e+00
14.14410 1.02407648e+00
14.19306 1.02111658e+00
14.24219 1.01813558e+00
14.29149 1.01513001e+00
14.34096 1.01209712e+00
14.39060 1.00903519e+00
14.44042 1.00594261e+00
14.49041 1.00281837e+00
14.54057 1.00196548e+00
14.59090 1.00162756e+00
14.64141 1.00126363e+00
14.69209 1.00087888e+00
14.74295 1.00047925e+00
14.79398 1.00007051e+00
14.84519 9.99659163e-01
14.89658 9.99251146e-01
14.94814 9.98852667e-01
14.99989 9.98469654e-01
15.05181 1.00744344e+00
15.10392 1.01661567e+00
15.15620 1.02597868e+00
15.20866 1.03554245e+00
15.26131 1.04531594e+00
15.31414 1.05530652e+00
15.36715 1.06552026e+00
15.42034 1.07596178e+00
15.47372 1.08663484e+00
15.52729 1.10171054e+00
15.58103 1.12114391e+00
15.63497 1.14094368e+00
15.68909 1.16110550e+00
15.74340 1.18162359e+00
15.79790 1.20249103e+00
15.85258 1.22369956e+00
15.90746 1.24523980e+00
15.96252 1.26710148e+00
16.01778 1.28949677e+00
16.07323 1.31259927e+00
16.12886 1.33589342e+00
16.18470 1.35936881e+00
16.24072 1.38301475e+00
16.29694 1.40682055e+00
16.35335 1.43077478e+00
16.40996 1.45486675e+00
16.46677 1.47908331e+00
16.52377 1.50233583e+00
16.58097 1.52413869e+00
16.63836 1.54598057e+00
16.69596 1.56785279e+00
16.75375 1.58974670e+00
16.81175 1.61165507e+00
16.86994 1.63356777e+00
16.92834 1.65547613e+00
16.98694 1.67737437e+00
17.04574 1.69565495e+00
17.10474 1.71287031e+00
17.16395 1.73004232e+00
17.22337 1.74716374e+00
17.28299 1.76422590e+00
17.34281 1.78122013e+00
17.40285 1.79813775e+00
17.46309 1.81496866e+00
17.52354 1.83035134e+00
17.58420 1.84351544e+00
17.64507 1.85658703e+00
17.70615 1.86955890e+00
17.76744 1.88242381e+00
17.82894 1.89517310e+00
17.89066 1.90779664e+00
17.95259 1.92029010e+00
18.01473 1.93174148e+00
18.07709 1.94018078e+00
18.13967 1.94852758e+00
18.20246 1.95677754e+00
18.26547 1.96492778e+00
18.32870 1.97297250e+00
18.39214 1.98091172e+00
18.45581 1.98873964e+00
18.51969 1.99554138e+00
18.58380 2.00022282e+00
18.64813 2.00485366e+00
18.71268 2.00943537e+00
18.77746 2.01396794e+00
18.84246 2.01845136e+00
18.90768 2.02288275e+00
18.97313 2.02726645e+00
19.03881 2.03028719e+00
19.10472 2.03238293e+00
19.17085 2.03447577e+00
19.23721 2.03656428e+00
19.30380 2.03865278e+00
19.37062 2.04073985e+00
19.43768 2.04282691e+00
19.50496 2.04479401e+00
19.57248 2.04522905e+00
19.64023 2.04568433e+00
19.70822 2.04616129e+00
19.77644 2.04665993e+00
19.84490 2.04718314e+00
19.91359 2.04772948e+00
19.98252 2.04830327e+00
20.05169 2.04777139e+00
20.12110 2.04687673e+00
20.19076 2.04600086e+00
20.26065 2.04514378e+00
20.33078 2.04430693e+00
20.40116 2.04349031e+00
20.47178 2.04269394e+00
20.54264 2.04191924e+00
20.61375 2.04116477e+00
20.68511 2.04043054e+00
20.75671 2.03971944e+00
20.82856 2.03902857e+00
20.90066 2.03836083e+00
20.97301 2.03771332e+00
21.04561 2.03654404e+00
21.11846 2.03504957e+00
21.19157 2.03354353e+00
21.26492 2.03202449e+00
21.33853 2.03049388e+00
21.41240 2.02894882e+00
21.48652 2.02738930e+00
21.56090 2.02581389e+00
21.63553 2.02422258e+00
21.71043 2.02261103e+00
21.78558 2.02098214e+00
21.86099 2.01933301e+00
21.93666 2.01766221e+00
22.01260 2.01596972e+00
22.08880 2.01424833e+00
22.16526 2.01249225e+00
22.24199 2.01069715e+00
22.31898 2.00886302e+00
22.39624 2.00698698e+00
22.47377 2.00507046e+00
22.55156 2.00310915e+00
22.62962 2.00110302e+00
22.70796 1.99905065e+00
22.78656 1.99695058e+00
22.86544 1.99480137e+00
22.94459 1.99260157e+00
23.02402 1.99043357e+00
23.10372 1.98840866e+00
23.18369 1.98632738e+00
23.26394 1.98418829e+00
23.34447 1.98199138e+00
23.42528 1.97973522e+00
23.50637 1.97741835e+00
23.58774 1.97504077e+00
23.66939 1.97259816e+00
23.75133 1.97009195e+00
23.83354 1.96752070e+00
23.91604 1.96488153e+00
23.99883 1.96217586e+00
24.08191 1.95955981e+00
24.16527 1.95687871e+00
24.24892 1.95412969e+00
24.33286 1.95131274e+00
24.41709 1.94842641e+00
24.50161 1.94546781e+00
24.58642 1.94243839e+00
24.67153 1.93933815e+00
24.75693 1.93616275e+00
24.84263 1.93291509e+00
24.92863 1.92959227e+00
25.01492 1.92612347e+00
25.10151 1.92223552e+00
25.18840 1.91826374e+00
25.27559 1.91421103e+00
25.36309 1.91007304e+00
25.45088 1.90585267e+00
25.53898 1.90154846e+00
25.62739 1.89715899e+00
25.71610 1.89268568e+00
25.80512 1.88812710e+00
25.89444 1.88348469e+00
25.98408 1.87875845e+00
26.07403 1.87418397e+00
26.16428 1.86957914e+00
26.25485 1.86489337e+00
26.34574 1.86012666e+00
26.43694 1.85528045e+00
26.52845 1.85035187e+00
26.62028 1.84534234e+00
26.71243 1.84025332e+00
26.80489 1.83508481e+00
26.89768 1.82983536e+00
26.99079 1.82450786e+00
27.08422 1.81865282e+00
27.17798 1.81266480e+00
27.27205 1.80659585e+00
27.36646 1.80044451e+00
27.46119 1.79421223e+00
27.55625 1.78790046e+00
27.65164 1.78151064e+00
27.74736 1.77504133e+00
27.84341 1.76849397e+00
27.93979 1.76187145e+00
28.03650 1.75514631e+00
28.13355 1.74829977e+00
28.23094 1.74138096e+00
28.32867 1.73439133e+00
28.42673 1.72733232e+00
28.52513 1.72020394e+00
28.62387 1.71301051e+00
28.72295 1.70575060e+00
28.82238 1.69842565e+00
28.92215 1.69103855e+00
29.02227 1.68345634e+00
29.12273 1.67533790e+00
29.22354 1.66716020e+00
29.32470 1.65892180e+00
29.42621 1.65062559e+00
29.52807 1.64227445e+00
29.63029 1.63386695e+00
29.73286 1.62540886e+00
29.83578 1.61689874e+00
29.93906 1.60834092e+00
30.04269 1.59944055e+00
30.14669 1.59007335e+00
30.25104 1.58066278e+00
30.35576 1.57121175e+00
30.46084 1.56172025e+00
30.56628 1.55219261e+00
30.67209 1.54263173e+00
30.77826 1.53303616e+00
30.88481 1.52341169e+00
30.99172 1.51375975e+00
31.09900 1.50408180e+00
31.20665 1.49438072e+00
31.31467 1.48465652e+00
31.42307 1.47491353e+00
31.53184 1.46515463e+00
31.64099 1.45537985e+00
31.75052 1.44559060e+00
31.86043 1.43579153e+00
31.97072 1.42598307e+00
32.08139 1.41523094e+00
32.19244 1.40414379e+00
32.30388 1.39306285e+00
32.41570 1.38199044e+00
32.52791 1.37092931e+00
32.64051 1.35988147e+00
32.75349 1.34884924e+00
32.86687 1.33783508e+00
32.98064 1.32684100e+00
33.09481 1.31586919e+00
33.20937 1.30492166e+00
33.32433 1.29400043e+00
33.43968 1.28310753e+00
33.55544 1.27224484e+00
33.67159 1.26141423e+00
33.78815 1.25061745e+00
33.90511 1.23985622e+00
34.02247 1.22896520e+00
34.14024 1.21741684e+00
34.25842 1.20592716e+00
34.37701 1.19449747e+00
34.49601 1.18312949e+00
34.61542 1.17182467e+00
34.73525 1.16058460e+00
34.85549 1.14941044e+00
34.97614 1.13830334e+00
35.09721 1.12726490e+00
35.21871 1.11629583e+00
35.34062 1.10539744e+00
35.46295 1.09457059e+00
35.58571 1.08381615e+00
35.70889 1.07313528e+00
35.83250 1.06252856e+00
35.95654 1.05199671e+00
36.08101 1.04156935e+00
36.20590 1.03123392e+00
36.33123 1.02097552e+00
36.45700 1.01079473e+00
36.58320 1.00069185e+00
36.70983 9.90667311e-01
36.83691 9.80721394e-01
36.96442 9.70854682e-01
37.09238 9.61067173e-01
37.22077 9.51359158e-01
37.34962 9.41730781e-01
37.47890 9.32182331e-01
37.60864 9.22713663e-01
37.73883 9.13325212e-01
37.86946 9.04016687e-01
38.00055 8.94788089e-01
38.13209 8.85621496e-01
38.26409 8.76540467e-01
38.39654 8.67544567e-01
38.52946 8.58633654e-01
38.66283 8.49807437e-01
38.79667 8.41065483e-01
38.93096 8.32407358e-01
39.06573 8.23832629e-01
39.20096 8.15341151e-01
39.33665 8.06932202e-01
39.47282 7.98605492e-01
39.60946 7.90360588e-01
39.74657 7.82196911e-01
39.88416 7.74114029e-01
40.02222 7.66212970e-01
40.16076 7.58917361e-01
40.29978 7.51691995e-01
40.43928 7.44536439e-01
40.57926 7.37450259e-01
40.71973 7.30432732e-01
40.86069 7.23483425e-01
41.00213 7.16601759e-01
41.14406 7.09787157e-01
41.28648 7.03039185e-01
41.42940 6.96356975e-01
41.57281 6.89740383e-01
41.71672 6.83188543e-01
41.86113 6.76701020e-01
42.00603 6.70277236e-01
42.15144 6.63916613e-01
42.29735 6.57618717e-01
42.44377 6.51382682e-01
42.59069 6.45208218e-01
42.73812 6.39094747e-01
42.88606 6.33041547e-01
43.03451 6.27048327e-01
43.18348 6.21114222e-01
43.33297 6.15238942e-01
43.48297 6.09421765e-01
43.63349 6.03662111e-01
43.78453 5.97959693e-01
43.93609 5.92313643e-01
44.08818 5.86723817e-01
44.24079 5.81189202e-01
44.39394 5.75709654e-01
44.54761 5.70284451e-01
44.70182 5.64913014e-01
44.85655 5.59595054e-01
45.01183 5.54352397e-01
45.16764 5.49432482e-01
45.32399 5.44559685e-01
45.48089 5.39733284e-01
45.63832 5.34952988e-01
45.79630 5.30218221e-01
45.95483 5.25528692e-01
46.11391 5.20883680e-01
46.27353 5.16283184e-01
46.43371 5.11726337e-01
46.59445 5.07212995e-01
46.75574 5.02742434e-01
46.91759 4.98314511e-01
47.08000 4.93928791e-01
47.24297 4.89584553e-01
47.40650 4.85281796e-01
47.57060 4.81019797e-01
47.73527 4.76798267e-01
47.90051 4.72616773e-01
48.06633 4.68474882e-01
48.23271 4.64372303e-01
48.39967 4.60308604e-01
48.56721 4.56283350e-01
48.73533 4.52296109e-01
48.90403 4.48346736e-01
49.07332 4.44434508e-01
49.24319 4.40559425e-01
49.41365 4.36720764e-01
49.58470 4.32918381e-01
49.75634 4.29151987e-01
49.92858 4.25420859e-01
50.10141 4.21700282e-01
50.27484 4.17997193e-01
50.44887 4.14329082e-01
50.62350 4.10695514e-01
50.79874 4.07096055e-01
50.97458 4.03530418e-01
51.15104 3.99998457e-01
51.32810 3.96499594e-01
51.50578 3.93033685e-01
51.68407 3.89600295e-01
51.86298 3.86198993e-01
52.04250 3.82829776e-01
52.22265 3.79492068e-01
52.40343 3.76185579e-01
52.58482 3.72910020e-01
52.76685 3.69665246e-01
52.94951 3.66450825e-01
53.13280 3.63266322e-01
53.31672 3.60111738e-01
53.50128 3.56986493e-01
53.68648 3.53890445e-01
53.87232 3.50823303e-01
54.05880 3.47784634e-01
54.24593 3.44774438e-01
54.43371 3.41792138e-01
54.62214 3.38837732e-01
54.81122 3.35910643e-01
55.00095 3.33011738e-01
55.19134 3.30319226e-01
55.38239 3.27650707e-01
55.57410 3.25005892e-01
55.76647 3.22384635e-01
55.95951 3.19786649e-01
56.15322 3.17211643e-01
56.34760 3.14659618e-01
56.54265 3.12130140e-01
56.73838 3.09623209e-01
56.93479 3.07138392e-01
57.13187 3.04675399e-01
57.32964 3.02234376e-01
57.52809 2.99814743e-01
57.72723 2.97416502e-01
57.92705 2.95039362e-01
58.12757 2.92683035e-01
58.32879 2.90347521e-01
58.53070 2.88032531e-01
58.73331 2.85737919e-01
58.93662 2.83463398e-01
59.14063 2.81208678e-01
59.34535 2.78973759e-01
59.55078 2.76758353e-01
59.75692 2.74562313e-01
59.96377 2.72385497e-01
60.17134 2.69987255e-01
60.37963 2.67561263e-01
60.58864 2.65158541e-01
60.79837 2.62778944e-01
61.00883 2.60422183e-01
61.22002 2.58087970e-01
61.43194 2.55776159e-01
61.64459 2.53486462e-01
61.85797 2.51218734e-01
62.07210 2.48972686e-01
62.28697 2.46748174e-01
62.50258 2.44544763e-01
62.71894 2.42362454e-01
62.93605 2.40200958e-01
63.15390 2.38060131e-01
63.37252 2.35939682e-01
63.59189 2.33839468e-01
63.81201 2.31759200e-01
64.03290 2.29698588e-01
64.25456 2.27657633e-01
64.47698 2.25636190e-01
64.70017 2.23633825e-01
64.92414 2.21650394e-01
65.14888 2.19935217e-01
65.37440 2.18361105e-01
65.60070 2.16799566e-01
65.82778 2.15250603e-01
66.05565 2.13714069e-01
66.28430 2.12189820e-01
66.51375 2.10677713e-01
66.74400 2.09177746e-01
66.97504 2.07689630e-01
67.20688 2.06213511e-01
67.43952 2.04748955e-01
67.67297 2.03296106e-01
67.90722 2.01854964e-01
68.14229 2.00425096e-01
68.37817 1.99006501e-01
68.61486 1.97599180e-01
68.85238 1.96202988e-01
69.09072 1.94817925e-01
69.32988 1.93443702e-01
69.56987 1.92080175e-01
69.81069 1.90727487e-01
70.05235 1.89349073e-01
70.29484 1.87850262e-01
70.53817 1.86364171e-01
70.78235 1.84890942e-01
71.02737 1.83430144e-01
71.27323 1.81981775e-01
71.51995 1.80545837e-01
71.76752 1.79121894e-01
72.01595 1.77710237e-01
72.26524 1.76310432e-01
72.51539 1.74922623e-01
72.76641 1.73546521e-01
73.01830 1.72181982e-01
73.27106 1.70829150e-01
73.52469 1.69487591e-01
73.77920 1.68157451e-01
74.03460 1.66838585e-01
74.29087 1.65530702e-01
74.54804 1.64233949e-01
74.80609 1.62948036e-01
75.06504 1.61589857e-01
75.32488 1.59997533e-01
75.58563 1.58421541e-01
75.84727 1.56861882e-01
76.10982 1.55318122e-01
76.37328 1.53790404e-01
76.63766 1.52278152e-01
76.90295 1.50781509e-01
77.16915 1.49300332e-01
77.43628 1.47834186e-01
77.70433 1.46383071e-01
77.97331 1.44946988e-01
78.24322 1.43525445e-01
78.51407 1.42118499e-01
78.78585 1.40725935e-01
79.05857 1.39347607e-01
79.33224 1.37983372e-01
79.60686 1.36633055e-01
79.88242 1.35296526e-01
80.15894 1.34106959e-01
80.43642 1.33026543e-01
80.71486 1.31955493e-01
80.99426 1.30893723e-01
81.27463 1.29841159e-01
81.55596 1.28797700e-01
81.83828 1.27763261e-01
82.12157 1.26737753e-01
82.40584 1.25721106e-01
82.69109 1.24713232e-01
82.97733 1.23714029e-01
83.26457 1.22723441e-01
83.55279 1.21741366e-01
83.84202 1.20767732e-01
84.13225 1.19802466e-01
84.42348 1.18845467e-01
84.71572 1.17896678e-01
85.00897 1.16956026e-01
85.30323 1.16023411e-01
85.59852 1.15098773e-01
85.89482 1.14182042e-01
86.19215 1.13273129e-01
86.49052 1.12371978e-01
86.78991 1.11478502e-01
87.09034 1.10592628e-01
87.39181 1.09714299e-01
87.69432 1.08843443e-01
87.99789 1.07979972e-01
88.30250 1.07123843e-01
88.60816 1.06274955e-01
88.91489 1.05433280e-01
89.22267 1.04598716e-01
89.53153 1.03771219e-01
89.84145 1.02950718e-01
90.15244 1.02137139e-01
90.46451 1.01330441e-01
90.77766 1.00530536e-01
91.09190 9.97373658e-02
91.40722 9.89508876e-02
91.72363 9.81710147e-02
92.04114 9.73977035e-02
92.35975 9.66308819e-02
92.67946 9.58704921e-02
93.00028 9.51164906e-02
93.32221 9.43688052e-02
93.64525 9.36273781e-02
93.96941 9.28921515e-02
94.29469 9.21630675e-02
94.62110 9.14400829e-02
94.94864 9.07231397e-02
95.27731 9.00121658e-02
95.60712 8.93071178e-02
95.93807 8.86079378e-02
96.27017 8.79145825e-02
96.60342 8.72269940e-02
96.93782 8.65451147e-02
97.27338 8.58689010e-02
97.61010 8.51982953e-02
97.94798 8.45332540e-02
98.28704 8.38737195e-02
98.62727 8.32196339e-02
98.96867 8.25709683e-02
99.31126 8.19276794e-02
99.65504 8.12896803e-02
100.00000 8.06569567e-02
