        2000  2.000000 2.820000
0.10000 1.20636366e+00
0.10035 1.20566957e+00
0.10069 1.20481605e+00
0.10104 1.20417986e+00
0.10139 1.20330453e+00
0.10174 1.20269240e+00
0.10210 1.20188174e+00
0.10245 1.20107861e+00
0.10280 1.20037624e+00
0.10316 1.19939488e+00
0.10352 1.19870454e+00
0.10387 1.19757203e+00
0.10423 1.19686816e+00
0.10459 1.19579430e+00
0.10496 1.19486934e+00
0.10532 1.19403989e+00
0.10568 1.19292768e+00
0.10605 1.19218922e+00
0.10642 1.19116123e+00
0.10679 1.19026560e+00
0.10716 1.18938501e+00
0.10753 1.18845403e+00
0.10790 1.18754562e+00
0.10827 1.18669134e+00
0.10865 1.18575435e+00
0.10902 1.18487902e+00
0.10940 1.18409544e+00
0.10978 1.18308325e+00
0.11016 1.18245006e+00
0.11054 1.18146494e+00
0.11092 1.18074754e+00
0.11131 1.17988048e+00
0.11169 1.17910667e+00
0.11208 1.17828248e+00
0.11247 1.17731315e+00
0.11286 1.17653784e+00
0.11325 1.17557829e+00
0.11364 1.17460595e+00
0.11403 1.17366144e+00
0.11443 1.17267858e+00
0.11482 1.17173030e+00
0.11522 1.17071661e+00
0.11562 1.16975405e+00
0.11602 1.16885917e+00
0.11642 1.16786277e+00
0.11682 1.16688066e+00
0.11723 1.16613467e+00
0.11763 1.16501570e+00
0.11804 1.16415315e+00
0.11845 1.16334325e+00
0.11886 1.16225886e+00
0.11927 1.16140459e+00
0.11968 1.16060296e+00
0.12010 1.15949526e+00
0.12051 1.15868235e+00
0.12093 1.15782056e+00
0.12135 1.15687755e+00
0.12177 1.15591424e+00
0.12219 1.15504493e+00
0.12262 1.15403650e+00
0.12304 1.15317922e+00
0.12347 1.15202866e+00
0.12389 1.15097210e+00
0.12432 1.15013136e+00
0.12475 1.14881085e+00
0.12518 1.14774000e+00
0.12562 1.14677970e+00
0.12605 1.14562086e+00
0.12649 1.14441842e+00
0.12693 1.14348443e+00
0.12737 1.14236771e+00
0.12781 1.14133221e+00
0.12825 1.14031024e+00
0.12869 1.13918750e+00
0.12914 1.13834827e+00
0.12959 1.13720598e+00
0.13003 1.13620282e+00
0.13048 1.13531546e+00
0.13094 1.13425213e+00
0.13139 1.13325648e+00
0.13184 1.13230520e+00
0.13230 1.13140806e+00
0.13276 1.13034549e+00
0.13322 1.12944760e+00
0.13368 1.12838728e+00
0.13414 1.12738261e+00
0.13461 1.12654488e+00
0.13507 1.12531461e+00
0.13554 1.12419638e+00
0.13601 1.12326616e+00
0.13648 1.12212462e+00
0.13695 1.12089210e+00
0.13743 1.11990096e+00
0.13790 1.11876544e+00
0.13838 1.11749606e+00
0.13886 1.11655757e+00
0.13934 1.11553184e+00
0.13982 1.11427299e+00
0.14031 1.11324576e+00
0.14079 1.11234938e+00
0.14128 1.11116272e+00
0.14177 1.11016933e+00
0.14226 1.10924362e+00
0.14275 1.10807350e+00
0.14324 1.10717938e+00
0.14374 1.10620027e+00
0.14424 1.10510611e+00
0.14474 1.10422928e+00
0.14524 1.10318024e+00
0.14574 1.10216278e+00
0.14625 1.10123331e+00
0.14675 1.10010832e+00
0.14726 1.09907958e+00
0.14777 1.09809822e+00
0.14828 1.09690706e+00
0.14879 1.09573544e+00
0.14931 1.09459090e+00
0.14983 1.09350651e+00
0.15034 1.09235670e+00
0.15087 1.09097227e+00
0.15139 1.08989090e+00
0.15191 1.08879523e+00
0.15244 1.08741155e+00
0.15297 1.08642117e+00
0.15349 1.08519616e+00
0.15403 1.08388166e+00
0.15456 1.08292286e+00
0.15509 1.08166477e+00
0.15563 1.08049240e+00
0.15617 1.07947570e+00
0.15671 1.07820406e+00
0.15725 1.07717382e+00
0.15780 1.07608042e+00
0.15834 1.07484112e+00
0.15889 1.07384547e+00
0.15944 1.07274830e+00
0.15999 1.07154510e+00
0.16055 1.07040357e+00
0.16110 1.06923346e+00
0.16166 1.06807538e+00
0.16222 1.06694286e+00
0.16278 1.06568778e+00
0.16335 1.06430786e+00
0.16391 1.06316406e+00
0.16448 1.06195560e+00
0.16505 1.06063283e+00
0.16562 1.05944618e+00
0.16619 1.05809182e+00
0.16677 1.05677432e+00
0.16734 1.05568994e+00
0.16792 1.05439875e+00
0.16851 1.05311058e+00
0.16909 1.05202995e+00
0.16967 1.05074253e+00
0.17026 1.04955286e+00
0.17085 1.04849104e+00
0.17144 1.04738861e+00
0.17204 1.04616661e+00
0.17263 1.04506342e+00
0.17323 1.04410763e+00
0.17383 1.04294730e+00
0.17443 1.04169747e+00
0.17503 1.04073792e+00
0.17564 1.03983928e+00
0.17625 1.03854960e+00
0.17686 1.03725315e+00
0.17747 1.03630187e+00
0.17808 1.03522350e+00
0.17870 1.03395864e+00
0.17932 1.03274040e+00
0.17994 1.03161691e+00
0.18056 1.03035054e+00
0.18119 1.02909470e+00
0.18182 1.02800506e+00
0.18244 1.02679509e+00
0.18308 1.02538283e+00
0.18371 1.02425032e+00
0.18435 1.02311405e+00
0.18498 1.02181008e+00
0.18562 1.02068885e+00
0.18627 1.01960146e+00
0.18691 1.01828320e+00
0.18756 1.01704541e+00
0.18821 1.01604450e+00
0.18886 1.01490522e+00
0.18951 1.01372608e+00
0.19017 1.01262666e+00
0.19083 1.01144451e+00
0.19149 1.01026613e+00
0.19215 1.00919528e+00
0.19282 1.00792064e+00
0.19348 1.00670992e+00
0.19415 1.00568946e+00
0.19483 1.00450957e+00
0.19550 1.00307325e+00
0.19618 1.00168280e+00
0.19686 1.00056307e+00
0.19754 9.99486208e-01
0.19822 9.98133360e-01
0.19891 9.96616576e-01
0.19960 9.95209584e-01
0.20029 9.94059024e-01
0.20098 9.92896432e-01
0.20168 9.91378144e-01
0.20237 9.90055376e-01
0.20307 9.88899552e-01
0.20378 9.87470752e-01
0.20448 9.86150992e-01
0.20519 9.85147824e-01
0.20590 9.83725040e-01
0.20661 9.82133808e-01
0.20733 9.81188544e-01
0.20805 9.80288400e-01
0.20877 9.78686640e-01
0.20949 9.77167600e-01
0.21021 9.76330624e-01
0.21094 9.75286848e-01
0.21167 9.73467008e-01
0.21240 9.72047232e-01
0.21314 9.71401264e-01
0.21388 9.70191296e-01
0.21462 9.68362432e-01
0.21536 9.67028384e-01
0.21611 9.65918432e-01
0.21685 9.64567088e-01
0.21760 9.63224016e-01
0.21836 9.61885456e-01
0.21911 9.60471696e-01
0.21987 9.59038384e-01
0.22063 9.57727648e-01
0.22140 9.56507152e-01
0.22216 9.55129488e-01
0.22293 9.53828528e-01
0.22370 9.52483952e-01
0.22448 9.51092752e-01
0.22526 9.49973776e-01
0.22604 9.48731472e-01
0.22682 9.47233488e-01
0.22760 9.45943056e-01
0.22839 9.44903040e-01
0.22918 9.43817904e-01
0.22998 9.42311648e-01
0.23077 9.40902400e-01
0.23157 9.39993232e-01
0.23237 9.38822368e-01
0.23318 9.37134880e-01
0.23398 9.35772256e-01
0.23479 9.34933776e-01
0.23561 9.33812544e-01
0.23642 9.32046848e-01
0.23724 9.30630832e-01
0.23806 9.29737456e-01
0.23889 9.28526736e-01
0.23971 9.26967840e-01
0.24054 9.25578144e-01
0.24137 9.24341856e-01
0.24221 9.23105568e-01
0.24305 9.21767008e-01
0.24389 9.20499136e-01
0.24473 9.19483184e-01
0.24558 9.18180720e-01
0.24643 9.16633856e-01
0.24728 9.15556992e-01
0.24814 9.14538784e-01
0.24900 9.13075392e-01
0.24986 9.11833840e-01
0.25073 9.10856992e-01
0.25159 9.09688384e-01
0.25246 9.08373888e-01
0.25334 9.07126320e-01
0.25422 9.05888528e-01
0.25510 9.04791360e-01
0.25598 9.03793456e-01
0.25687 9.02572208e-01
0.25775 9.01087008e-01
0.25865 8.99689792e-01
0.25954 8.98609168e-01
0.26044 8.97585696e-01
0.26134 8.96364448e-01
0.26225 8.94964224e-01
0.26315 8.93769296e-01
0.26406 8.92727776e-01
0.26498 8.91517056e-01
0.26590 8.89952896e-01
0.26682 8.88565456e-01
0.26774 8.87654784e-01
0.26867 8.86799760e-01
0.26960 8.85505568e-01
0.27053 8.83913584e-01
0.27147 8.82453952e-01
0.27241 8.81576368e-01
0.27335 8.80984544e-01
0.27430 8.79758784e-01
0.27525 8.77923904e-01
0.27620 8.76522928e-01
0.27715 8.75804768e-01
0.27811 8.74818144e-01
0.27908 8.73299856e-01
0.28004 8.71920688e-01
0.28101 8.70804720e-01
0.28198 8.69716576e-01
0.28296 8.68622416e-01
0.28394 8.67362064e-01
0.28492 8.65685104e-01
0.28591 8.64202912e-01
0.28690 8.63349392e-01
0.28789 8.62392096e-01
0.28889 8.60756496e-01
0.28989 8.59078032e-01
0.29089 8.57971840e-01
0.29190 8.56981456e-01
0.29291 8.55664704e-01
0.29392 8.54282528e-01
0.29494 8.52947728e-01
0.29596 8.51524192e-01
0.29699 8.50230752e-01
0.29801 8.49144112e-01
0.29905 8.47852928e-01
0.30008 8.46094000e-01
0.30112 8.44658432e-01
0.30216 8.43880112e-01
0.30321 8.42901008e-01
0.30426 8.41093200e-01
0.30531 8.39201168e-01
0.30637 8.38034816e-01
0.30743 8.37179792e-01
0.30849 8.35893872e-01
0.30956 8.34204880e-01
0.31063 8.32609888e-01
0.31171 8.31021664e-01
0.31279 8.29513904e-01
0.31387 8.28441552e-01
0.31496 8.27582016e-01
0.31605 8.26173520e-01
0.31714 8.24070928e-01
0.31824 8.22306736e-01
0.31934 8.21356208e-01
0.32044 8.20479376e-01
0.32155 8.18855056e-01
0.32267 8.16799088e-01
0.32378 8.15149952e-01
0.32490 8.14109184e-01
0.32603 8.13313568e-01
0.32716 8.12131424e-01
0.32829 8.10329632e-01
0.32943 8.08388720e-01
0.33057 8.06868928e-01
0.33171 8.05755216e-01
0.33286 8.04746784e-01
0.33401 8.03530800e-01
0.33517 8.01924528e-01
0.33633 8.00079120e-01
0.33749 7.98393888e-01
0.33866 7.97151584e-01
0.33983 7.96496592e-01
0.34101 7.95441536e-01
0.34219 7.93421664e-01
0.34337 7.91528128e-01
0.34456 7.90467808e-01
0.34576 7.89730848e-01
0.34695 7.88639696e-01
0.34815 7.86652912e-01
0.34936 7.84626272e-01
0.35057 7.83547152e-01
0.35178 7.82777856e-01
0.35300 7.81709264e-01
0.35422 7.80557952e-01
0.35545 7.79134416e-01
0.35668 7.77534160e-01
0.35791 7.75937664e-01
0.35915 7.74705136e-01
0.36039 7.73847104e-01
0.36164 7.73180832e-01
0.36289 7.71977632e-01
0.36415 7.69927680e-01
0.36541 7.68225904e-01
0.36668 7.67522784e-01
0.36795 7.66994880e-01
0.36922 7.66022544e-01
0.37050 7.64504256e-01
0.37178 7.62678400e-01
0.37307 7.61455648e-01
0.37436 7.60769072e-01
0.37565 7.59773424e-01
0.37695 7.58904864e-01
0.37826 7.58006976e-01
0.37957 7.56633072e-01
0.38088 7.54812480e-01
0.38220 7.53125744e-01
0.38352 7.52461728e-01
0.38485 7.52710640e-01
0.38618 7.52474512e-01
0.38752 7.50532472e-01
0.38886 7.47859939e-01
0.39021 7.46339395e-01
0.39156 7.46474906e-01
0.39291 7.46856621e-01
0.39427 7.45864808e-01
0.39564 7.43378320e-01
0.39701 7.41332504e-01
0.39838 7.41051858e-01
0.39976 7.41606157e-01
0.40115 7.41009294e-01
0.40253 7.38998221e-01
0.40393 7.36971054e-01
0.40533 7.35652723e-01
0.40673 7.35315226e-01
0.40814 7.35101357e-01
0.40955 7.33913347e-01
0.41097 7.32563432e-01
0.41239 7.32121106e-01
0.41382 7.31767139e-01
0.41525 7.30323976e-01
0.41669 7.27785299e-01
0.41813 7.25944328e-01
0.41958 7.25924024e-01
0.42103 7.27001941e-01
0.42249 7.27607000e-01
0.42395 7.25641573e-01
0.42542 7.21491510e-01
0.42689 7.18691514e-01
0.42837 7.19067514e-01
0.42985 7.20985715e-01
0.43134 7.21743430e-01
0.43283 7.19795525e-01
0.43433 7.15961002e-01
0.43583 7.13071291e-01
0.43734 7.12806286e-01
0.43886 7.14496256e-01
0.44037 7.15518450e-01
0.44190 7.13781706e-01
0.44343 7.10519003e-01
0.44496 7.07821805e-01
0.44650 7.06588675e-01
0.44805 7.06780134e-01
0.44960 7.07264197e-01
0.45116 7.06650264e-01
0.45272 7.04789816e-01
0.45429 7.02982760e-01
0.45586 7.01884840e-01
0.45744 7.00956120e-01
0.45902 6.99718178e-01
0.46061 6.98279150e-01
0.46220 6.97067603e-01
0.46380 6.96114293e-01
0.46541 6.95748069e-01
0.46702 6.95569694e-01
0.46864 6.94163755e-01
0.47026 6.91506939e-01
0.47189 6.89146035e-01
0.47352 6.87862296e-01
0.47516 6.87416059e-01
0.47680 6.87664520e-01
0.47845 6.87806122e-01
0.48011 6.86238803e-01
0.48177 6.83194782e-01
0.48344 6.80640088e-01
0.48511 6.79381466e-01
0.48679 6.79026747e-01
0.48848 6.79148045e-01
0.49017 6.79123530e-01
0.49186 6.77623365e-01
0.49357 6.74508355e-01
0.49528 6.71555853e-01
0.49699 6.69940030e-01
0.49871 6.69462510e-01
0.50044 6.69633816e-01
0.50217 6.69837157e-01
0.50391 6.69138699e-01
0.50565 6.66834496e-01
0.50740 6.63640677e-01
0.50916 6.61014542e-01
0.51092 6.59649211e-01
0.51269 6.59150635e-01
0.51446 6.58989557e-01
0.51625 6.58821334e-01
0.51803 6.57883064e-01
0.51983 6.55798746e-01
0.52163 6.53197126e-01
0.52343 6.50935712e-01
0.52524 6.49505934e-01
0.52706 6.48718590e-01
0.52889 6.47932826e-01
0.53072 6.47034562e-01
0.53255 6.45963187e-01
0.53440 6.44428430e-01
0.53625 6.42543317e-01
0.53810 6.40722650e-01
0.53997 6.39150744e-01
0.54183 6.37917389e-01
0.54371 6.36950693e-01
0.54559 6.35900149e-01
0.54748 6.34644986e-01
0.54938 6.33104438e-01
0.55128 6.31513733e-01
0.55319 6.29859859e-01
0.55510 6.28137779e-01
0.55702 6.26517144e-01
0.55895 6.25404259e-01
0.56089 6.24916662e-01
0.56283 6.24267987e-01
0.56478 6.22735712e-01
0.56673 6.20703507e-01
0.56869 6.18790570e-01
0.57066 6.17378314e-01
0.57264 6.16066901e-01
0.57462 6.14590424e-01
0.57661 6.13560109e-01
0.57860 6.13174258e-01
0.58061 6.12486328e-01
0.58262 6.10296429e-01
0.58463 6.07644426e-01
0.58666 6.05913021e-01
0.58869 6.05200200e-01
0.59073 6.04857664e-01
0.59277 6.03842614e-01
0.59482 6.02700176e-01
0.59688 6.01683547e-01
0.59895 6.00009595e-01
0.60102 5.98138770e-01
0.60310 5.96230419e-01
0.60519 5.94697242e-01
0.60728 5.93888240e-01
0.60939 5.93656474e-01
0.61150 5.93594358e-01
0.61361 5.92475533e-01
0.61574 5.89948362e-01
0.61787 5.87490224e-01
0.62001 5.86171592e-01
0.62215 5.85714602e-01
0.62431 5.85316192e-01
0.62647 5.84474328e-01
0.62864 5.83063726e-01
0.63081 5.82116507e-01
0.63300 5.81635528e-01
0.63519 5.80277867e-01
0.63739 5.77794162e-01
0.63959 5.75485371e-01
0.64181 5.75010107e-01
0.64403 5.75895061e-01
0.64626 5.76210149e-01
0.64849 5.74813158e-01
0.65074 5.72376077e-01
0.65299 5.70266717e-01
0.65525 5.69254374e-01
0.65752 5.68922141e-01
0.65980 5.68513278e-01
0.66208 5.67269546e-01
0.66437 5.65984754e-01
0.66667 5.65354427e-01
0.66898 5.65291485e-01
0.67130 5.65163194e-01
0.67362 5.63444122e-01
0.67595 5.60837013e-01
0.67829 5.59245480e-01
0.68064 5.59048682e-01
0.68299 5.59872949e-01
0.68536 5.60245490e-01
0.68773 5.58867299e-01
0.69011 5.56934358e-01
0.69250 5.55047064e-01
0.69490 5.54395606e-01
0.69730 5.55289810e-01
0.69972 5.55223709e-01
0.70214 5.53101490e-01
0.70457 5.51008147e-01
0.70701 5.50199446e-01
0.70946 5.50751866e-01
0.71191 5.51563800e-01
0.71438 5.50594547e-01
0.71685 5.48666118e-01
0.71933 5.46980435e-01
0.72182 5.46183014e-01
0.72432 5.46199558e-01
0.72683 5.47158283e-01
0.72934 5.47245891e-01
0.73187 5.45189397e-01
0.73440 5.43253147e-01
0.73694 5.42435122e-01
0.73949 5.42593342e-01
0.74205 5.43926939e-01
0.74462 5.43716830e-01
0.74720 5.41194622e-01
0.74979 5.38984720e-01
0.75238 5.38219109e-01
0.75499 5.38867709e-01
0.75760 5.40130618e-01
0.76022 5.40301698e-01
0.76285 5.38674595e-01
0.76549 5.36662243e-01
0.76814 5.35747736e-01
0.77080 5.35572971e-01
0.77347 5.36040114e-01
0.77615 5.36690518e-01
0.77884 5.35843240e-01
0.78153 5.33374800e-01
0.78424 5.31540070e-01
0.78695 5.31662195e-01
0.78968 5.33033918e-01
0.79241 5.34233960e-01
0.79515 5.34441512e-01
0.79790 5.32431115e-01
0.80067 5.28955522e-01
0.80344 5.27517547e-01
0.80622 5.29013952e-01
0.80901 5.30974115e-01
0.81181 5.31225133e-01
0.81462 5.29383635e-01
0.81744 5.27187269e-01
0.82027 5.25794715e-01
0.82311 5.25113704e-01
0.82596 5.25704475e-01
0.82882 5.27128838e-01
0.83169 5.27175237e-01
0.83457 5.25559038e-01
0.83745 5.23671067e-01
0.84035 5.22192184e-01
0.84326 5.21535838e-01
0.84618 5.22534194e-01
0.84911 5.25105206e-01
0.85205 5.26682150e-01
0.85500 5.24188518e-01
0.85796 5.19138613e-01
0.86093 5.16407725e-01
0.86391 5.17547381e-01
0.86690 5.20167499e-01
0.86990 5.21445222e-01
0.87291 5.20388512e-01
0.87593 5.18243131e-01
0.87897 5.16251309e-01
0.88201 5.14897333e-01
0.88506 5.15158427e-01
0.88813 5.16611442e-01
0.89120 5.17473986e-01
0.89428 5.16751314e-01
0.89738 5.15273859e-01
0.90049 5.13814603e-01
0.90360 5.11896477e-01
0.90673 5.09970981e-01
0.90987 5.10193648e-01
0.91302 5.12752930e-01
0.91618 5.14706626e-01
0.91935 5.13359117e-01
0.92253 5.09427736e-01
0.92573 5.05712856e-01
0.92893 5.04281424e-01
0.93215 5.05477405e-01
0.93537 5.08355685e-01
0.93861 5.10583635e-01
0.94186 5.09862693e-01
0.94512 5.06636763e-01
0.94839 5.03161395e-01
0.95168 5.01582646e-01
0.95497 5.02608149e-01
0.95828 5.04930400e-01
0.96159 5.06293400e-01
0.96492 5.04816021e-01
0.96826 5.01010525e-01
0.97161 4.97244434e-01
0.97498 4.95243061e-01
0.97835 4.95565669e-01
0.98174 4.97484021e-01
0.98514 4.99356200e-01
0.98855 4.99752429e-01
0.99197 4.98087350e-01
0.99540 4.95319013e-01
0.99885 4.93139642e-01
1.00231 4.92102634e-01
1.00578 4.91872146e-01
1.00926 4.92426520e-01
1.01275 4.93404872e-01
1.01626 4.93730262e-01
1.01978 4.92742360e-01
1.02330 4.90454174e-01
1.02685 4.87406995e-01
1.03040 4.84962469e-01
1.03397 4.84459832e-01
1.03755 4.85857198e-01
1.04114 4.87670195e-01
1.04474 4.88031606e-01
1.04836 4.85904048e-01
1.05199 4.81862198e-01
1.05563 4.78003912e-01
1.05928 4.76429149e-01
1.06295 4.77690253e-01
1.06663 4.80613878e-01
1.07032 4.82935302e-01
1.07403 4.82673155e-01
1.07775 4.79761862e-01
1.08148 4.76021866e-01
1.08522 4.73312861e-01
1.08898 4.72323981e-01
1.09275 4.72808344e-01
1.09653 4.73912355e-01
1.10032 4.74245040e-01
1.10413 4.72676368e-01
1.10796 4.69591589e-01
1.11179 4.66502749e-01
1.11564 4.64537472e-01
1.11950 4.63976931e-01
1.12338 4.64592594e-01
1.12726 4.65766917e-01
1.13117 4.66460110e-01
1.13508 4.65744056e-01
1.13901 4.63638005e-01
1.14295 4.61029392e-01
1.14691 4.58944322e-01
1.15088 4.58029814e-01
1.15487 4.58264514e-01
1.15886 4.58951315e-01
1.16287 4.59114725e-01
1.16690 4.58126296e-01
1.17094 4.56115147e-01
1.17499 4.53773118e-01
1.17906 4.51829424e-01
1.18314 4.50666606e-01
1.18724 4.50170738e-01
1.19135 4.49837602e-01
1.19547 4.49117186e-01
1.19961 4.47761630e-01
1.20376 4.45930661e-01
1.20793 4.44046450e-01
1.21211 4.42514325e-01
1.21630 4.41472429e-01
1.22052 4.40791794e-01
1.22474 4.40294722e-01
1.22898 4.39881798e-01
1.23323 4.39480456e-01
1.23750 4.38997446e-01
1.24179 4.38345989e-01
1.24609 4.37485325e-01
1.25040 4.36423275e-01
1.25473 4.35214360e-01
1.25907 4.33952880e-01
1.26343 4.32719224e-01
1.26780 4.31515573e-01
1.27219 4.30261011e-01
1.27659 4.28866202e-01
1.28101 4.27318059e-01
1.28545 4.25701184e-01
1.28990 4.24171541e-01
1.29436 4.22888554e-01
1.29884 4.21906742e-01
1.30334 4.21120075e-01
1.30785 4.20340176e-01
1.31238 4.19434618e-01
1.31692 4.18393173e-01
1.32148 4.17299088e-01
1.32605 4.16263509e-01
1.33064 4.15352686e-01
1.33525 4.14535037e-01
1.33987 4.13705205e-01
1.34451 4.12772800e-01
1.34916 4.11725866e-01
1.35383 4.10618395e-01
1.35852 4.09517091e-01
1.36322 4.08456320e-01
1.36794 4.07415477e-01
1.37268 4.06327333e-01
1.37743 4.05124358e-01
1.38220 4.03791213e-01
1.38698 4.02377378e-01
1.39178 4.00962189e-01
1.39660 3.99606709e-01
1.40144 3.98320413e-01
1.40629 3.97058256e-01
1.41115 3.95755416e-01
1.41604 3.94382114e-01
1.42094 3.92976626e-01
1.42586 3.91627312e-01
1.43080 3.90419224e-01
1.43575 3.89386277e-01
1.44072 3.88496661e-01
1.44571 3.87676830e-01
1.45071 3.86858504e-01
1.45573 3.86016490e-01
1.46077 3.85174024e-01
1.46583 3.84371640e-01
1.47090 3.83623475e-01
1.47599 3.82892832e-01
1.48110 3.82102781e-01
1.48623 3.81175941e-01
1.49137 3.80077494e-01
1.49654 3.78830603e-01
1.50172 3.77497533e-01
1.50692 3.76140323e-01
1.51213 3.74788302e-01
1.51737 3.73432446e-01
1.52262 3.72046134e-01
1.52789 3.70616432e-01
1.53318 3.69162891e-01
1.53849 3.67731459e-01
1.54381 3.66369888e-01
1.54916 3.65101414e-01
1.55452 3.63915736e-01
1.55990 3.62779690e-01
1.56530 3.61659886e-01
1.57072 3.60542565e-01
1.57615 3.59437576e-01
1.58161 3.58367029e-01
1.58709 3.57347166e-01
1.59258 3.56377086e-01
1.59809 3.55439117e-01
1.60362 3.54510322e-01
1.60918 3.53574232e-01
1.61475 3.52626637e-01
1.62034 3.51672349e-01
1.62594 3.50717008e-01
1.63157 3.49759938e-01
1.63722 3.48793091e-01
1.64289 3.47804437e-01
1.64857 3.46783146e-01
1.65428 3.45723051e-01
1.66001 3.44623552e-01
1.66575 3.43487806e-01
1.67152 3.42320477e-01
1.67731 3.41126752e-01
1.68311 3.39911144e-01
1.68894 3.38677638e-01
1.69478 3.37429469e-01
1.70065 3.36169944e-01
1.70654 3.34902899e-01
1.71245 3.33633899e-01
1.71837 3.32370088e-01
1.72432 3.31119963e-01
1.73029 3.29892098e-01
1.73628 3.28693710e-01
1.74229 3.27530066e-01
1.74832 3.26404322e-01
1.75437 3.25318358e-01
1.76045 3.24273154e-01
1.76654 3.23269835e-01
1.77266 3.22308328e-01
1.77879 3.21386526e-01
1.78495 3.20499467e-01
1.79113 3.19638954e-01
1.79733 3.18794533e-01
1.80355 3.17954925e-01
1.80979 3.17109677e-01
1.81606 3.16249238e-01
1.82234 3.15365338e-01
1.82865 3.14450830e-01
1.83498 3.13499400e-01
1.84133 3.12506459e-01
1.84771 3.11469451e-01
1.85410 3.10388752e-01
1.86052 3.09267445e-01
1.86696 3.08110342e-01
1.87342 3.06923611e-01
1.87991 3.05713944e-01
1.88642 3.04488034e-01
1.89295 3.03252949e-01
1.89950 3.02015683e-01
1.90607 3.00783080e-01
1.91267 2.99561230e-01
1.91929 2.98355624e-01
1.92594 2.97170322e-01
1.93260 2.96008557e-01
1.93929 2.94872661e-01
1.94601 2.93764514e-01
1.95274 2.92685394e-01
1.95950 2.91635978e-01
1.96629 2.90616717e-01
1.97309 2.89627085e-01
1.97992 2.88666405e-01
1.98678 2.87733248e-01
1.99365 2.86825885e-01
2.00055 2.85942360e-01
2.00748 2.85080117e-01
2.01443 2.84236373e-01
2.02140 2.83407819e-01
2.02840 2.82590771e-01
2.03542 2.81781243e-01
2.04247 2.80975024e-01
2.04954 2.80167602e-01
2.05663 2.79354765e-01
2.06375 2.78532528e-01
2.07090 2.77697131e-01
2.07806 2.76845341e-01
2.08526 2.75974525e-01
2.09247 2.75082653e-01
2.09972 2.74168296e-01
2.10699 2.73230778e-01
2.11428 2.72270022e-01
2.12160 2.71286632e-01
2.12894 2.70281734e-01
2.13631 2.69256909e-01
2.14371 2.68214186e-01
2.15113 2.67155821e-01
2.15857 2.66084221e-01
2.16605 2.65002318e-01
2.17354 2.63912971e-01
2.18107 2.62819187e-01
2.18862 2.61724050e-01
2.19619 2.60630642e-01
2.20380 2.59542046e-01
2.21143 2.58461422e-01
2.21908 2.57391477e-01
2.22676 2.56335218e-01
2.23447 2.55295051e-01
2.24220 2.54273384e-01
2.24997 2.53272397e-01
2.25775 2.52293669e-01
2.26557 2.51338554e-01
2.27341 2.50408029e-01
2.28128 2.49502546e-01
2.28918 2.48622029e-01
2.29710 2.47765952e-01
2.30505 2.46933262e-01
2.31303 2.46122381e-01
2.32104 2.45331277e-01
2.32908 2.44557619e-01
2.33714 2.43798475e-01
2.34523 2.43050837e-01
2.35335 2.42311470e-01
2.36149 2.41576917e-01
2.36967 2.40843792e-01
2.37787 2.40108862e-01
2.38610 2.39368970e-01
2.39436 2.38621406e-01
2.40265 2.37863616e-01
2.41097 2.37093493e-01
2.41931 2.36309608e-01
2.42769 2.35510608e-01
2.43609 2.34695816e-01
2.44452 2.33865006e-01
2.45298 2.33018330e-01
2.46148 2.32156387e-01
2.47000 2.31280006e-01
2.47855 2.30390315e-01
2.48713 2.29488818e-01
2.49574 2.28577093e-01
2.50438 2.27656946e-01
2.51304 2.26730256e-01
2.52174 2.25798829e-01
2.53047 2.24864770e-01
2.53923 2.23929958e-01
2.54802 2.22996200e-01
2.55684 2.22065450e-01
2.56569 2.21139362e-01
2.57457 2.20219515e-01
2.58349 2.19307565e-01
2.59243 2.18404789e-01
2.60140 2.17512466e-01
2.61041 2.16631648e-01
2.61944 2.15763389e-01
2.62851 2.14908365e-01
2.63761 2.14067328e-01
2.64674 2.13240654e-01
2.65590 2.12428720e-01
2.66510 2.11631675e-01
2.67432 2.10849520e-01
2.68358 2.10082029e-01
2.69287 2.09328901e-01
2.70219 2.08589610e-01
2.71154 2.07863478e-01
2.72093 2.07149680e-01
2.73035 2.06447312e-01
2.73980 2.05755246e-01
2.74928 2.05072280e-01
2.75880 2.04397210e-01
2.76835 2.03728531e-01
2.77793 2.03065042e-01
2.78755 2.02405086e-01
2.79720 2.01747387e-01
2.80688 2.01090365e-01
2.81660 2.00432741e-01
2.82635 1.99773237e-01
2.83613 1.99110499e-01
2.84595 1.98443550e-01
2.85580 1.97771262e-01
2.86569 1.97092808e-01
2.87561 1.96407510e-01
2.88556 1.95714768e-01
2.89555 1.95014054e-01
2.90557 1.94305219e-01
2.91563 1.93588037e-01
2.92572 1.92862582e-01
2.93585 1.92128856e-01
2.94601 1.91387309e-01
2.95621 1.90638166e-01
2.96644 1.89882030e-01
2.97671 1.89119427e-01
2.98702 1.88350958e-01
2.99736 1.87577526e-01
3.00773 1.86799808e-01
3.01814 1.86018706e-01
3.02859 1.85235197e-01
3.03907 1.84450109e-01
3.04960 1.83664570e-01
3.06015 1.82879482e-01
3.07074 1.82095822e-01
3.08137 1.81314645e-01
3.09204 1.80536926e-01
3.10274 1.79763570e-01
3.11348 1.78995627e-01
3.12426 1.78234002e-01
3.13508 1.77479445e-01
3.14593 1.76732859e-01
3.15682 1.75994997e-01
3.16775 1.75266459e-01
3.17871 1.74547998e-01
3.18972 1.73840141e-01
3.20076 1.73143262e-01
3.21184 1.72457739e-01
3.22295 1.71783947e-01
3.23411 1.71121962e-01
3.24531 1.70471858e-01
3.25654 1.69833710e-01
3.26781 1.69207370e-01
3.27912 1.68592610e-01
3.29047 1.67989130e-01
3.30187 1.67396478e-01
3.31330 1.66814130e-01
3.32476 1.66241632e-01
3.33627 1.65678234e-01
3.34782 1.65123182e-01
3.35941 1.64575802e-01
3.37104 1.64035114e-01
3.38271 1.63500291e-01
3.39442 1.62970432e-01
3.40617 1.62444558e-01
3.41796 1.61921693e-01
3.42979 1.61401008e-01
3.44166 1.60881451e-01
3.45358 1.60362195e-01
3.46553 1.59842262e-01
3.47753 1.59320901e-01
3.48957 1.58797283e-01
3.50164 1.58270733e-01
3.51377 1.57740498e-01
3.52593 1.57206126e-01
3.53814 1.56666942e-01
3.55038 1.56122645e-01
3.56267 1.55572707e-01
3.57500 1.55017054e-01
3.58738 1.54455310e-01
3.59980 1.53887475e-01
3.61226 1.53313474e-01
3.62476 1.52733306e-01
3.63731 1.52147197e-01
3.64990 1.51555147e-01
3.66254 1.50957533e-01
3.67521 1.50354654e-01
3.68794 1.49746813e-01
3.70070 1.49134459e-01
3.71351 1.48517970e-01
3.72637 1.47897946e-01
3.73927 1.47274838e-01
3.75221 1.46649174e-01
3.76520 1.46021630e-01
3.77823 1.45392658e-01
3.79131 1.44762933e-01
3.80443 1.44133058e-01
3.81760 1.43503634e-01
3.83082 1.42875187e-01
3.84408 1.42248395e-01
3.85739 1.41623784e-01
3.87074 1.41001880e-01
3.88414 1.40383285e-01
3.89758 1.39768525e-01
3.91107 1.39158051e-01
3.92461 1.38552315e-01
3.93820 1.37951768e-01
3.95183 1.37356861e-01
3.96551 1.36767819e-01
3.97924 1.36185094e-01
3.99301 1.35608837e-01
4.00683 1.35039422e-01
4.02070 1.34477002e-01
4.03462 1.33921725e-01
4.04859 1.33373818e-01
4.06260 1.32833205e-01
4.07667 1.32300037e-01
4.09078 1.31774314e-01
4.10494 1.31255960e-01
4.11915 1.30744901e-01
4.13341 1.30241136e-01
4.14771 1.29744365e-01
4.16207 1.29254587e-01
4.17648 1.28771427e-01
4.19094 1.28294810e-01
4.20545 1.27824283e-01
4.22000 1.27359773e-01
4.23461 1.26900827e-01
4.24927 1.26447146e-01
4.26398 1.25998427e-01
4.27874 1.25554221e-01
4.29355 1.25114301e-01
4.30841 1.24678141e-01
4.32332 1.24245365e-01
4.33829 1.23815672e-01
4.35331 1.23388686e-01
4.36838 1.22963882e-01
4.38350 1.22541032e-01
4.39867 1.22119686e-01
4.41390 1.21699469e-01
4.42918 1.21280078e-01
4.44451 1.20861139e-01
4.45990 1.20442350e-01
4.47533 1.20023411e-01
4.49083 1.19604021e-01
4.50637 1.19184029e-01
4.52197 1.18763134e-01
4.53762 1.18341037e-01
4.55333 1.17917736e-01
4.56909 1.17492931e-01
4.58491 1.17066547e-01
4.60078 1.16638434e-01
4.61670 1.16208590e-01
4.63269 1.15776942e-01
4.64872 1.15343339e-01
4.66481 1.14907931e-01
4.68096 1.14470718e-01
4.69717 1.14031626e-01
4.71343 1.13590803e-01
4.72974 1.13148326e-01
4.74611 1.12704270e-01
4.76254 1.12258786e-01
4.77903 1.11812022e-01
4.79557 1.11363981e-01
4.81217 1.10915037e-01
4.82883 1.10465190e-01
4.84555 1.10014742e-01
4.86232 1.09563843e-01
4.87915 1.09112643e-01
4.89604 1.08661443e-01
4.91299 1.08210394e-01
4.92999 1.07759720e-01
4.94706 1.07309648e-01
4.96418 1.06860328e-01
4.98137 1.06412061e-01
4.99861 1.05965072e-01
5.01591 1.05519512e-01
5.03328 1.05075606e-01
5.05070 1.04633581e-01
5.06818 1.04193586e-01
5.08573 1.03755846e-01
5.10333 1.03320589e-01
5.12100 1.02887888e-01
5.13873 1.02458045e-01
5.15651 1.02031134e-01
5.17436 1.01607307e-01
5.19228 1.01186714e-01
5.21025 1.00769504e-01
5.22828 1.00355829e-01
5.24638 9.99456880e-02
5.26454 9.95393072e-02
5.28277 9.91367616e-02
5.30105 9.87381264e-02
5.31940 9.83434016e-02
5.33782 9.79526624e-02
5.35629 9.75660592e-02
5.37484 9.71835168e-02
5.39344 9.68051104e-02
5.41211 9.64308400e-02
5.43084 9.60607056e-02
5.44965 9.56947072e-02
5.46851 9.53329200e-02
5.48744 9.49751936e-02
5.50643 9.46215280e-02
5.52550 9.42719232e-02
5.54462 9.39263040e-02
5.56381 9.35845952e-02
5.58308 9.32467216e-02
5.60240 9.29126832e-02
5.62179 9.25822544e-02
5.64125 9.22555104e-02
5.66078 9.19322256e-02
5.68038 9.16123248e-02
5.70004 9.12957328e-02
5.71977 9.09822992e-02
5.73957 9.06718736e-02
5.75944 9.03644560e-02
5.77938 9.00597456e-02
5.79938 8.97577424e-02
5.81946 8.94582960e-02
5.83960 8.91611808e-02
5.85982 8.88663216e-02
5.88010 8.85735680e-02
5.90045 8.82826944e-02
5.92088 8.79937008e-02
5.94137 8.77062864e-02
5.96194 8.74204512e-02
5.98258 8.71358944e-02
6.00329 8.68526160e-02
6.02407 8.65703904e-02
6.04492 8.62890672e-02
6.06585 8.60084960e-02
6.08684 8.57286016e-02
6.10791 8.54491584e-02
6.12906 8.51700912e-02
6.15027 8.48913248e-02
6.17156 8.46125584e-02
6.19293 8.43338672e-02
6.21436 8.40549504e-02
6.23588 8.37758080e-02
6.25746 8.34963648e-02
6.27912 8.32163952e-02
6.30086 8.29358992e-02
6.32267 8.26546512e-02
6.34455 8.23727264e-02
6.36652 8.20899744e-02
6.38856 8.18063200e-02
6.41067 8.15216128e-02
6.43286 8.12359280e-02
6.45513 8.09491152e-02
6.47747 8.06610992e-02
6.49990 8.03718800e-02
6.52240 8.00814576e-02
6.54497 7.97896816e-02
6.56763 7.94966272e-02
6.59037 7.92022192e-02
6.61318 7.89063824e-02
6.63607 7.86091920e-02
6.65904 7.83106480e-02
6.68209 7.80106000e-02
6.70522 9.26021072e-02
6.72843 1.00981342e-01
6.75172 9.61519984e-02
6.77510 9.62727696e-02
6.79855 1.07487270e-01
6.82208 1.10061366e-01
6.84570 1.04939645e-01
6.86939 1.07974491e-01
6.89317 1.12722619e-01
6.91704 1.13092453e-01
6.94098 1.05235858e-01
6.96500 9.26801648e-02
6.98911 1.06114870e-01
7.01331 1.06542758e-01
7.03759 9.80880224e-02
7.06195 9.50045216e-02
7.08639 9.92029376e-02
7.11092 1.04410914e-01
7.13554 1.06226166e-01
7.16024 9.16718080e-02
7.18502 9.47108656e-02
7.20990 1.02914358e-01
7.23485 1.04341654e-01
7.25990 9.50881440e-02
7.28503 9.47132720e-02
7.31025 1.00413733e-01
7.33555 1.04310296e-01
7.36094 1.02678682e-01
7.38642 9.66274128e-02
7.41199 1.05463638e-01
7.43765 1.02730419e-01
7.46340 9.83544560e-02
7.48923 9.62229120e-02
7.51516 9.77548864e-02
7.54117 1.02635818e-01
7.56727 1.01461194e-01
7.59347 1.03899704e-01
7.61975 1.10703198e-01
7.64613 1.03127024e-01
7.67260 1.05921832e-01
7.69916 1.07483661e-01
7.72581 1.07061939e-01
7.75255 1.06941469e-01
7.77939 1.05583808e-01
7.80632 1.03221776e-01
7.83334 1.02148747e-01
7.86046 1.05105461e-01
7.88767 1.14567350e-01
7.91497 1.24626779e-01
7.94237 1.33719136e-01
7.96986 1.39543602e-01
7.99745 1.43546197e-01
8.02513 1.46750243e-01
8.05291 1.50167331e-01
8.08079 1.55942165e-01
8.10876 1.71428778e-01
8.13683 1.87358318e-01
8.16500 2.02633544e-01
8.19326 2.27346144e-01
8.22162 2.46540718e-01
8.25008 2.67869845e-01
8.27864 2.99927229e-01
8.30730 3.41018088e-01
8.33605 3.80663754e-01
8.36491 4.17835941e-01
8.39386 4.62568134e-01
8.42292 5.06827019e-01
8.45208 5.51705251e-01
8.48133 5.97817515e-01
8.51069 6.44331573e-01
8.54016 6.89115278e-01
8.56972 7.29368334e-01
8.59938 7.73081568e-01
8.62915 8.15185296e-01
8.65902 8.54547232e-01
8.68899 8.90895152e-01
8.71907 9.26921968e-01
8.74925 9.62638208e-01
8.77954 9.99089152e-01
8.80993 1.03396541e+00
8.84043 1.06746099e+00
8.87103 1.09933827e+00
8.90174 1.13171187e+00
8.93255 1.16448178e+00
8.96347 1.19613346e+00
8.99450 1.22808443e+00
9.02563 1.26033019e+00
9.05688 1.29070874e+00
9.08823 1.32063458e+00
9.11969 1.34997686e+00
9.15126 1.38005386e+00
9.18294 1.41015040e+00
9.21472 1.43999051e+00
9.24662 1.46879662e+00
9.27863 1.49766966e+00
9.31075 1.52705632e+00
9.34298 1.55568571e+00
9.37532 1.58402182e+00
9.40777 1.61183981e+00
9.44034 1.63906672e+00
9.47302 1.66560706e+00
9.50581 1.69186013e+00
9.53871 1.71792069e+00
9.57173 1.74328790e+00
9.60487 1.76785800e+00
9.63811 1.79195434e+00
9.67148 1.81506330e+00
9.70495 1.83732475e+00
9.73855 1.85822058e+00
9.77226 1.87749810e+00
9.80609 1.89590856e+00
9.84003 1.91241346e+00
9.87409 1.92809642e+00
9.90827 1.94267619e+00
9.94257 1.95623926e+00
9.97699 1.96920826e+00
10.01153 1.98029198e+00
10.04618 1.99078389e+00
10.08096 2.00034106e+00
10.11585 2.00858147e+00
10.15087 2.01603229e+00
10.18601 2.02322291e+00
10.22127 2.03002174e+00
10.25665 2.03561211e+00
10.29215 2.04059712e+00
10.32778 2.04488954e+00
10.36353 2.04849086e+00
10.39941 2.05181245e+00
10.43540 2.05420982e+00
10.47153 2.05642446e+00
10.50777 2.05789763e+00
10.54415 2.05886546e+00
10.58065 2.05904142e+00
10.61727 2.05844208e+00
10.65403 2.05740131e+00
10.69091 2.05587701e+00
10.72791 2.05438053e+00
10.76505 2.05117926e+00
10.80231 2.04796898e+00
10.83971 2.04397736e+00
10.87723 2.03967968e+00
10.91488 2.03444576e+00
10.95266 2.02862453e+00
10.99058 2.02212349e+00
11.02862 2.01459221e+00
11.06680 2.00646384e+00
11.10511 1.99745413e+00
11.14355 1.98824288e+00
11.18212 1.97661922e+00
11.22083 1.96467670e+00
11.25967 1.94992021e+00
11.29865 1.93485163e+00
11.33776 1.91662014e+00
11.37701 1.89768403e+00
11.41639 1.87429909e+00
11.45591 1.84981246e+00
11.49556 1.82160720e+00
11.53536 1.79099403e+00
11.57529 1.75382267e+00
11.61536 1.71447578e+00
11.65556 1.67101770e+00
11.69591 1.62500056e+00
11.73640 1.57450075e+00
11.77702 1.52289626e+00
11.81779 1.47038710e+00
11.85870 1.41409765e+00
11.89975 1.35034910e+00
11.94094 1.28782331e+00
11.98227 1.22843336e+00
12.02375 1.17024435e+00
12.06537 1.11397670e+00
12.10714 1.05994475e+00
12.14905 1.01015333e+00
12.19110 9.63289440e-01
12.23330 9.24029776e-01
12.27565 8.87016336e-01
12.31814 8.59322432e-01
12.36078 8.32674560e-01
12.40357 8.11566672e-01
12.44651 7.91298768e-01
12.48959 7.80132320e-01
12.53283 7.70479648e-01
12.57621 7.62734800e-01
12.61974 7.55760000e-01
12.66343 7.51748606e-01
12.70726 7.49573747e-01
12.75125 7.49189099e-01
12.79539 7.50643618e-01
12.83968 7.52291776e-01
12.88413 7.54160496e-01
12.92873 7.56548848e-01
12.97348 7.61631616e-01
13.01839 7.66842976e-01
13.06345 7.71101552e-01
13.10867 7.75398480e-01
13.15405 7.79911232e-01
13.19959 7.84563104e-01
13.24528 7.88436656e-01
13.29113 7.91425104e-01
13.33713 7.95500192e-01
13.38330 8.03192400e-01
13.42963 8.10995904e-01
13.47612 8.14855920e-01
13.52277 8.18578320e-01
13.56958 8.22624080e-01
13.61655 8.26861600e-01
13.66368 8.30754704e-01
13.71098 8.33977024e-01
13.75844 8.37254992e-01
13.80607 8.41074400e-01
13.85386 8.44931408e-01
13.90182 8.48684640e-01
13.94994 8.52413808e-01
13.99823 8.56004608e-01
14.04668 8.59270544e-01
14.09531 8.62566560e-01
14.14410 8.61473152e-01
14.19306 8.60156400e-01
14.24219 8.60138352e-01
14.29149 8.61196416e-01
14.34096 8.62127392e-01
14.39060 8.62075504e-01
14.44042 8.62038656e-01
14.49041 8.60731680e-01
14.54057 8.58842656e-01
14.59090 8.57006272e-01
14.64141 8.55333072e-01
14.69209 8.53686192e-01
14.74295 8.52852976e-01
14.79398 8.52316800e-01
14.84519 8.51864848e-01
14.89658 8.51664816e-01
14.94814 8.51486592e-01
14.99989 8.50120208e-01
15.05181 8.48264272e-01
15.10392 8.47105440e-01
15.15620 8.49695328e-01
15.20866 8.52328832e-01
15.26131 8.52958256e-01
15.31414 8.52143088e-01
15.36715 8.51348976e-01
15.42034 8.55014976e-01
15.47372 8.58790768e-01
15.52729 8.63003472e-01
15.58103 8.67933584e-01
15.63497 8.72917088e-01
15.68909 8.79382784e-01
15.74340 8.86472640e-01
15.79790 8.93761776e-01
15.85258 9.03005360e-01
15.90746 9.12364752e-01
15.96252 9.21559456e-01
16.01778 9.30375152e-01
16.07323 9.39293872e-01
16.12886 9.49005200e-01
16.18470 9.59210592e-01
16.24072 9.69543824e-01
16.29694 9.81600640e-01
16.35335 9.93983824e-01
16.40996 1.00667006e+00
16.46677 1.02041437e+00
16.52377 1.03435118e+00
16.58097 1.04766309e+00
16.63836 1.05953867e+00
16.69596 1.07155262e+00
16.75375 1.08351018e+00
16.81175 1.09541509e+00
16.86994 1.10744784e+00
16.92834 1.11899781e+00
16.98694 1.13035978e+00
17.04574 1.14183830e+00
17.10474 1.15320027e+00
17.16395 1.16460435e+00
17.22337 1.17611221e+00
17.28299 1.18511290e+00
17.34281 1.19380978e+00
17.40285 1.20256230e+00
17.46309 1.21192546e+00
17.52354 1.22137509e+00
17.58420 1.23087285e+00
17.64507 1.23883878e+00
17.70615 1.24678818e+00
17.76744 1.25476614e+00
17.82894 1.26188006e+00
17.89066 1.26897669e+00
17.95259 1.27608083e+00
18.01473 1.28048154e+00
18.07709 1.28469875e+00
18.13967 1.28889566e+00
18.20246 1.29226914e+00
18.26547 1.29550574e+00
18.32870 1.29871227e+00
18.39214 1.30134126e+00
18.45581 1.30378226e+00
18.51969 1.30618114e+00
18.58380 1.30904475e+00
18.64813 1.31214299e+00
18.71268 1.31521416e+00
18.77746 1.31712198e+00
18.84246 1.31782285e+00
18.90768 1.31847483e+00
18.97313 1.31867862e+00
19.03881 1.31788827e+00
19.10472 1.31705054e+00
19.17085 1.31612709e+00
19.23721 1.31458022e+00
19.30380 1.31298824e+00
19.37062 1.31135038e+00
19.43768 1.30902294e+00
19.50496 1.30648946e+00
19.57248 1.30391837e+00
19.64023 1.30167816e+00
19.70822 1.29978387e+00
19.77644 1.29784597e+00
19.84490 1.29571555e+00
19.91359 1.29263310e+00
19.98252 1.28951757e+00
20.05169 1.28636894e+00
20.12110 1.28255630e+00
20.19076 1.27851506e+00
20.26065 1.27444974e+00
20.33078 1.27053408e+00
20.40116 1.26693651e+00
20.47178 1.26330360e+00
20.54264 1.25963459e+00
20.61375 1.25610320e+00
20.68511 1.25257106e+00
20.75671 1.24901034e+00
20.82856 1.24495330e+00
20.90066 1.24003146e+00
20.97301 1.23509006e+00
21.04561 1.23012987e+00
21.11846 1.22537723e+00
21.19157 1.22066445e+00
21.26492 1.21593888e+00
21.33853 1.21100501e+00
21.41240 1.20532666e+00
21.48652 1.19963928e+00
21.56090 1.19394213e+00
21.63553 1.18868715e+00
21.71043 1.18376005e+00
21.78558 1.17882166e+00
21.86099 1.17387350e+00
21.93666 1.16986234e+00
22.01260 1.16595720e+00
22.08880 1.16203627e+00
22.16526 1.15786192e+00
22.24199 1.15234600e+00
22.31898 1.14682632e+00
22.39624 1.14130288e+00
22.47377 1.13622086e+00
22.55156 1.13189310e+00
22.62962 1.12755406e+00
22.70796 1.12320450e+00
22.78656 1.11768632e+00
22.86544 1.11116723e+00
22.94459 1.10465717e+00
23.02402 1.09815613e+00
23.10372 1.09206418e+00
23.18369 1.08619331e+00
23.26394 1.08033072e+00
23.34447 1.07447565e+00
23.42528 1.06890333e+00
23.50637 1.06344606e+00
23.58774 1.05799482e+00
23.66939 1.05254883e+00
23.75133 1.04757586e+00
23.83354 1.04278186e+00
23.91604 1.03798710e+00
23.99883 1.03319160e+00
24.08191 1.02777946e+00
24.16527 1.02207629e+00
24.24892 1.01637989e+00
24.33286 1.01069101e+00
24.41709 1.00483443e+00
24.50161 9.98856784e-01
24.58642 9.92890416e-01
24.67153 9.86935328e-01
24.75693 9.80880976e-01
24.84263 9.74676976e-01
24.92863 9.68490272e-01
25.01492 9.62318608e-01
25.10151 9.56051440e-01
25.18840 9.49293968e-01
25.27559 9.42556800e-01
25.36309 9.35841440e-01
25.45088 9.29148640e-01
25.53898 9.21127056e-01
25.62739 9.12989664e-01
25.71610 9.04898144e-01
25.80512 8.96852496e-01
25.89444 8.87505888e-01
25.98408 8.77106480e-01
26.07403 8.66804080e-01
26.16428 8.56597184e-01
26.25485 8.46952032e-01
26.34574 8.40660048e-01
26.43694 8.34407168e-01
26.52845 8.28194144e-01
26.62028 8.22019472e-01
26.71243 8.14899536e-01
26.80489 8.07276512e-01
26.89768 7.99712896e-01
26.99079 7.92208688e-01
27.08422 7.84822544e-01
27.17798 7.78167344e-01
27.27205 7.71558016e-01
27.36646 7.64994560e-01
27.46119 7.58476976e-01
27.55625 7.51957136e-01
27.65164 7.45426242e-01
27.74736 7.38944152e-01
27.84341 7.32510566e-01
27.93979 7.26125410e-01
28.03650 7.19912536e-01
28.13355 7.13787797e-01
28.23094 7.07708027e-01
28.32867 7.01673077e-01
28.42673 6.95682795e-01
28.52513 6.89828475e-01
28.62387 6.84020854e-01
28.72295 6.78256098e-01
28.82238 6.72533979e-01
28.92215 6.66827728e-01
29.02227 6.60920091e-01
29.12273 6.55059906e-01
29.22354 6.49247021e-01
29.32470 6.43481061e-01
29.42621 6.37802634e-01
29.52807 6.32398837e-01
29.63029 6.27037227e-01
29.73286 6.21717730e-01
29.83578 6.16440043e-01
29.93906 6.11184014e-01
30.04269 6.05821051e-01
30.14669 6.00501178e-01
30.25104 5.95224168e-01
30.35576 5.89989722e-01
30.46084 5.84797688e-01
30.56628 5.79891038e-01
30.67209 5.75023493e-01
30.77826 5.70193773e-01
30.88481 5.65401578e-01
30.99172 5.60646757e-01
31.09900 5.55729053e-01
31.20665 5.50796158e-01
31.31467 5.45904549e-01
31.42307 5.41053848e-01
31.53184 5.36243755e-01
31.64099 5.31395912e-01
31.75052 5.26502874e-01
31.86043 5.21652925e-01
31.97072 5.16845690e-01
32.08139 5.12081018e-01
32.19244 5.07394779e-01
32.30388 5.03295477e-01
32.41570 4.99228886e-01
32.52791 4.95194933e-01
32.64051 4.91193165e-01
32.75349 4.87223507e-01
32.86687 4.82908306e-01
32.98064 4.78323888e-01
33.09481 4.73781357e-01
33.20937 4.69280486e-01
33.32433 4.64820826e-01
33.43968 4.60402149e-01
33.55544 4.56187565e-01
33.67159 4.52022613e-01
33.78815 4.47894734e-01
33.90511 4.43803629e-01
34.02247 4.39748995e-01
34.14024 4.35800318e-01
34.25842 4.32163496e-01
34.37701 4.28556979e-01
34.49601 4.24980542e-01
34.61542 4.21433885e-01
34.73525 4.17916931e-01
34.85549 4.14215136e-01
34.97614 4.10158397e-01
35.09721 4.06141288e-01
35.21871 4.02163509e-01
35.34062 3.98224533e-01
35.46295 3.94324134e-01
35.58571 3.90819062e-01
35.70889 3.87907770e-01
35.83250 3.85018962e-01
35.95654 3.82152262e-01
36.08101 3.79307672e-01
36.20590 3.76484965e-01
36.33123 3.73498698e-01
36.45700 3.70095446e-01
36.58320 3.66723178e-01
36.70983 3.63381741e-01
36.83691 3.60070835e-01
36.96442 3.56790160e-01
37.09238 3.53560320e-01
37.22077 3.50633085e-01
37.34962 3.47730816e-01
37.47890 3.44853363e-01
37.60864 3.42000426e-01
37.73883 3.39171778e-01
37.86946 3.36367269e-01
38.00055 3.33320917e-01
38.13209 3.30195078e-01
38.26409 3.27098794e-01
38.39654 3.24031987e-01
38.52946 3.20994133e-01
38.66283 3.17985155e-01
38.79667 3.15153123e-01
38.93096 3.12911637e-01
39.06573 3.10687296e-01
39.20096 3.08479875e-01
39.33665 3.06289299e-01
39.47282 3.04115418e-01
39.60946 3.01958080e-01
39.74657 2.99536941e-01
39.88416 2.96912160e-01
40.02222 2.94310917e-01
40.16076 2.91732910e-01
40.29978 2.89177915e-01
40.43928 2.86645856e-01
40.57926 2.84136357e-01
40.71973 2.81802901e-01
40.86069 2.79541110e-01
41.00213 2.77297970e-01
41.14406 2.75073178e-01
41.28648 2.72866584e-01
41.42940 2.70678189e-01
41.57281 2.68507616e-01
41.71672 2.66320274e-01
41.86113 2.64141278e-01
42.00603 2.61980933e-01
42.15144 2.59839011e-01
42.29735 2.57715438e-01
42.44377 2.55609989e-01
42.59069 2.53522512e-01
42.73812 2.51420146e-01
42.88606 2.49316426e-01
43.03451 2.47230979e-01
43.18348 2.45163731e-01
43.33297 2.43114381e-01
43.48297 2.41082853e-01
43.63349 2.39068997e-01
43.78453 2.37214490e-01
43.93609 2.35705451e-01
44.08818 2.34206790e-01
44.24079 2.32718282e-01
44.39394 2.31239925e-01
44.54761 2.29771570e-01
44.70182 2.28313216e-01
44.85655 2.26864789e-01
45.01183 2.25097664e-01
45.16764 2.23254061e-01
45.32399 2.21425949e-01
45.48089 2.19613253e-01
45.63832 2.17815898e-01
45.79630 2.16033658e-01
45.95483 2.14266382e-01
46.11391 2.12534526e-01
46.27353 2.11110690e-01
46.43371 2.09696930e-01
46.59445 2.08293246e-01
46.75574 2.06899414e-01
46.91759 2.05515434e-01
47.08000 2.04141304e-01
47.24297 2.02776800e-01
47.40650 2.01371237e-01
47.57060 1.99655474e-01
47.73527 1.97954750e-01
47.90051 1.96268917e-01
48.06633 1.94597747e-01
48.23271 1.92941242e-01
48.39967 1.91299174e-01
48.56721 1.89671395e-01
48.73533 1.88057904e-01
48.90403 1.86980664e-01
49.07332 1.85918840e-01
49.24319 1.84863784e-01
49.41365 1.83815346e-01
49.58470 1.82773450e-01
49.75634 1.81738021e-01
49.92858 1.80709134e-01
50.10141 1.79686715e-01
50.27484 1.78401096e-01
50.44887 1.76943344e-01
50.62350 1.75497925e-01
50.79874 1.74064838e-01
50.97458 1.72643859e-01
51.15104 1.71234912e-01
51.32810 1.69837846e-01
51.50578 1.68452738e-01
51.68407 1.67079285e-01
51.86298 1.65687107e-01
52.04250 1.64305533e-01
52.22265 1.62935690e-01
52.40343 1.61577578e-01
52.58482 1.60231122e-01
52.76685 1.58896021e-01
52.94951 1.57572426e-01
53.13280 1.56260035e-01
53.31672 1.54955090e-01
53.50128 1.53591112e-01
53.68648 1.52239392e-01
53.87232 1.50899930e-01
54.05880 1.49572499e-01
54.24593 1.48256950e-01
54.43371 1.46953283e-01
54.62214 1.45661347e-01
54.81122 1.44381067e-01
55.00095 1.43112218e-01
55.19134 1.42031218e-01
55.38239 1.40986464e-01
55.57410 1.39949832e-01
55.76647 1.38921322e-01
55.95951 1.37900707e-01
56.15322 1.36888064e-01
56.34760 1.35883242e-01
56.54265 1.34886240e-01
56.73838 1.33896984e-01
56.93479 1.32928934e-01
57.13187 1.31990739e-01
57.32964 1.31059462e-01
57.52809 1.30135104e-01
57.72723 1.29217514e-01
57.92705 1.28306691e-01
58.12757 1.27402637e-01
58.32879 1.26505200e-01
58.53070 1.25614381e-01
58.73331 1.24730104e-01
58.93662 1.23841390e-01
59.14063 1.22950872e-01
59.34535 1.22066971e-01
59.55078 1.21189688e-01
59.75692 1.20318947e-01
59.96377 1.19454674e-01
60.17134 1.18596942e-01
60.37963 1.17745528e-01
60.58864 1.16900506e-01
60.79837 1.16061725e-01
61.00883 1.15201662e-01
61.22002 1.14308813e-01
61.43194 1.13423032e-01
61.64459 1.12544470e-01
61.85797 1.11672902e-01
62.07210 1.10808403e-01
62.28697 1.09950822e-01
62.50258 1.09100085e-01
62.71894 1.08256266e-01
62.93605 1.07419139e-01
63.15390 1.06588781e-01
63.37252 1.05871598e-01
63.59189 1.05173291e-01
63.81201 1.04479722e-01
64.03290 1.03791040e-01
64.25456 1.03107021e-01
64.47698 1.02427739e-01
64.70017 1.01753120e-01
64.92414 1.01083163e-01
65.14888 1.00417794e-01
65.37440 9.97570112e-02
65.60070 9.91007408e-02
65.82778 9.84908688e-02
66.05565 9.78864864e-02
66.28430 9.72859392e-02
66.51375 9.66892272e-02
66.74400 9.60963504e-02
66.97504 9.55072336e-02
67.20688 9.49218768e-02
67.43952 9.43402048e-02
67.67297 9.37622928e-02
67.90722 9.31880656e-02
68.14229 9.26174480e-02
68.37817 9.17729520e-02
68.61486 9.07633920e-02
68.85238 8.97651120e-02
69.09072 8.87778864e-02
69.32988 8.78016400e-02
69.56987 8.68362224e-02
69.81069 8.58814832e-02
70.05235 8.49373472e-02
70.29484 8.40036640e-02
70.53817 8.30803584e-02
70.78235 8.21672800e-02
71.02737 8.12643536e-02
71.27323 8.06804256e-02
71.51995 8.01776384e-02
71.76752 7.96780848e-02
72.01595 7.91819152e-02
72.26524 7.86889040e-02
72.51539 7.81991264e-02
72.76641 7.77125824e-02
73.01830 7.72292720e-02
73.27106 7.67490448e-02
73.52469 7.62719760e-02
73.77920 7.57980656e-02
74.03460 7.53271632e-02
74.29087 7.48294520e-02
74.54804 7.43034882e-02
74.80609 7.37813445e-02
75.06504 7.32629834e-02
75.32488 7.27483973e-02
75.58563 7.22375336e-02
75.84727 7.17303773e-02
76.10982 7.12268982e-02
76.37328 7.07270739e-02
76.63766 7.02308592e-02
76.90295 6.97382390e-02
77.16915 6.92491834e-02
77.43628 6.87636696e-02
77.70433 6.82758698e-02
77.97331 6.77881226e-02
78.24322 6.73039549e-02
78.51407 6.68233517e-02
78.78585 6.63462829e-02
79.05857 6.58727184e-02
79.33224 6.54026357e-02
79.60686 6.49359971e-02
79.88242 6.44727877e-02
80.15894 6.40129773e-02
80.43642 6.35565434e-02
80.71486 6.31034483e-02
80.99426 6.26536771e-02
81.27463 6.22068989e-02
81.55596 6.17617525e-02
81.83828 6.13198848e-02
82.12157 6.08812658e-02
82.40584 6.04458728e-02
82.69109 6.00136758e-02
82.97733 5.95846448e-02
83.26457 5.91587722e-02
83.55279 5.87360203e-02
83.84202 5.83163742e-02
84.13225 5.78997963e-02
84.42348 5.74862790e-02
84.71572 5.70757923e-02
85.00897 5.66683136e-02
85.30323 5.62637827e-02
85.59852 5.58614552e-02
85.89482 5.54620830e-02
86.19215 5.50656362e-02
86.49052 5.46720920e-02
86.78991 5.42814355e-02
87.09034 5.38936366e-02
87.39181 5.35086728e-02
87.69432 5.31265365e-02
87.99789 5.27471901e-02
88.30250 5.23706186e-02
88.60816 5.19967994e-02
88.91489 5.16257099e-02
89.22267 5.12573352e-02
89.53153 5.08916526e-02
89.84145 5.05285494e-02
90.15244 5.01677248e-02
90.46451 4.98095397e-02
90.77766 4.94539790e-02
91.09190 4.91010053e-02
91.40722 4.87506109e-02
91.72363 4.84027808e-02
92.04114 4.80574774e-02
92.35975 4.77147008e-02
92.67946 4.73744283e-02
93.00028 4.70366299e-02
93.32221 4.67012906e-02
93.64525 4.63684027e-02
93.96941 4.60379363e-02
94.29469 4.57098763e-02
94.62110 4.53842002e-02
94.94864 4.50608326e-02
95.27731 4.47397587e-02
95.60712 4.44210160e-02
95.93807 4.41045970e-02
96.27017 4.37904866e-02
96.60342 4.34786472e-02
96.93782 4.31690864e-02
97.27338 4.28617666e-02
97.61010 4.25566877e-02
97.94798 4.22538197e-02
98.28704 4.19531475e-02
98.62727 4.16546637e-02
98.96867 4.13583456e-02
99.31126 4.10641782e-02
99.65504 4.07721390e-02
100.00000 4.04822280e-02
