        2000  2.000000 4.000000
0.10000 1.38199573e+00
0.10035 1.38215040e+00
0.10069 1.38230293e+00
0.10104 1.38245973e+00
0.10139 1.38261333e+00
0.10174 1.38277120e+00
0.10210 1.38292480e+00
0.10245 1.38308693e+00
0.10280 1.38324160e+00
0.10316 1.38340480e+00
0.10352 1.38356480e+00
0.10387 1.38372800e+00
0.10423 1.38389120e+00
0.10459 1.38405653e+00
0.10496 1.38422080e+00
0.10532 1.38438507e+00
0.10568 1.38455467e+00
0.10605 1.38471360e+00
0.10642 1.38488640e+00
0.10679 1.38504427e+00
0.10716 1.38521280e+00
0.10753 1.38537600e+00
0.10790 1.38553813e+00
0.10827 1.38569920e+00
0.10865 1.38586453e+00
0.10902 1.38602027e+00
0.10940 1.38618667e+00
0.10978 1.38634667e+00
0.11016 1.38650347e+00
0.11054 1.38667413e+00
0.11092 1.38682987e+00
0.11131 1.38699627e+00
0.11169 1.38716160e+00
0.11208 1.38732480e+00
0.11247 1.38749333e+00
0.11286 1.38765867e+00
0.11325 1.38783253e+00
0.11364 1.38799360e+00
0.11403 1.38817280e+00
0.11443 1.38833707e+00
0.11482 1.38850987e+00
0.11522 1.38868160e+00
0.11562 1.38885120e+00
0.11602 1.38902080e+00
0.11642 1.38919360e+00
0.11682 1.38936320e+00
0.11723 1.38952747e+00
0.11763 1.38970027e+00
0.11804 1.38986773e+00
0.11845 1.39003200e+00
0.11886 1.39020160e+00
0.11927 1.39036800e+00
0.11968 1.39053333e+00
0.12010 1.39070400e+00
0.12051 1.39087040e+00
0.12093 1.39103893e+00
0.12135 1.39121173e+00
0.12177 1.39138240e+00
0.12219 1.39155627e+00
0.12262 1.39172800e+00
0.12304 1.39190720e+00
0.12347 1.39208427e+00
0.12389 1.39226027e+00
0.12432 1.39243840e+00
0.12475 1.39262293e+00
0.12518 1.39280213e+00
0.12562 1.39297600e+00
0.12605 1.39316267e+00
0.12649 1.39334293e+00
0.12693 1.39351787e+00
0.12737 1.39369813e+00
0.12781 1.39387307e+00
0.12825 1.39405227e+00
0.12869 1.39422720e+00
0.12914 1.39438933e+00
0.12959 1.39457387e+00
0.13003 1.39474560e+00
0.13048 1.39490027e+00
0.13094 1.39508267e+00
0.13139 1.39525120e+00
0.13184 1.39541333e+00
0.13230 1.39559147e+00
0.13276 1.39575680e+00
0.13322 1.39592640e+00
0.13368 1.39610773e+00
0.13414 1.39627200e+00
0.13461 1.39644587e+00
0.13507 1.39663253e+00
0.13554 1.39680107e+00
0.13601 1.39697707e+00
0.13648 1.39716373e+00
0.13695 1.39733973e+00
0.13743 1.39751893e+00
0.13790 1.39770133e+00
0.13838 1.39788053e+00
0.13886 1.39806080e+00
0.13934 1.39823787e+00
0.13982 1.39842027e+00
0.14031 1.39859733e+00
0.14079 1.39876693e+00
0.14128 1.39895040e+00
0.14177 1.39912533e+00
0.14226 1.39928747e+00
0.14275 1.39946773e+00
0.14324 1.39964373e+00
0.14374 1.39980587e+00
0.14424 1.39997760e+00
0.14474 1.40015573e+00
0.14524 1.40032320e+00
0.14574 1.40049387e+00
0.14625 1.40066987e+00
0.14675 1.40084160e+00
0.14726 1.40101547e+00
0.14777 1.40119467e+00
0.14828 1.40136747e+00
0.14879 1.40154667e+00
0.14931 1.40173013e+00
0.14983 1.40189973e+00
0.15034 1.40207893e+00
0.15087 1.40227200e+00
0.15139 1.40244267e+00
0.15191 1.40261013e+00
0.15244 1.40280320e+00
0.15297 1.40298027e+00
0.15349 1.40314240e+00
0.15403 1.40332907e+00
0.15456 1.40350613e+00
0.15509 1.40366080e+00
0.15563 1.40384320e+00
0.15617 1.40402560e+00
0.15671 1.40417387e+00
0.15725 1.40434560e+00
0.15780 1.40453653e+00
0.15834 1.40468907e+00
0.15889 1.40484587e+00
0.15944 1.40503787e+00
0.15999 1.40520747e+00
0.16055 1.40536533e+00
0.16110 1.40554880e+00
0.16166 1.40572373e+00
0.16222 1.40588907e+00
0.16278 1.40607680e+00
0.16335 1.40626133e+00
0.16391 1.40642987e+00
0.16448 1.40660693e+00
0.16505 1.40679680e+00
0.16562 1.40697813e+00
0.16619 1.40715307e+00
0.16677 1.40733760e+00
0.16734 1.40752107e+00
0.16792 1.40769173e+00
0.16851 1.40786987e+00
0.16909 1.40805120e+00
0.16967 1.40821867e+00
0.17026 1.40839893e+00
0.17085 1.40857707e+00
0.17144 1.40872427e+00
0.17204 1.40889387e+00
0.17263 1.40908800e+00
0.17323 1.40923840e+00
0.17383 1.40938347e+00
0.17443 1.40957440e+00
0.17503 1.40973973e+00
0.17564 1.40986880e+00
0.17625 1.41004480e+00
0.17686 1.41023893e+00
0.17747 1.41037973e+00
0.17808 1.41051947e+00
0.17870 1.41069973e+00
0.17932 1.41087253e+00
0.17994 1.41101973e+00
0.18056 1.41117547e+00
0.18119 1.41134400e+00
0.18182 1.41150933e+00
0.18244 1.41166080e+00
0.18308 1.41180053e+00
0.18371 1.41195413e+00
0.18435 1.41213227e+00
0.18498 1.41229227e+00
0.18562 1.41241280e+00
0.18627 1.41254293e+00
0.18691 1.41270507e+00
0.18756 1.41286293e+00
0.18821 1.41300267e+00
0.18886 1.41313920e+00
0.18951 1.41326613e+00
0.19017 1.41338987e+00
0.19083 1.41354133e+00
0.19149 1.41370453e+00
0.19215 1.41383147e+00
0.19282 1.41394453e+00
0.19348 1.41408640e+00
0.19415 1.41423573e+00
0.19483 1.41436480e+00
0.19550 1.41450667e+00
0.19618 1.41466880e+00
0.19686 1.41480427e+00
0.19754 1.41491200e+00
0.19822 1.41504960e+00
0.19891 1.41522453e+00
0.19960 1.41538453e+00
0.20029 1.41550613e+00
0.20098 1.41562560e+00
0.20168 1.41577067e+00
0.20237 1.41593067e+00
0.20307 1.41607787e+00
0.20378 1.41620480e+00
0.20448 1.41633493e+00
0.20519 1.41648320e+00
0.20590 1.41662827e+00
0.20661 1.41675520e+00
0.20733 1.41687893e+00
0.20805 1.41702507e+00
0.20877 1.41717760e+00
0.20949 1.41730987e+00
0.21021 1.41742400e+00
0.21094 1.41755307e+00
0.21167 1.41770667e+00
0.21240 1.41786027e+00
0.21314 1.41798507e+00
0.21388 1.41809707e+00
0.21462 1.41823253e+00
0.21536 1.41839573e+00
0.21611 1.41854720e+00
0.21685 1.41866347e+00
0.21760 1.41877760e+00
0.21836 1.41892267e+00
0.21911 1.41907840e+00
0.21987 1.41921173e+00
0.22063 1.41932907e+00
0.22140 1.41946027e+00
0.22216 1.41960107e+00
0.22293 1.41972907e+00
0.22370 1.41984320e+00
0.22448 1.41996587e+00
0.22526 1.42010133e+00
0.22604 1.42023040e+00
0.22682 1.42034453e+00
0.22760 1.42045120e+00
0.22839 1.42056213e+00
0.22918 1.42068267e+00
0.22998 1.42080853e+00
0.23077 1.42092267e+00
0.23157 1.42102080e+00
0.23237 1.42112213e+00
0.23318 1.42124587e+00
0.23398 1.42137493e+00
0.23479 1.42147413e+00
0.23561 1.42154667e+00
0.23642 1.42164480e+00
0.23724 1.42178560e+00
0.23806 1.42192000e+00
0.23889 1.42200213e+00
0.23971 1.42205973e+00
0.24054 1.42215573e+00
0.24137 1.42229333e+00
0.24221 1.42241173e+00
0.24305 1.42248213e+00
0.24389 1.42254613e+00
0.24473 1.42264533e+00
0.24558 1.42276053e+00
0.24643 1.42284800e+00
0.24728 1.42290453e+00
0.24814 1.42297493e+00
0.24900 1.42307947e+00
0.24986 1.42318400e+00
0.25073 1.42325547e+00
0.25159 1.42330560e+00
0.25246 1.42336427e+00
0.25334 1.42344533e+00
0.25422 1.42353173e+00
0.25510 1.42360960e+00
0.25598 1.42368213e+00
0.25687 1.42374720e+00
0.25775 1.42379840e+00
0.25865 1.42383893e+00
0.25954 1.42389867e+00
0.26044 1.42399680e+00
0.26134 1.42410347e+00
0.26225 1.42416107e+00
0.26315 1.42416000e+00
0.26406 1.42415467e+00
0.26498 1.42420587e+00
0.26590 1.42431787e+00
0.26682 1.42442880e+00
0.26774 1.42448000e+00
0.26867 1.42447253e+00
0.26960 1.42445760e+00
0.27053 1.42448107e+00
0.27147 1.42454933e+00
0.27241 1.42462507e+00
0.27335 1.42467093e+00
0.27430 1.42468053e+00
0.27525 1.42467627e+00
0.27620 1.42468800e+00
0.27715 1.42472000e+00
0.27811 1.42475200e+00
0.27908 1.42477227e+00
0.28004 1.42479253e+00
0.28101 1.42482027e+00
0.28198 1.42484693e+00
0.28296 1.42484267e+00
0.28394 1.42480533e+00
0.28492 1.42477120e+00
0.28591 1.42478720e+00
0.28690 1.42485120e+00
0.28789 1.42490667e+00
0.28889 1.42489920e+00
0.28989 1.42483520e+00
0.29089 1.42477653e+00
0.29190 1.42476800e+00
0.29291 1.42479360e+00
0.29392 1.42480533e+00
0.29494 1.42477760e+00
0.29596 1.42473493e+00
0.29699 1.42471040e+00
0.29801 1.42470400e+00
0.29905 1.42468800e+00
0.30008 1.42464747e+00
0.30112 1.42460160e+00
0.30216 1.42457600e+00
0.30321 1.42456960e+00
0.30426 1.42455680e+00
0.30531 1.42450987e+00
0.30637 1.42443520e+00
0.30743 1.42436693e+00
0.30849 1.42432960e+00
0.30956 1.42431467e+00
0.31063 1.42430080e+00
0.31171 1.42427413e+00
0.31279 1.42423573e+00
0.31387 1.42419093e+00
0.31496 1.42413760e+00
0.31605 1.42407147e+00
0.31714 1.42399680e+00
0.31824 1.42392853e+00
0.31934 1.42388587e+00
0.32044 1.42386667e+00
0.32155 1.42384747e+00
0.32267 1.42380907e+00
0.32378 1.42374720e+00
0.32490 1.42368000e+00
0.32603 1.42362347e+00
0.32716 1.42357547e+00
0.32829 1.42352533e+00
0.32943 1.42346773e+00
0.33057 1.42340267e+00
0.33171 1.42334293e+00
0.33286 1.42329707e+00
0.33401 1.42325867e+00
0.33517 1.42321067e+00
0.33633 1.42314987e+00
0.33749 1.42308693e+00
0.33866 1.42303893e+00
0.33983 1.42301227e+00
0.34101 1.42299413e+00
0.34219 1.42295467e+00
0.34337 1.42287467e+00
0.34456 1.42277013e+00
0.34576 1.42266987e+00
0.34695 1.42260587e+00
0.34815 1.42258667e+00
0.34936 1.42258987e+00
0.35057 1.42258133e+00
0.35178 1.42254080e+00
0.35300 1.42247360e+00
0.35422 1.42240107e+00
0.35545 1.42234133e+00
0.35668 1.42229227e+00
0.35791 1.42223680e+00
0.35915 1.42215467e+00
0.36039 1.42205547e+00
0.36164 1.42196800e+00
0.36289 1.42192213e+00
0.36415 1.42192427e+00
0.36541 1.42195093e+00
0.36668 1.42196053e+00
0.36795 1.42191360e+00
0.36922 1.42180480e+00
0.37050 1.42166400e+00
0.37178 1.42153280e+00
0.37307 1.42144107e+00
0.37436 1.42139520e+00
0.37565 1.42137493e+00
0.37695 1.42135360e+00
0.37826 1.42131200e+00
0.37957 1.42124907e+00
0.38088 1.42117973e+00
0.38220 1.42111040e+00
0.38352 1.42104107e+00
0.38485 1.42096213e+00
0.38618 1.42086293e+00
0.38752 1.42074240e+00
0.38886 1.42061333e+00
0.39021 1.42050027e+00
0.39156 1.42042133e+00
0.39291 1.42037547e+00
0.39427 1.42034453e+00
0.39564 1.42029973e+00
0.39701 1.42021653e+00
0.39838 1.42008640e+00
0.39976 1.41992320e+00
0.40115 1.41975147e+00
0.40253 1.41960000e+00
0.40393 1.41948053e+00
0.40533 1.41939200e+00
0.40673 1.41931627e+00
0.40814 1.41922773e+00
0.40955 1.41910720e+00
0.41097 1.41895253e+00
0.41239 1.41877867e+00
0.41382 1.41860480e+00
0.41525 1.41844800e+00
0.41669 1.41831040e+00
0.41813 1.41818240e+00
0.41958 1.41804373e+00
0.42103 1.41787627e+00
0.42249 1.41767360e+00
0.42395 1.41744640e+00
0.42542 1.41722027e+00
0.42689 1.41701973e+00
0.42837 1.41685547e+00
0.42985 1.41672000e+00
0.43134 1.41659093e+00
0.43283 1.41643627e+00
0.43433 1.41623467e+00
0.43583 1.41597547e+00
0.43734 1.41567360e+00
0.43886 1.41535787e+00
0.44037 1.41506347e+00
0.44190 1.41481493e+00
0.44343 1.41461653e+00
0.44496 1.41445013e+00
0.44650 1.41428267e+00
0.44805 1.41408320e+00
0.44960 1.41382827e+00
0.45116 1.41351680e+00
0.45272 1.41316693e+00
0.45429 1.41281067e+00
0.45586 1.41247893e+00
0.45744 1.41218987e+00
0.45902 1.41194240e+00
0.46061 1.41171307e+00
0.46220 1.41146773e+00
0.46380 1.41117760e+00
0.46541 1.41083307e+00
0.46702 1.41044480e+00
0.46864 1.41004480e+00
0.47026 1.40966400e+00
0.47189 1.40932693e+00
0.47352 1.40903787e+00
0.47516 1.40877973e+00
0.47680 1.40851733e+00
0.47845 1.40821333e+00
0.48011 1.40784427e+00
0.48177 1.40741120e+00
0.48344 1.40693973e+00
0.48511 1.40647147e+00
0.48679 1.40604480e+00
0.48848 1.40567787e+00
0.49017 1.40536427e+00
0.49186 1.40507627e+00
0.49357 1.40477760e+00
0.49528 1.40443627e+00
0.49699 1.40403627e+00
0.49871 1.40358187e+00
0.50044 1.40309440e+00
0.50217 1.40260267e+00
0.50391 1.40213013e+00
0.50565 1.40169067e+00
0.50740 1.40128427e+00
0.50916 1.40089920e+00
0.51092 1.40051520e+00
0.51269 1.40012053e+00
0.51446 1.39971093e+00
0.51625 1.39928960e+00
0.51803 1.39886187e+00
0.51983 1.39842880e+00
0.52163 1.39799040e+00
0.52343 1.39754667e+00
0.52524 1.39709440e+00
0.52706 1.39662827e+00
0.52889 1.39614720e+00
0.53072 1.39565867e+00
0.53255 1.39517333e+00
0.53440 1.39470400e+00
0.53625 1.39425493e+00
0.53810 1.39382613e+00
0.53997 1.39340907e+00
0.54183 1.39299520e+00
0.54371 1.39257067e+00
0.54559 1.39212053e+00
0.54748 1.39164160e+00
0.54938 1.39113813e+00
0.55128 1.39062400e+00
0.55319 1.39011520e+00
0.55510 1.38962560e+00
0.55702 1.38916160e+00
0.55895 1.38872320e+00
0.56089 1.38830613e+00
0.56283 1.38789973e+00
0.56478 1.38748480e+00
0.56673 1.38704640e+00
0.56869 1.38657493e+00
0.57066 1.38606933e+00
0.57264 1.38554133e+00
0.57462 1.38501013e+00
0.57661 1.38449707e+00
0.57860 1.38401707e+00
0.58061 1.38357547e+00
0.58262 1.38316480e+00
0.58463 1.38277440e+00
0.58666 1.38238400e+00
0.58869 1.38197867e+00
0.59073 1.38154453e+00
0.59277 1.38107840e+00
0.59482 1.38058347e+00
0.59688 1.38007253e+00
0.59895 1.37956053e+00
0.60102 1.37906453e+00
0.60310 1.37859307e+00
0.60519 1.37815040e+00
0.60728 1.37773547e+00
0.60939 1.37733973e+00
0.61150 1.37695573e+00
0.61361 1.37657173e+00
0.61574 1.37617387e+00
0.61787 1.37575253e+00
0.62001 1.37530560e+00
0.62215 1.37483733e+00
0.62431 1.37435840e+00
0.62647 1.37388480e+00
0.62864 1.37342827e+00
0.63081 1.37299733e+00
0.63300 1.37259307e+00
0.63519 1.37220800e+00
0.63739 1.37183467e+00
0.63959 1.37146240e+00
0.64181 1.37108267e+00
0.64403 1.37068907e+00
0.64626 1.37028053e+00
0.64849 1.36985920e+00
0.65074 1.36943147e+00
0.65299 1.36900373e+00
0.65525 1.36858240e+00
0.65752 1.36817280e+00
0.65980 1.36777387e+00
0.66208 1.36738880e+00
0.66437 1.36701333e+00
0.66667 1.36664640e+00
0.66898 1.36628480e+00
0.67130 1.36592320e+00
0.67362 1.36555733e+00
0.67595 1.36518507e+00
0.67829 1.36480427e+00
0.68064 1.36441813e+00
0.68299 1.36403200e+00
0.68536 1.36364800e+00
0.68773 1.36327147e+00
0.69011 1.36290347e+00
0.69250 1.36254400e+00
0.69490 1.36219307e+00
0.69730 1.36184533e+00
0.69972 1.36149867e+00
0.70214 1.36114880e+00
0.70457 1.36079360e+00
0.70701 1.36043520e+00
0.70946 1.36007680e+00
0.71191 1.35971947e+00
0.71438 1.35936640e+00
0.71685 1.35901760e+00
0.71933 1.35867307e+00
0.72182 1.35832960e+00
0.72432 1.35798400e+00
0.72683 1.35763627e+00
0.72934 1.35728640e+00
0.73187 1.35693547e+00
0.73440 1.35658453e+00
0.73694 1.35623467e+00
0.73949 1.35588693e+00
0.74205 1.35554027e+00
0.74462 1.35519360e+00
0.74720 1.35484693e+00
0.74979 1.35450027e+00
0.75238 1.35415787e+00
0.75499 1.35381973e+00
0.75760 1.35348693e+00
0.76022 1.35315947e+00
0.76285 1.35283307e+00
0.76549 1.35250347e+00
0.76814 1.35216853e+00
0.77080 1.35182507e+00
0.77347 1.35147093e+00
0.77615 1.35110827e+00
0.77884 1.35073707e+00
0.78153 1.35036267e+00
0.78424 1.34998720e+00
0.78695 1.34961280e+00
0.78968 1.34924267e+00
0.79241 1.34887680e+00
0.79515 1.34851627e+00
0.79790 1.34815893e+00
0.80067 1.34780373e+00
0.80344 1.34744853e+00
0.80622 1.34709120e+00
0.80901 1.34672960e+00
0.81181 1.34636373e+00
0.81462 1.34598933e+00
0.81744 1.34560747e+00
0.82027 1.34521600e+00
0.82311 1.34481493e+00
0.82596 1.34440747e+00
0.82882 1.34399680e+00
0.83169 1.34358613e+00
0.83457 1.34317867e+00
0.83745 1.34277653e+00
0.84035 1.34237867e+00
0.84326 1.34198293e+00
0.84618 1.34158400e+00
0.84911 1.34117973e+00
0.85205 1.34076373e+00
0.85500 1.34033600e+00
0.85796 1.33989440e+00
0.86093 1.33943787e+00
0.86391 1.33896960e+00
0.86690 1.33849173e+00
0.86990 1.33800747e+00
0.87291 1.33751893e+00
0.87593 1.33702933e+00
0.87897 1.33653973e+00
0.88201 1.33605120e+00
0.88506 1.33556480e+00
0.88813 1.33508160e+00
0.89120 1.33459947e+00
0.89428 1.33412053e+00
0.89738 1.33364267e+00
0.90049 1.33316267e+00
0.90360 1.33267733e+00
0.90673 1.33218027e+00
0.90987 1.33167040e+00
0.91302 1.33114240e+00
0.91618 1.33059413e+00
0.91935 1.33002773e+00
0.92253 1.32944213e+00
0.92573 1.32884053e+00
0.92893 1.32822720e+00
0.93215 1.32760427e+00
0.93537 1.32697707e+00
0.93861 1.32634880e+00
0.94186 1.32572160e+00
0.94512 1.32509867e+00
0.94839 1.32447893e+00
0.95168 1.32386347e+00
0.95497 1.32324800e+00
0.95828 1.32263040e+00
0.96159 1.32200640e+00
0.96492 1.32137387e+00
0.96826 1.32072747e+00
0.97161 1.32006720e+00
0.97498 1.31939093e+00
0.97835 1.31869760e+00
0.98174 1.31798720e+00
0.98514 1.31725973e+00
0.98855 1.31651840e+00
0.99197 1.31576640e+00
0.99540 1.31500693e+00
0.99885 1.31424427e+00
1.00231 1.31348053e+00
1.00578 1.31271573e+00
1.00926 1.31195093e+00
1.01275 1.31118507e+00
1.01626 1.31041813e+00
1.01978 1.30964693e+00
1.02330 1.30887147e+00
1.02685 1.30808853e+00
1.03040 1.30729173e+00
1.03397 1.30647680e+00
1.03755 1.30564053e+00
1.04114 1.30477973e+00
1.04474 1.30389440e+00
1.04836 1.30298560e+00
1.05199 1.30205653e+00
1.05563 1.30111040e+00
1.05928 1.30015147e+00
1.06295 1.29918400e+00
1.06663 1.29821227e+00
1.07032 1.29724267e+00
1.07403 1.29627947e+00
1.07775 1.29532587e+00
1.08148 1.29438400e+00
1.08522 1.29345067e+00
1.08898 1.29252373e+00
1.09275 1.29159787e+00
1.09653 1.29066560e+00
1.10032 1.28972373e+00
1.10413 1.28876693e+00
1.10796 1.28779200e+00
1.11179 1.28679467e+00
1.11564 1.28577387e+00
1.11950 1.28472747e+00
1.12338 1.28365333e+00
1.12726 1.28255360e+00
1.13117 1.28142827e+00
1.13508 1.28028160e+00
1.13901 1.27911787e+00
1.14295 1.27794133e+00
1.14691 1.27675520e+00
1.15088 1.27556373e+00
1.15487 1.27436800e+00
1.15886 1.27317333e+00
1.16287 1.27197973e+00
1.16690 1.27079040e+00
1.17094 1.26960640e+00
1.17499 1.26842880e+00
1.17906 1.26725547e+00
1.18314 1.26608427e+00
1.18724 1.26491093e+00
1.19135 1.26373120e+00
1.19547 1.26254080e+00
1.19961 1.26133333e+00
1.20376 1.26010560e+00
1.20793 1.25885440e+00
1.21211 1.25757867e+00
1.21630 1.25627733e+00
1.22052 1.25495147e+00
1.22474 1.25360427e+00
1.22898 1.25223893e+00
1.23323 1.25085867e+00
1.23750 1.24946880e+00
1.24179 1.24807467e+00
1.24609 1.24668053e+00
1.25040 1.24528960e+00
1.25473 1.24390293e+00
1.25907 1.24252267e+00
1.26343 1.24114667e+00
1.26780 1.23977387e+00
1.27219 1.23840107e+00
1.27659 1.23702400e+00
1.28101 1.23564160e+00
1.28545 1.23424747e+00
1.28990 1.23283947e+00
1.29436 1.23141440e+00
1.29884 1.22997013e+00
1.30334 1.22850560e+00
1.30785 1.22701867e+00
1.31238 1.22551040e+00
1.31692 1.22398080e+00
1.32148 1.22243200e+00
1.32605 1.22086507e+00
1.33064 1.21928320e+00
1.33525 1.21768853e+00
1.33987 1.21608213e+00
1.34451 1.21446613e+00
1.34916 1.21284373e+00
1.35383 1.21121707e+00
1.35852 1.20958720e+00
1.36322 1.20795520e+00
1.36794 1.20632533e+00
1.37268 1.20469653e+00
1.37743 1.20307307e+00
1.38220 1.20145280e+00
1.38698 1.19983787e+00
1.39178 1.19822720e+00
1.39660 1.19662080e+00
1.40144 1.19501653e+00
1.40629 1.19341227e+00
1.41115 1.19180587e+00
1.41604 1.19019200e+00
1.42094 1.18856960e+00
1.42586 1.18693440e+00
1.43080 1.18528427e+00
1.43575 1.18361493e+00
1.44072 1.18192533e+00
1.44571 1.18021440e+00
1.45071 1.17848213e+00
1.45573 1.17672853e+00
1.46077 1.17495467e+00
1.46583 1.17316373e+00
1.47090 1.17135680e+00
1.47599 1.16953707e+00
1.48110 1.16770667e+00
1.48623 1.16586880e+00
1.49137 1.16402560e+00
1.49654 1.16218027e+00
1.50172 1.16033280e+00
1.50692 1.15848640e+00
1.51213 1.15664000e+00
1.51737 1.15479573e+00
1.52262 1.15295253e+00
1.52789 1.15110933e+00
1.53318 1.14926507e+00
1.53849 1.14741973e+00
1.54381 1.14557120e+00
1.54916 1.14371733e+00
1.55452 1.14185813e+00
1.55990 1.13999147e+00
1.56530 1.13811733e+00
1.57072 1.13623573e+00
1.57615 1.13434453e+00
1.58161 1.13244480e+00
1.58709 1.13053653e+00
1.59258 1.12861973e+00
1.59809 1.12669547e+00
1.60362 1.12476373e+00
1.60918 1.12282560e+00
1.61475 1.12088107e+00
1.62034 1.11893120e+00
1.62594 1.11697600e+00
1.63157 1.11501547e+00
1.63722 1.11304960e+00
1.64289 1.11108053e+00
1.64857 1.10910720e+00
1.65428 1.10712960e+00
1.66001 1.10514773e+00
1.66575 1.10316373e+00
1.67152 1.10117760e+00
1.67731 1.09918827e+00
1.68311 1.09719893e+00
1.68894 1.09520747e+00
1.69478 1.09321493e+00
1.70065 1.09122240e+00
1.70654 1.08922880e+00
1.71245 1.08723413e+00
1.71837 1.08523840e+00
1.72432 1.08324053e+00
1.73029 1.08123947e+00
1.73628 1.07923307e+00
1.74229 1.07722240e+00
1.74832 1.07520320e+00
1.75437 1.07317547e+00
1.76045 1.07113813e+00
1.76654 1.06908907e+00
1.77266 1.06702827e+00
1.77879 1.06495403e+00
1.78495 1.06286571e+00
1.79113 1.06076331e+00
1.79733 1.05864672e+00
1.80355 1.05651648e+00
1.80979 1.05437333e+00
1.81606 1.05221824e+00
1.82234 1.05005280e+00
1.82865 1.04787851e+00
1.83498 1.04569739e+00
1.84133 1.04351136e+00
1.84771 1.04132256e+00
1.85410 1.03913333e+00
1.86052 1.03694549e+00
1.86696 1.03476117e+00
1.87342 1.03258219e+00
1.87991 1.03041003e+00
1.88642 1.02824597e+00
1.89295 1.02609120e+00
1.89950 1.02394613e+00
1.90607 1.02181141e+00
1.91267 1.01968693e+00
1.91929 1.01757259e+00
1.92594 1.01546773e+00
1.93260 1.01337152e+00
1.93929 1.01128320e+00
1.94601 1.00920128e+00
1.95274 1.00712459e+00
1.95950 1.00505152e+00
1.96629 1.00298080e+00
1.97309 1.00091072e+00
1.97992 9.98839680e-01
1.98678 9.96766293e-01
1.99365 9.94688853e-01
2.00055 9.92606187e-01
2.00748 9.90516907e-01
2.01443 9.88419733e-01
2.02140 9.86313600e-01
2.02840 9.84197440e-01
2.03542 9.82070613e-01
2.04247 9.79932160e-01
2.04954 9.77781760e-01
2.05663 9.75618880e-01
2.06375 9.73443413e-01
2.07090 9.71255147e-01
2.07806 9.69054507e-01
2.08526 9.66841600e-01
2.09247 9.64617067e-01
2.09972 9.62381653e-01
2.10699 9.60136213e-01
2.11428 9.57881813e-01
2.12160 9.55619733e-01
2.12894 9.53351253e-01
2.13631 9.51077760e-01
2.14371 9.48800853e-01
2.15113 9.46522027e-01
2.15857 9.44242773e-01
2.16605 9.41964693e-01
2.17354 9.39689280e-01
2.18107 9.37417813e-01
2.18862 9.35151680e-01
2.19619 9.32892053e-01
2.20380 9.30639787e-01
2.21143 9.28395947e-01
2.21908 9.26161067e-01
2.22676 9.23935573e-01
2.23447 9.21720000e-01
2.24220 9.19514133e-01
2.24997 9.17317973e-01
2.25775 9.15131307e-01
2.26557 9.12953600e-01
2.27341 9.10784213e-01
2.28128 9.08622400e-01
2.28918 9.06467200e-01
2.29710 9.04317760e-01
2.30505 9.02172800e-01
2.31303 9.00031467e-01
2.32104 8.97892373e-01
2.32908 8.95754453e-01
2.33714 8.93616640e-01
2.34523 8.91477653e-01
2.35335 8.89336533e-01
2.36149 8.87192427e-01
2.36967 8.85044373e-01
2.37787 8.82891733e-01
2.38610 8.80733760e-01
2.39436 8.78570133e-01
2.40265 8.76400427e-01
2.41097 8.74224533e-01
2.41931 8.72042453e-01
2.42769 8.69854293e-01
2.43609 8.67660373e-01
2.44452 8.65461013e-01
2.45298 8.63256747e-01
2.46148 8.61048320e-01
2.47000 8.58836267e-01
2.47855 8.56621440e-01
2.48713 8.54404587e-01
2.49574 8.52186667e-01
2.50438 8.49968427e-01
2.51304 8.47750827e-01
2.52174 8.45534720e-01
2.53047 8.43320747e-01
2.53923 8.41109867e-01
2.54802 8.38902827e-01
2.55684 8.36700053e-01
2.56569 8.34502293e-01
2.57457 8.32309867e-01
2.58349 8.30123413e-01
2.59243 8.27942933e-01
2.60140 8.25768853e-01
2.61041 8.23601173e-01
2.61944 8.21440107e-01
2.62851 8.19285333e-01
2.63761 8.17136747e-01
2.64674 8.14994347e-01
2.65590 8.12857600e-01
2.66510 8.10726293e-01
2.67432 8.08599893e-01
2.68358 8.06477973e-01
2.69287 8.04360107e-01
2.70219 8.02245653e-01
2.71154 8.00134080e-01
2.72093 7.98024960e-01
2.73035 7.95917547e-01
2.73980 7.93811307e-01
2.74928 7.91705707e-01
2.75880 7.89600320e-01
2.76835 7.87494613e-01
2.77793 7.85387947e-01
2.78755 7.83280107e-01
2.79720 7.81170667e-01
2.80688 7.79059307e-01
2.81660 7.76945813e-01
2.82635 7.74829760e-01
2.83613 7.72711253e-01
2.84595 7.70590187e-01
2.85580 7.68466347e-01
2.86569 7.66340053e-01
2.87561 7.64211200e-01
2.88556 7.62080000e-01
2.89555 7.59946880e-01
2.90557 7.57811947e-01
2.91563 7.55675627e-01
2.92572 7.53538347e-01
2.93585 7.51400533e-01
2.94601 7.49262720e-01
2.95621 7.47125440e-01
2.96644 7.44989333e-01
2.97671 7.42854827e-01
2.98702 7.40722560e-01
2.99736 7.38593280e-01
3.00773 7.36467627e-01
3.01814 7.34346027e-01
3.02859 7.32229333e-01
3.03907 7.30117973e-01
3.04960 7.28012693e-01
3.06015 7.25913920e-01
3.07074 7.23822293e-01
3.08137 7.21738133e-01
3.09204 7.19662080e-01
3.10274 7.17594347e-01
3.11348 7.15535467e-01
3.12426 7.13485547e-01
3.13508 7.11445013e-01
3.14593 7.09413867e-01
3.15682 7.07392213e-01
3.16775 7.05380160e-01
3.17871 7.03377813e-01
3.18972 7.01384853e-01
3.20076 6.99401280e-01
3.21184 6.97426880e-01
3.22295 6.95461440e-01
3.23411 6.93504427e-01
3.24531 6.91555733e-01
3.25654 6.89614827e-01
3.26781 6.87681280e-01
3.27912 6.85754560e-01
3.29047 6.83834027e-01
3.30187 6.81919360e-01
3.31330 6.80009813e-01
3.32476 6.78104853e-01
3.33627 6.76203840e-01
3.34782 6.74306133e-01
3.35941 6.72411093e-01
3.37104 6.70518187e-01
3.38271 6.68626773e-01
3.39442 6.66736320e-01
3.40617 6.64846293e-01
3.41796 6.62955947e-01
3.42979 6.61065067e-01
3.44166 6.59173013e-01
3.45358 6.57279467e-01
3.46553 6.55383893e-01
3.47753 6.53486187e-01
3.48957 6.51585920e-01
3.50164 6.49682773e-01
3.51377 6.47776853e-01
3.52593 6.45867733e-01
3.53814 6.43955627e-01
3.55038 6.42040213e-01
3.56267 6.40121707e-01
3.57500 6.38200213e-01
3.58738 6.36275733e-01
3.59980 6.34348587e-01
3.61226 6.32418880e-01
3.62476 6.30487040e-01
3.63731 6.28553173e-01
3.64990 6.26617813e-01
3.66254 6.24681173e-01
3.67521 6.22743787e-01
3.68794 6.20805973e-01
3.70070 6.18868373e-01
3.71351 6.16931307e-01
3.72637 6.14995307e-01
3.73927 6.13060800e-01
3.75221 6.11128427e-01
3.76520 6.09198507e-01
3.77823 6.07271787e-01
3.79131 6.05348587e-01
3.80443 6.03429333e-01
3.81760 6.01514667e-01
3.83082 5.99605013e-01
3.84408 5.97700693e-01
3.85739 5.95802133e-01
3.87074 5.93909867e-01
3.88414 5.92024107e-01
3.89758 5.90145173e-01
3.91107 5.88273493e-01
3.92461 5.86409280e-01
3.93820 5.84552747e-01
3.95183 5.82704000e-01
3.96551 5.80863467e-01
3.97924 5.79030933e-01
3.99301 5.77206827e-01
4.00683 5.75390933e-01
4.02070 5.73583467e-01
4.03462 5.71784320e-01
4.04859 5.69993493e-01
4.06260 5.68210880e-01
4.07667 5.66436373e-01
4.09078 5.64669973e-01
4.10494 5.62911360e-01
4.11915 5.61160427e-01
4.13341 5.59416960e-01
4.14771 5.57680747e-01
4.16207 5.55951467e-01
4.17648 5.54228907e-01
4.19094 5.52512960e-01
4.20545 5.50803093e-01
4.22000 5.49099093e-01
4.23461 5.47400747e-01
4.24927 5.45707733e-01
4.26398 5.44019733e-01
4.27874 5.42336320e-01
4.29355 5.40657387e-01
4.30841 5.38982507e-01
4.32332 5.37311467e-01
4.33829 5.35644053e-01
4.35331 5.33979840e-01
4.36838 5.32318720e-01
4.38350 5.30660373e-01
4.39867 5.29004587e-01
4.41390 5.27351253e-01
4.42918 5.25700053e-01
4.44451 5.24050880e-01
4.45990 5.22403627e-01
4.47533 5.20758080e-01
4.49083 5.19114240e-01
4.50637 5.17472000e-01
4.52197 5.15831360e-01
4.53762 5.14192107e-01
4.55333 5.12554347e-01
4.56909 5.10918080e-01
4.58491 5.09283307e-01
4.60078 5.07650133e-01
4.61670 5.06018667e-01
4.63269 5.04388800e-01
4.64872 5.02760853e-01
4.66481 5.01134827e-01
4.68096 4.99510933e-01
4.69717 4.97889173e-01
4.71343 4.96269973e-01
4.72974 4.94653227e-01
4.74611 4.93039360e-01
4.76254 4.91428480e-01
4.77903 4.89820800e-01
4.79557 4.88216533e-01
4.81217 4.86615893e-01
4.82883 4.85019200e-01
4.84555 4.83426667e-01
4.86232 4.81838400e-01
4.87915 4.80254720e-01
4.89604 4.78675947e-01
4.91299 4.77102080e-01
4.92999 4.75533653e-01
4.94706 4.73970773e-01
4.96418 4.72413547e-01
4.98137 4.70862293e-01
4.99861 4.69317333e-01
5.01591 4.67778667e-01
5.03328 4.66246507e-01
5.05070 4.64721280e-01
5.06818 4.63202880e-01
5.08573 4.61691627e-01
5.10333 4.60187627e-01
5.12100 4.58690987e-01
5.13873 4.57202027e-01
5.15651 4.55720533e-01
5.17436 4.54246933e-01
5.19228 4.52781013e-01
5.21025 4.51323200e-01
5.22828 4.49873173e-01
5.24638 4.48431253e-01
5.26454 4.46997440e-01
5.28277 4.45571627e-01
5.30105 4.44153920e-01
5.31940 4.42744320e-01
5.33782 4.41342720e-01
5.35629 4.39949120e-01
5.37484 4.38563520e-01
5.39344 4.37185707e-01
5.41211 4.35815787e-01
5.43084 4.34453653e-01
5.44965 4.33098987e-01
5.46851 4.31751893e-01
5.48744 4.30412267e-01
5.50643 4.29079787e-01
5.52550 4.27754347e-01
5.54462 4.26435947e-01
5.56381 4.25124267e-01
5.58308 4.23819093e-01
5.60240 4.22520427e-01
5.62179 4.21227840e-01
5.64125 4.19941333e-01
5.66078 4.18660587e-01
5.68038 4.17385387e-01
5.70004 4.16115627e-01
5.71977 4.14850880e-01
5.73957 4.13591147e-01
5.75944 4.12336000e-01
5.77938 4.11085227e-01
5.79938 4.09838720e-01
5.81946 4.08596053e-01
5.83960 4.07357120e-01
5.85982 4.06121707e-01
5.88010 4.04889387e-01
5.90045 4.03660053e-01
5.92088 4.02433493e-01
5.94137 4.01209387e-01
5.96194 3.99987520e-01
5.98258 3.98767573e-01
6.00329 3.97549440e-01
6.02407 3.96332907e-01
6.04492 3.95117653e-01
6.06585 3.93903467e-01
6.08684 3.92690133e-01
6.10791 3.91477547e-01
6.12906 3.90265387e-01
6.15027 3.89053547e-01
6.17156 3.87841707e-01
6.19293 3.86629760e-01
6.21436 3.85417600e-01
6.23588 3.84204907e-01
6.25746 3.82991680e-01
6.27912 3.81777600e-01
6.30086 3.80562667e-01
6.32267 3.79346667e-01
6.34455 3.78129493e-01
6.36652 3.76911040e-01
6.38856 3.75691200e-01
6.41067 3.74469867e-01
6.43286 3.73246933e-01
6.45513 3.72022293e-01
6.47747 3.70795947e-01
6.49990 3.69567787e-01
6.52240 3.68337707e-01
6.54497 3.67105707e-01
6.56763 3.65871680e-01
6.59037 3.64635733e-01
6.61318 3.63397760e-01
6.63607 3.62157760e-01
6.65904 3.60915733e-01
6.68209 3.59671680e-01
6.70522 3.58425600e-01
6.72843 3.57177600e-01
6.75172 3.55927467e-01
6.77510 3.54675520e-01
6.79855 3.53421547e-01
6.82208 3.52165760e-01
6.84570 3.50908160e-01
6.86939 3.49648853e-01
6.89317 3.48387840e-01
6.91704 3.47125227e-01
6.94098 3.45861013e-01
6.96500 3.44595413e-01
6.98911 3.43328427e-01
7.01331 3.42060267e-01
7.03759 3.40790827e-01
7.06195 3.39520320e-01
7.08639 3.38248747e-01
7.11092 3.36976427e-01
7.13554 3.35703360e-01
7.16024 3.34429547e-01
7.18502 3.33155307e-01
7.20990 3.31880640e-01
7.23485 3.30605653e-01
7.25990 3.29330560e-01
7.28503 3.28055360e-01
7.31025 3.26780267e-01
7.33555 3.25505387e-01
7.36094 3.24230933e-01
7.38642 3.22956907e-01
7.41199 3.21683413e-01
7.43765 3.20410773e-01
7.46340 3.19138880e-01
7.48923 3.17868053e-01
7.51516 3.16598400e-01
7.54117 3.15329920e-01
7.56727 3.14062933e-01
7.59347 3.12797440e-01
7.61975 3.11533547e-01
7.64613 3.10271360e-01
7.67260 3.09011200e-01
7.69916 3.07753067e-01
7.72581 3.06496960e-01
7.75255 3.05243200e-01
7.77939 3.03991787e-01
7.80632 3.03310613e-01
7.83334 3.04493227e-01
7.86046 3.05688427e-01
7.88767 3.06896427e-01
7.91497 3.08117547e-01
7.94237 3.09352000e-01
7.96986 3.10600000e-01
7.99745 3.11861867e-01
8.02513 3.13986453e-01
8.05291 3.16221760e-01
8.08079 3.18482453e-01
8.10876 3.20768960e-01
8.13683 3.23081387e-01
8.16500 3.25420267e-01
8.19326 3.27785920e-01
8.22162 3.29907200e-01
8.25008 3.31969067e-01
8.27864 3.34055893e-01
8.30730 3.36168213e-01
8.33605 3.38306027e-01
8.36491 3.40469760e-01
8.39386 3.42659307e-01
8.42292 3.45056000e-01
8.45208 3.47531413e-01
8.48133 3.50038080e-01
8.51069 3.52576107e-01
8.54016 3.55145707e-01
8.56972 3.57747093e-01
8.59938 3.60380480e-01
8.62915 3.63212267e-01
8.65902 3.66083947e-01
8.68899 3.68992427e-01
8.71907 3.71937707e-01
8.74925 3.74920213e-01
8.77954 3.77940053e-01
8.80993 3.81185707e-01
8.84043 3.84865387e-01
8.87103 3.88595413e-01
8.90174 3.92376000e-01
8.93255 3.96207680e-01
8.96347 4.00090560e-01
8.99450 4.04025173e-01
9.02563 4.07947840e-01
9.05688 4.11911360e-01
9.08823 4.15929920e-01
9.11969 4.20003947e-01
9.15126 4.24133653e-01
9.18294 4.28319360e-01
9.21472 4.32962560e-01
9.24662 4.38142080e-01
9.27863 4.43398080e-01
9.31075 4.48730880e-01
9.34298 4.54141333e-01
9.37532 4.59629867e-01
9.40777 4.65432427e-01
9.44034 4.72080427e-01
9.47302 4.78837120e-01
9.50581 4.85703253e-01
9.53871 4.92679893e-01
9.57173 4.99767893e-01
9.60487 5.07007253e-01
9.63811 5.14592213e-01
9.67148 5.22301973e-01
9.70495 5.30137707e-01
9.73855 5.38100373e-01
9.77226 5.46191040e-01
9.80609 5.54790187e-01
9.84003 5.65289387e-01
9.87409 5.75985173e-01
9.90827 5.86879680e-01
9.94257 5.97974613e-01
9.97699 6.09271893e-01
10.01153 6.21326400e-01
10.04618 6.34733013e-01
10.08096 6.48407680e-01
10.11585 6.62352640e-01
10.15087 6.76569920e-01
10.18601 6.91061227e-01
10.22127 7.07498240e-01
10.25665 7.25392747e-01
10.29215 7.43665493e-01
10.32778 7.62317973e-01
10.36353 7.81350827e-01
10.39941 8.00764267e-01
10.43540 8.22477760e-01
10.47153 8.44671040e-01
10.50777 8.67311467e-01
10.54415 8.90397120e-01
10.58065 9.13925440e-01
10.61727 9.37144747e-01
10.65403 9.59927467e-01
10.69091 9.83100480e-01
10.72791 1.00666272e+00
10.76505 1.03061291e+00
10.80231 1.05464192e+00
10.83971 1.07434027e+00
10.87723 1.09431360e+00
10.91488 1.11456213e+00
10.95266 1.13508693e+00
10.99058 1.15589227e+00
11.02862 1.17264320e+00
11.06680 1.18814827e+00
11.10511 1.20382827e+00
11.14355 1.21968213e+00
11.18212 1.23571307e+00
11.22083 1.25057493e+00
11.25967 1.26442880e+00
11.29865 1.27842347e+00
11.33776 1.29255893e+00
11.37701 1.30683627e+00
11.41639 1.31970240e+00
11.45591 1.33049067e+00
11.49556 1.34136853e+00
11.53536 1.35233600e+00
11.57529 1.36339413e+00
11.61536 1.37324267e+00
11.65556 1.38106240e+00
11.69591 1.38892907e+00
11.73640 1.39684267e+00
11.77702 1.40480320e+00
11.81779 1.41180160e+00
11.85870 1.41752427e+00
11.89975 1.42327253e+00
11.94094 1.42904533e+00
11.98227 1.43484267e+00
12.02375 1.44015787e+00
12.06537 1.44511360e+00
12.10714 1.45008747e+00
12.14905 1.45507947e+00
12.19110 1.46008960e+00
12.23330 1.46511573e+00
12.27565 1.47016000e+00
12.31814 1.47522027e+00
12.36078 1.48029760e+00
12.40357 1.48539093e+00
12.44651 1.49050027e+00
12.48959 1.49562453e+00
12.53283 1.49993920e+00
12.57621 1.50400107e+00
12.61974 1.50807147e+00
12.66343 1.51214827e+00
12.70726 1.51623360e+00
12.75125 1.52032533e+00
12.79539 1.52442347e+00
12.83968 1.52852907e+00
12.88413 1.53263893e+00
12.92873 1.53675520e+00
12.97348 1.54087680e+00
13.01839 1.54469227e+00
13.06345 1.54805973e+00
13.10867 1.55142827e+00
13.15405 1.55479680e+00
13.19959 1.55816427e+00
13.24528 1.56153067e+00
13.29113 1.56489600e+00
13.33713 1.56825920e+00
13.38330 1.57162027e+00
13.42963 1.57497920e+00
13.47612 1.57833387e+00
13.52277 1.58132053e+00
13.56958 1.58391893e+00
13.61655 1.58650987e+00
13.66368 1.58909333e+00
13.71098 1.59166933e+00
13.75844 1.59423680e+00
13.80607 1.59679467e+00
13.85386 1.59934400e+00
13.90182 1.60188373e+00
13.94994 1.60441280e+00
13.99823 1.60693120e+00
14.04668 1.60921387e+00
14.09531 1.61147947e+00
14.14410 1.61373333e+00
14.19306 1.61597760e+00
14.24219 1.61820907e+00
14.29149 1.62042987e+00
14.34096 1.62263787e+00
14.39060 1.62483413e+00
14.44042 1.62701653e+00
14.49041 1.62918507e+00
14.54057 1.63188693e+00
14.59090 1.63470613e+00
14.64141 1.63751360e+00
14.69209 1.64030720e+00
14.74295 1.64308693e+00
14.79398 1.64585280e+00
14.84519 1.64860373e+00
14.89658 1.65133973e+00
14.94814 1.65405973e+00
14.99989 1.65676373e+00
15.05181 1.65936747e+00
15.10392 1.66194773e+00
15.15620 1.66450347e+00
15.20866 1.66703467e+00
15.26131 1.66954027e+00
15.31414 1.67201920e+00
15.36715 1.67447147e+00
15.42034 1.67689493e+00
15.47372 1.67929173e+00
15.52729 1.68125333e+00
15.58103 1.68278933e+00
15.63497 1.68428587e+00
15.68909 1.68574187e+00
15.74340 1.68715733e+00
15.79790 1.68853120e+00
15.85258 1.68986347e+00
15.90746 1.69115200e+00
15.96252 1.69239787e+00
16.01778 1.69328960e+00
16.07323 1.69348053e+00
16.12886 1.69362027e+00
16.18470 1.69370773e+00
16.24072 1.69374400e+00
16.29694 1.69372693e+00
16.35335 1.69365653e+00
16.40996 1.69353173e+00
16.46677 1.69335360e+00
16.52377 1.69271253e+00
16.58097 1.69144640e+00
16.63836 1.69012267e+00
16.69596 1.68874027e+00
16.75375 1.68729920e+00
16.81175 1.68579947e+00
16.86994 1.68424000e+00
16.92834 1.68262187e+00
16.98694 1.68094400e+00
17.04574 1.67854507e+00
17.10474 1.67589547e+00
17.16395 1.67318507e+00
17.22337 1.67041173e+00
17.28299 1.66757760e+00
17.34281 1.66468160e+00
17.40285 1.66172480e+00
17.46309 1.65870613e+00
17.52354 1.65505707e+00
17.58420 1.65045547e+00
17.64507 1.64579520e+00
17.70615 1.64107733e+00
17.76744 1.63630293e+00
17.82894 1.63147093e+00
17.89066 1.62658240e+00
17.95259 1.62163840e+00
18.01473 1.61631893e+00
18.07709 1.60991893e+00
18.13967 1.60347093e+00
18.20246 1.59697707e+00
18.26547 1.59043733e+00
18.32870 1.58385173e+00
18.39214 1.57722240e+00
18.45581 1.57054933e+00
18.51969 1.56335787e+00
18.58380 1.55506560e+00
18.64813 1.54674560e+00
18.71268 1.53839787e+00
18.77746 1.53002347e+00
18.84246 1.52162560e+00
18.90768 1.51320320e+00
18.97313 1.50475733e+00
19.03881 1.49573227e+00
19.10472 1.48630933e+00
19.17085 1.47688000e+00
19.23721 1.46744533e+00
19.30380 1.45800747e+00
19.37062 1.44856640e+00
19.43768 1.43912427e+00
19.50496 1.42961707e+00
19.57248 1.41932267e+00
19.64023 1.40904213e+00
19.70822 1.39877867e+00
19.77644 1.38853227e+00
19.84490 1.37830507e+00
19.91359 1.36809600e+00
19.98252 1.35790933e+00
20.05169 1.34793173e+00
20.12110 1.33804693e+00
20.19076 1.32819200e+00
20.26065 1.31836800e+00
20.33078 1.30857493e+00
20.40116 1.29881387e+00
20.47178 1.28908693e+00
20.54264 1.27939413e+00
20.61375 1.26973547e+00
20.68511 1.26011307e+00
20.75671 1.25052693e+00
20.82856 1.24097707e+00
20.90066 1.23146560e+00
20.97301 1.22199253e+00
21.04561 1.21333333e+00
21.11846 1.20517013e+00
21.19157 1.19704000e+00
21.26492 1.18894400e+00
21.33853 1.18088213e+00
21.41240 1.17285547e+00
21.48652 1.16486400e+00
21.56090 1.15690880e+00
21.63553 1.14898880e+00
21.71043 1.14110507e+00
21.78558 1.13325867e+00
21.86099 1.12544747e+00
21.93666 1.11767467e+00
22.01260 1.11022293e+00
22.08880 1.10423467e+00
22.16526 1.09826987e+00
22.24199 1.09232960e+00
22.31898 1.08641387e+00
22.39624 1.08052160e+00
22.47377 1.07465387e+00
22.55156 1.06881067e+00
22.62962 1.06299211e+00
22.70796 1.05719808e+00
22.78656 1.05142859e+00
22.86544 1.04568395e+00
22.94459 1.03996405e+00
23.02402 1.03470805e+00
23.10372 1.03048373e+00
23.18369 1.02627264e+00
23.26394 1.02207467e+00
23.34447 1.01788981e+00
23.42528 1.01371829e+00
23.50637 1.00956011e+00
23.58774 1.00541525e+00
23.66939 1.00128373e+00
23.75133 9.97165653e-01
23.83354 9.93061013e-01
23.91604 9.88969813e-01
23.99883 9.84892267e-01
24.08191 9.81726720e-01
24.16527 9.78579840e-01
24.24892 9.75438827e-01
24.33286 9.72303787e-01
24.41709 9.69174613e-01
24.50161 9.66051520e-01
24.58642 9.62934507e-01
24.67153 9.59823680e-01
24.75693 9.56718933e-01
24.84263 9.53620373e-01
24.92863 9.50528107e-01
25.01492 9.47432533e-01
25.10151 9.44294720e-01
25.18840 9.41159253e-01
25.27559 9.38026453e-01
25.36309 9.34896320e-01
25.45088 9.31768960e-01
25.53898 9.28644480e-01
25.62739 9.25522880e-01
25.71610 9.22404373e-01
25.80512 9.19288853e-01
25.89444 9.16176640e-01
25.98408 9.13067733e-01
26.07403 9.09569173e-01
26.16428 9.05989867e-01
26.25485 9.02414720e-01
26.34574 8.98843840e-01
26.43694 8.95277440e-01
26.52845 8.91715520e-01
26.62028 8.88158187e-01
26.71243 8.84605653e-01
26.80489 8.81057920e-01
26.89768 8.77515200e-01
26.99079 8.73977600e-01
27.08422 8.69568427e-01
27.17798 8.65074347e-01
27.27205 8.60591893e-01
27.36646 8.56121173e-01
27.46119 8.51662293e-01
27.55625 8.47215360e-01
27.65164 8.42780587e-01
27.74736 8.38357973e-01
27.84341 8.33947627e-01
27.93979 8.29549867e-01
28.03650 8.24916587e-01
28.13355 8.19891093e-01
28.23094 8.14885653e-01
28.32867 8.09900267e-01
28.42673 8.04935040e-01
28.52513 7.99989973e-01
28.62387 7.95065173e-01
28.72295 7.90160747e-01
28.82238 7.85276693e-01
28.92215 7.80413227e-01
29.02227 7.75433707e-01
29.12273 7.70002027e-01
29.22354 7.64599467e-01
29.32470 7.59226133e-01
29.42621 7.53881920e-01
29.52807 7.48566827e-01
29.63029 7.43280853e-01
29.73286 7.38024000e-01
29.83578 7.32796160e-01
29.93906 7.27597440e-01
30.04269 7.22225387e-01
30.14669 7.16598933e-01
30.25104 7.11009920e-01
30.35576 7.05458027e-01
30.46084 6.99943360e-01
30.56628 6.94465600e-01
30.67209 6.89024853e-01
30.77826 6.83620693e-01
30.88481 6.78253227e-01
30.99172 6.72922240e-01
31.09900 6.67627520e-01
31.20665 6.62369067e-01
31.31467 6.57146560e-01
31.42307 6.51960000e-01
31.53184 6.46809280e-01
31.64099 6.41694080e-01
31.75052 6.36614400e-01
31.86043 6.31570133e-01
31.97072 6.26560853e-01
32.08139 6.21456533e-01
32.19244 6.16344107e-01
32.30388 6.11270827e-01
32.41570 6.06236480e-01
32.52791 6.01240747e-01
32.64051 5.96283520e-01
32.75349 5.91364587e-01
32.86687 5.86483627e-01
32.98064 5.81640427e-01
33.09481 5.76834773e-01
33.20937 5.72066453e-01
33.32433 5.67335253e-01
33.43968 5.62640960e-01
33.55544 5.57983253e-01
33.67159 5.53362027e-01
33.78815 5.48776960e-01
33.90511 5.44227733e-01
34.02247 5.39752427e-01
34.14024 5.35472747e-01
34.25842 5.31226347e-01
34.37701 5.27013013e-01
34.49601 5.22832427e-01
34.61542 5.18684587e-01
34.73525 5.14568960e-01
34.85549 5.10485547e-01
34.97614 5.06434133e-01
35.09721 5.02414400e-01
35.21871 4.98426027e-01
35.34062 4.94469013e-01
35.46295 4.90543040e-01
35.58571 4.86647893e-01
35.70889 4.82783360e-01
35.83250 4.78949227e-01
35.95654 4.75145173e-01
36.08101 4.71499307e-01
36.20590 4.67950080e-01
36.33123 4.64427840e-01
36.45700 4.60932587e-01
36.58320 4.57464000e-01
36.70983 4.54021867e-01
36.83691 4.50606080e-01
36.96442 4.47216427e-01
37.09238 4.43852693e-01
37.22077 4.40514667e-01
37.34962 4.37202240e-01
37.47890 4.33915093e-01
37.60864 4.30653120e-01
37.73883 4.27416107e-01
37.86946 4.24203947e-01
38.00055 4.21017387e-01
38.13209 4.18090240e-01
38.26409 4.15184320e-01
38.39654 4.12299413e-01
38.52946 4.09435413e-01
38.66283 4.06592000e-01
38.79667 4.03769280e-01
38.93096 4.00967040e-01
39.06573 3.98184960e-01
39.20096 3.95423040e-01
39.33665 3.92681067e-01
39.47282 3.89958933e-01
39.60946 3.87256533e-01
39.74657 3.84573653e-01
39.88416 3.81910187e-01
40.02222 3.79317547e-01
40.16076 3.77011520e-01
40.29978 3.74720533e-01
40.43928 3.72444587e-01
40.57926 3.70183467e-01
40.71973 3.67937067e-01
40.86069 3.65705387e-01
41.00213 3.63488213e-01
41.14406 3.61285440e-01
41.28648 3.59097173e-01
41.42940 3.56923093e-01
41.57281 3.54763093e-01
41.71672 3.52617280e-01
41.86113 3.50485333e-01
42.00603 3.48367253e-01
42.15144 3.46262933e-01
42.29735 3.44172373e-01
42.44377 3.42095253e-01
42.59069 3.40031680e-01
42.73812 3.37981440e-01
42.88606 3.35944533e-01
43.03451 3.33920853e-01
43.18348 3.31910187e-01
43.33297 3.29912640e-01
43.48297 3.27927893e-01
43.63349 3.25956053e-01
43.78453 3.23996907e-01
43.93609 3.22050453e-01
44.08818 3.20116587e-01
44.24079 3.18195200e-01
44.39394 3.16286080e-01
44.54761 3.14389333e-01
44.70182 3.12504853e-01
44.85655 3.10632427e-01
45.01183 3.08791147e-01
45.16764 3.07191787e-01
45.32399 3.05601600e-01
45.48089 3.04020480e-01
45.63832 3.02448427e-01
45.79630 3.00885440e-01
45.95483 2.99331307e-01
46.11391 2.97786027e-01
46.27353 2.96249600e-01
46.43371 2.94722027e-01
46.59445 2.93202987e-01
46.75574 2.91692693e-01
46.91759 2.90190933e-01
47.08000 2.88697813e-01
47.24297 2.87213013e-01
47.40650 2.85736747e-01
47.57060 2.84268800e-01
47.73527 2.82809280e-01
47.90051 2.81357867e-01
48.06633 2.79914773e-01
48.23271 2.78479787e-01
48.39967 2.77052907e-01
48.56721 2.75634133e-01
48.73533 2.74223253e-01
48.90403 2.72820480e-01
49.07332 2.71425493e-01
49.24319 2.70038400e-01
49.41365 2.68658987e-01
49.58470 2.67287467e-01
49.75634 2.65923627e-01
49.92858 2.64567360e-01
50.10141 2.63323947e-01
50.27484 2.62160747e-01
50.44887 2.61003413e-01
50.62350 2.59851733e-01
50.79874 2.58705813e-01
50.97458 2.57565547e-01
51.15104 2.56430933e-01
51.32810 2.55301867e-01
51.50578 2.54178453e-01
51.68407 2.53060480e-01
51.86298 2.51948053e-01
52.04250 2.50841067e-01
52.22265 2.49739520e-01
52.40343 2.48643413e-01
52.58482 2.47552640e-01
52.76685 2.46467307e-01
52.94951 2.45387200e-01
53.13280 2.44312427e-01
53.31672 2.43242880e-01
53.50128 2.42178453e-01
53.68648 2.41119360e-01
53.87232 2.40065387e-01
54.05880 2.39016533e-01
54.24593 2.37972800e-01
54.43371 2.36934187e-01
54.62214 2.35900587e-01
54.81122 2.34871893e-01
55.00095 2.33848320e-01
55.19134 2.32829653e-01
55.38239 2.31816000e-01
55.57410 2.30807147e-01
55.76647 2.29803200e-01
55.95951 2.28804160e-01
56.15322 2.27809920e-01
56.34760 2.26820373e-01
56.54265 2.25835733e-01
56.73838 2.24855787e-01
56.93479 2.23880533e-01
57.13187 2.22909973e-01
57.32964 2.21944000e-01
57.52809 2.20982720e-01
57.72723 2.20026133e-01
57.92705 2.19074027e-01
58.12757 2.18126507e-01
58.32879 2.17183467e-01
58.53070 2.16245013e-01
58.73331 2.15311040e-01
58.93662 2.14381440e-01
59.14063 2.13456320e-01
59.34535 2.12535573e-01
59.55078 2.11619307e-01
59.75692 2.10707307e-01
59.96377 2.09799680e-01
60.17134 2.08965013e-01
60.37963 2.08148587e-01
60.58864 2.07335573e-01
60.79837 2.06526187e-01
61.00883 2.05720213e-01
61.22002 2.04917653e-01
61.43194 2.04118613e-01
61.64459 2.03322987e-01
61.85797 2.02530773e-01
62.07210 2.01741973e-01
62.28697 2.00956587e-01
62.50258 2.00174507e-01
62.71894 1.99395733e-01
62.93605 1.98620373e-01
63.15390 1.97848320e-01
63.37252 1.97079467e-01
63.59189 1.96314027e-01
63.81201 1.95551787e-01
64.03290 1.94792747e-01
64.25456 1.94036907e-01
64.47698 1.93284373e-01
64.70017 1.92535040e-01
64.92414 1.91788800e-01
65.14888 1.91045760e-01
65.37440 1.90305920e-01
65.60070 1.89569173e-01
65.82778 1.88835520e-01
66.05565 1.88105067e-01
66.28430 1.87377600e-01
66.51375 1.86653227e-01
66.74400 1.85931947e-01
66.97504 1.85213653e-01
67.20688 1.84498347e-01
67.43952 1.83786133e-01
67.67297 1.83076907e-01
67.90722 1.82370667e-01
68.14229 1.81667307e-01
68.37817 1.80967040e-01
68.61486 1.80269547e-01
68.85238 1.79575147e-01
69.09072 1.78883520e-01
69.32988 1.78194880e-01
69.56987 1.77509013e-01
69.81069 1.76826133e-01
70.05235 1.76146453e-01
70.29484 1.75471147e-01
70.53817 1.74798507e-01
70.78235 1.74128747e-01
71.02737 1.73461653e-01
71.27323 1.72797227e-01
71.51995 1.72135680e-01
71.76752 1.71476693e-01
72.01595 1.70820480e-01
72.26524 1.70166827e-01
72.51539 1.69515947e-01
72.76641 1.68867627e-01
73.01830 1.68221973e-01
73.27106 1.67578987e-01
73.52469 1.66938560e-01
73.77920 1.66300800e-01
74.03460 1.65665600e-01
74.29087 1.65032960e-01
74.54804 1.64402880e-01
74.80609 1.63775360e-01
75.06504 1.63150293e-01
75.32488 1.62527893e-01
75.58563 1.61907947e-01
75.84727 1.61290453e-01
76.10982 1.60675520e-01
76.37328 1.60063040e-01
76.63766 1.59453120e-01
76.90295 1.58845547e-01
77.16915 1.58240427e-01
77.43628 1.57637867e-01
77.70433 1.57037547e-01
77.97331 1.56439787e-01
78.24322 1.55844373e-01
78.51407 1.55251413e-01
78.78585 1.54660693e-01
79.05857 1.54072427e-01
79.33224 1.53486507e-01
79.60686 1.52903040e-01
79.88242 1.52321813e-01
80.15894 1.51732160e-01
80.43642 1.51136960e-01
80.71486 1.50544213e-01
80.99426 1.49953920e-01
81.27463 1.49365973e-01
81.55596 1.48780480e-01
81.83828 1.48197333e-01
82.12157 1.47616533e-01
82.40584 1.47038080e-01
82.69109 1.46461973e-01
82.97733 1.45888213e-01
83.26457 1.45316800e-01
83.55279 1.44747733e-01
83.84202 1.44180907e-01
84.13225 1.43616320e-01
84.42348 1.43054080e-01
84.71572 1.42494187e-01
85.00897 1.41936533e-01
85.30323 1.41381013e-01
85.59852 1.40827840e-01
85.89482 1.40276907e-01
86.19215 1.39728107e-01
86.49052 1.39181653e-01
86.78991 1.38637333e-01
87.09034 1.38095147e-01
87.39181 1.37555200e-01
87.69432 1.37017493e-01
87.99789 1.36481920e-01
88.30250 1.35948373e-01
88.60816 1.35417173e-01
88.91489 1.34888000e-01
89.22267 1.34360960e-01
89.53153 1.33836053e-01
89.84145 1.33313173e-01
90.15244 1.32784853e-01
90.46451 1.32250773e-01
90.77766 1.31718827e-01
91.09190 1.31189120e-01
91.40722 1.30661547e-01
91.72363 1.30136107e-01
92.04114 1.29612800e-01
92.35975 1.29091733e-01
92.67946 1.28572693e-01
93.00028 1.28055787e-01
93.32221 1.27541013e-01
93.64525 1.27028373e-01
93.96941 1.26517760e-01
94.29469 1.26009280e-01
94.62110 1.25502933e-01
94.94864 1.24998507e-01
95.27731 1.24496213e-01
95.60712 1.23995947e-01
95.93807 1.23497813e-01
96.27017 1.23001600e-01
96.60342 1.22507413e-01
96.93782 1.22015253e-01
97.27338 1.21525120e-01
97.61010 1.21037013e-01
97.94798 1.20550827e-01
98.28704 1.20066560e-01
98.62727 1.19584427e-01
98.96867 1.19104107e-01
99.31126 1.18625813e-01
99.65504 1.18149440e-01
100.00000 1.17674987e-01
