        2000  3.000000 2.650000
0.10000 1.17930936e+00
0.10035 1.17789532e+00
0.10069 1.17647280e+00
0.10104 1.17504074e+00
0.10139 1.17358006e+00
0.10174 1.17207910e+00
0.10210 1.17054952e+00
0.10245 1.16899238e+00
0.10280 1.16740768e+00
0.10316 1.16579648e+00
0.10352 1.16485520e+00
0.10387 1.16431142e+00
0.10423 1.16370404e+00
0.10459 1.16303200e+00
0.10496 1.16229848e+00
0.10532 1.16245112e+00
0.10568 1.16312740e+00
0.10605 1.16370192e+00
0.10642 1.16417362e+00
0.10679 1.16454462e+00
0.10716 1.16605618e+00
0.10753 1.16796312e+00
0.10790 1.16970364e+00
0.10827 1.17127986e+00
0.10865 1.17269390e+00
0.10902 1.17558134e+00
0.10940 1.17935282e+00
0.10978 1.18287308e+00
0.11016 1.18614954e+00
0.11054 1.18918856e+00
0.11092 1.19460940e+00
0.11131 1.20153862e+00
0.11169 1.20809260e+00
0.11208 1.21429254e+00
0.11247 1.22015752e+00
0.11286 1.22465086e+00
0.11325 1.22743230e+00
0.11364 1.23014484e+00
0.11403 1.23082430e+00
0.11443 1.23037592e+00
0.11482 1.22880288e+00
0.11522 1.22196270e+00
0.11562 1.21358340e+00
0.11602 1.20179832e+00
0.11642 1.18378362e+00
0.11682 1.16336060e+00
0.11723 1.14296090e+00
0.11763 1.12306258e+00
0.11804 1.10195056e+00
0.11845 1.09600714e+00
0.11886 1.09488248e+00
0.11927 1.09827660e+00
0.11968 1.10918718e+00
0.12010 1.12071362e+00
0.12051 1.12975436e+00
0.12093 1.13639950e+00
0.12135 1.14031726e+00
0.12177 1.14661048e+00
0.12219 1.15264400e+00
0.12262 1.15581658e+00
0.12304 1.15918950e+00
0.12347 1.16319736e+00
0.12389 1.16637100e+00
0.12432 1.17032162e+00
0.12475 1.17434750e+00
0.12518 1.17806174e+00
0.12562 1.18202614e+00
0.12605 1.18580186e+00
0.12649 1.18941116e+00
0.12693 1.19321550e+00
0.12737 1.19691066e+00
0.12781 1.20051148e+00
0.12825 1.20402538e+00
0.12869 1.20743752e+00
0.12914 1.21073412e+00
0.12959 1.21368728e+00
0.13003 1.21652172e+00
0.13048 1.21926076e+00
0.13094 1.22191818e+00
0.13139 1.22440600e+00
0.13184 1.22630764e+00
0.13230 1.22760932e+00
0.13276 1.22893856e+00
0.13322 1.23013636e+00
0.13368 1.23030066e+00
0.13414 1.22968798e+00
0.13461 1.22844990e+00
0.13507 1.22664790e+00
0.13554 1.22448444e+00
0.13601 1.22182490e+00
0.13648 1.21876150e+00
0.13695 1.21506422e+00
0.13743 1.21073624e+00
0.13790 1.20473664e+00
0.13838 1.19577858e+00
0.13886 1.18594814e+00
0.13934 1.17559936e+00
0.13982 1.15570104e+00
0.14031 1.13187012e+00
0.14079 1.10526624e+00
0.14128 1.08012940e+00
0.14177 1.05463704e+00
0.14226 1.02713661e+00
0.14275 9.91341150e-01
0.14324 9.48860802e-01
0.14374 9.04348858e-01
0.14424 8.55638042e-01
0.14474 7.86945590e-01
0.14524 7.18701518e-01
0.14574 6.50855264e-01
0.14625 5.64772664e-01
0.14675 4.77331462e-01
0.14726 3.98024382e-01
0.14777 3.22113436e-01
0.14828 2.48856942e-01
0.14879 1.89148414e-01
0.14931 1.43132118e-01
0.14983 1.35714874e-01
0.15034 1.35456234e-01
0.15087 1.36571990e-01
0.15139 1.19495178e-01
0.15191 8.67603958e-02
0.15244 5.89011790e-02
0.15297 4.17860904e-02
0.15349 2.93263098e-02
0.15403 2.11469470e-02
0.15456 1.43455100e-02
0.15509 9.92155972e-03
0.15563 7.43584912e-03
0.15617 6.02875848e-03
0.15671 4.37777244e-03
0.15725 3.67026696e-03
0.15780 3.01861182e-03
0.15834 2.15457190e-03
0.15889 1.68385028e-03
0.15944 1.51634166e-03
0.15999 1.54456416e-03
0.16055 1.49299940e-03
0.16110 2.04631834e-03
0.16166 1.50609676e-03
0.16222 1.46270142e-03
0.16278 1.45320276e-03
0.16335 1.50780866e-03
0.16391 1.65799370e-03
0.16448 1.54104814e-03
0.16505 1.51427572e-03
0.16562 1.51195644e-03
0.16619 1.59634410e-03
0.16677 1.44081984e-03
0.16734 1.44150248e-03
0.16792 1.45311690e-03
0.16851 1.52953230e-03
0.16909 1.49003670e-03
0.16967 1.43095124e-03
0.17026 1.58081934e-03
0.17085 1.44635622e-03
0.17144 1.48068008e-03
0.17204 1.44948428e-03
0.17263 2.04297828e-03
0.17323 1.46102344e-03
0.17383 1.46248306e-03
0.17443 1.47596626e-03
0.17503 1.53125798e-03
0.17564 1.57776018e-03
0.17625 1.42517000e-03
0.17686 1.38075812e-03
0.17747 1.50627590e-03
0.17808 1.35405036e-03
0.17870 1.47499530e-03
0.17932 1.70097034e-03
0.17994 1.57643942e-03
0.18056 1.39817498e-03
0.18119 1.47308094e-03
0.18182 1.44482346e-03
0.18244 1.83433106e-03
0.18308 1.42612930e-03
0.18371 1.32487280e-03
0.18435 1.20305336e-03
0.18498 1.37327770e-03
0.18562 1.46044892e-03
0.18627 1.38336996e-03
0.18691 1.37744562e-03
0.18756 1.27224804e-03
0.18821 1.33365278e-03
0.18886 1.40403996e-03
0.18951 1.37308160e-03
0.19017 1.38109626e-03
0.19083 1.41155006e-03
0.19149 1.31114898e-03
0.19215 1.31952404e-03
0.19282 1.52815960e-03
0.19348 1.50151226e-03
0.19415 1.33673632e-03
0.19483 1.45017646e-03
0.19550 1.35549090e-03
0.19618 1.25131092e-03
0.19686 1.23299624e-03
0.19754 1.28803992e-03
0.19822 1.19998254e-03
0.19891 1.60082260e-03
0.19960 1.53884970e-03
0.20029 1.31520136e-03
0.20098 1.35752504e-03
0.20168 1.41596602e-03
0.20237 1.14771076e-03
0.20307 1.17792818e-03
0.20378 1.64977552e-03
0.20448 1.34598588e-03
0.20519 1.21080832e-03
0.20590 1.12545288e-03
0.20661 1.25853164e-03
0.20733 1.41110804e-03
0.20805 1.36041460e-03
0.20877 1.66380462e-03
0.20949 1.37758024e-03
0.21021 1.17282216e-03
0.21094 1.60235430e-03
0.21167 1.37180536e-03
0.21240 1.56036876e-03
0.21314 1.23778108e-03
0.21388 1.20405718e-03
0.21462 1.31206270e-03
0.21536 1.25630458e-03
0.21611 1.38653724e-03
0.21685 1.14492508e-03
0.21760 1.47652594e-03
0.21836 1.26311614e-03
0.21911 1.30206902e-03
0.21987 1.46776186e-03
0.22063 1.71563862e-03
0.22140 1.08274336e-03
0.22216 1.29078638e-03
0.22293 1.02883452e-03
0.22370 1.89000968e-03
0.22448 1.32386368e-03
0.22526 1.19346884e-03
0.22604 1.36276992e-03
0.22682 1.23973360e-03
0.22760 2.01876788e-03
0.22839 3.31337026e-03
0.22918 1.26347866e-03
0.22998 1.04702889e-03
0.23077 1.50226168e-03
0.23157 1.11899854e-03
0.23237 1.18688306e-03
0.23318 1.02777939e-03
0.23398 2.19058540e-03
0.23479 1.60036892e-03
0.23561 1.48754146e-03
0.23642 9.50493520e-04
0.23724 2.19952650e-03
0.23806 1.27099618e-03
0.23889 1.17903588e-03
0.23971 1.45928186e-03
0.24054 1.35746038e-03
0.24137 1.09797768e-03
0.24221 1.48454484e-03
0.24305 1.28229154e-03
0.24389 1.08926660e-03
0.24473 1.80720460e-03
0.24558 1.85032646e-03
0.24643 1.06574944e-03
0.24728 1.64146088e-03
0.24814 1.16069046e-03
0.24900 1.02501046e-03
0.24986 1.15229950e-03
0.25073 1.01949952e-03
0.25159 1.06707338e-03
0.25246 1.17650142e-03
0.25334 1.09605166e-03
0.25422 1.02003524e-03
0.25510 1.35313028e-03
0.25598 1.63933876e-03
0.25687 1.01316941e-03
0.25775 9.91884188e-04
0.25865 1.21754780e-03
0.25954 1.03525737e-03
0.26044 1.36063826e-03
0.26134 1.10235972e-03
0.26225 1.03924446e-03
0.26315 1.14797364e-03
0.26406 9.89301604e-04
0.26498 1.03581631e-03
0.26590 9.65895638e-04
0.26682 1.13479572e-03
0.26774 9.66196466e-04
0.26867 1.33926336e-03
0.26960 9.36598722e-04
0.27053 1.61285360e-03
0.27147 1.68564274e-03
0.27241 1.09102302e-03
0.27335 1.03445188e-03
0.27430 9.21357406e-04
0.27525 1.02691910e-03
0.27620 1.03783222e-03
0.27715 1.33338142e-03
0.27811 1.03934929e-03
0.27908 1.01470641e-03
0.28004 1.13729626e-03
0.28101 1.21076274e-03
0.28198 1.33237442e-03
0.28296 9.99515234e-04
0.28394 9.48160672e-04
0.28492 1.00554239e-03
0.28591 1.10658700e-03
0.28690 9.02827652e-04
0.28789 1.62301900e-03
0.28889 1.01020046e-03
0.28989 1.08577602e-03
0.29089 9.67366176e-04
0.29190 1.02040624e-03
0.29291 1.06724510e-03
0.29392 1.01274403e-03
0.29494 9.16703900e-04
0.29596 9.68323250e-04
0.29699 1.17316348e-03
0.29801 1.09909704e-03
0.29905 8.85576576e-04
0.30008 1.66626700e-03
0.30112 9.88197508e-04
0.30216 9.45860790e-04
0.30321 8.79270212e-04
0.30426 1.08918074e-03
0.30531 8.42309920e-04
0.30637 9.98768040e-04
0.30743 9.49501042e-04
0.30849 1.39615992e-03
0.30956 8.92533886e-04
0.31063 9.67740674e-04
0.31171 9.20650492e-04
0.31279 9.00372904e-04
0.31387 8.62048074e-04
0.31496 9.80867290e-04
0.31605 1.14663698e-03
0.31714 9.47061240e-04
0.31824 1.21435826e-03
0.31934 8.74619356e-04
0.32044 8.64835980e-04
0.32155 8.70732442e-04
0.32267 8.72239762e-04
0.32378 9.20751616e-04
0.32490 1.14426152e-03
0.32603 9.01447214e-04
0.32716 9.93824942e-04
0.32829 8.10413142e-04
0.32943 8.15604280e-04
0.33057 9.57496940e-04
0.33171 9.40552522e-04
0.33286 8.41013858e-04
0.33401 9.35596068e-04
0.33517 7.85879230e-04
0.33633 8.80559066e-04
0.33749 1.02702499e-03
0.33866 2.05161304e-03
0.33983 9.54328494e-04
0.34101 7.77060454e-04
0.34219 1.01286625e-03
0.34337 7.76070414e-04
0.34456 7.93628148e-04
0.34576 9.08104226e-04
0.34695 7.91380312e-04
0.34815 9.09384600e-04
0.34936 8.12518514e-04
0.35057 7.77014768e-04
0.35178 8.61132128e-04
0.35300 7.84955546e-04
0.35422 8.88321234e-04
0.35545 8.12054446e-04
0.35668 8.86072974e-04
0.35791 7.84227008e-04
0.35915 7.44151906e-04
0.36039 8.49951884e-04
0.36164 7.57904558e-04
0.36289 7.63813316e-04
0.36415 8.35273428e-04
0.36541 1.76159068e-03
0.36668 7.59266128e-04
0.36795 8.18684428e-04
0.36922 8.46875552e-04
0.37050 7.76316334e-04
0.37178 7.74165064e-04
0.37307 7.81284236e-04
0.37436 8.11034090e-04
0.37565 8.15094314e-04
0.37695 7.79712044e-04
0.37826 7.46172054e-04
0.37957 7.99177036e-04
0.38088 1.82524368e-03
0.38220 8.04029928e-04
0.38352 7.25806698e-04
0.38485 9.89094692e-04
0.38618 8.37990102e-04
0.38752 7.08998914e-04
0.38886 2.86817768e-03
0.39021 8.08696790e-04
0.39156 7.93770294e-04
0.39291 7.41751642e-04
0.39427 7.89808862e-04
0.39564 6.97048580e-04
0.39701 6.93463554e-04
0.39838 7.31153974e-04
0.39976 8.04527810e-04
0.40115 6.79627268e-04
0.40253 7.63449206e-04
0.40393 7.20249224e-04
0.40533 7.18663782e-04
0.40673 7.37333456e-04
0.40814 8.95509518e-04
0.40955 6.71893190e-04
0.41097 7.03268660e-04
0.41239 2.44392116e-03
0.41382 7.11293390e-04
0.41525 7.70766916e-04
0.41669 8.39706136e-04
0.41813 6.92378008e-04
0.41958 1.53842040e-03
0.42103 7.42607380e-04
0.42249 8.37825696e-04
0.42395 6.97612288e-04
0.42542 8.95789676e-04
0.42689 9.60143230e-04
0.42837 8.06632546e-04
0.42985 7.45892108e-04
0.43134 7.52795146e-04
0.43283 8.59505452e-04
0.43433 6.96951166e-04
0.43583 6.83715264e-04
0.43734 6.43995262e-04
0.43886 7.99800634e-04
0.44037 6.68661780e-04
0.44190 6.56500506e-04
0.44343 7.15310366e-04
0.44496 7.54261656e-04
0.44650 6.91970332e-04
0.44805 7.44844934e-04
0.44960 6.53549254e-04
0.45116 7.66766900e-04
0.45272 6.41295018e-04
0.45429 7.79946834e-04
0.45586 6.97189242e-04
0.45744 7.09217804e-04
0.45902 6.86243682e-04
0.46061 6.56323062e-04
0.46220 6.95860956e-04
0.46380 6.32863460e-04
0.46541 6.64324896e-04
0.46702 8.19696410e-04
0.46864 6.16878236e-04
0.47026 6.83601526e-04
0.47189 7.78133280e-04
0.47352 7.50140058e-04
0.47516 6.70283156e-04
0.47680 6.53482474e-04
0.47845 7.08280234e-04
0.48011 8.24025450e-04
0.48177 7.41163554e-04
0.48344 9.08736092e-04
0.48511 6.67295440e-04
0.48679 6.09941172e-04
0.48848 7.35328042e-04
0.49017 6.36737972e-04
0.49186 7.43930260e-04
0.49357 7.07825706e-04
0.49528 6.23374976e-04
0.49699 8.95023826e-04
0.49871 5.88192304e-04
0.50044 6.39307412e-04
0.50217 6.66582166e-04
0.50391 1.11308480e-03
0.50565 6.33459816e-04
0.50740 5.83868882e-04
0.50916 7.30792938e-04
0.51092 7.92708492e-04
0.51269 6.36611196e-04
0.51446 5.91838280e-04
0.51625 6.26892692e-04
0.51803 8.20583524e-04
0.51983 5.89985400e-04
0.52163 6.56875216e-04
0.52343 5.84126038e-04
0.52524 6.30308118e-04
0.52706 6.37704374e-04
0.52889 6.75107958e-04
0.53072 6.07690792e-04
0.53255 6.02636606e-04
0.53440 6.77689800e-04
0.53625 5.76954714e-04
0.53810 5.52270282e-04
0.53997 5.85358182e-04
0.54183 6.69774674e-04
0.54371 6.78075004e-04
0.54559 6.34416466e-04
0.54748 5.38897534e-04
0.54938 6.11189004e-04
0.55128 6.10203522e-04
0.55319 2.47952974e-03
0.55510 5.32080144e-04
0.55702 5.27225026e-04
0.55895 6.33972962e-04
0.56089 6.61441378e-04
0.56283 5.45357386e-04
0.56478 7.58552112e-04
0.56673 5.36165172e-04
0.56869 5.49380934e-04
0.57066 6.07531262e-04
0.57264 5.59361470e-04
0.57462 5.10653092e-04
0.57661 6.02726812e-04
0.57860 5.61630506e-04
0.58061 6.38106856e-04
0.58262 6.12406096e-04
0.58463 5.84387858e-04
0.58666 5.20977704e-04
0.58869 7.69488662e-04
0.59073 1.48967312e-03
0.59277 5.16315188e-04
0.59482 1.01212478e-03
0.59688 6.39712756e-04
0.59895 4.94013530e-04
0.60102 6.40339216e-04
0.60310 5.24039620e-04
0.60519 4.96546188e-04
0.60728 5.24191518e-04
0.60939 5.01101220e-04
0.61150 5.09345052e-04
0.61361 5.32126996e-04
0.61574 7.63361544e-04
0.61787 5.52163964e-04
0.62001 5.18184286e-04
0.62215 5.62085882e-04
0.62431 5.74487670e-04
0.62647 5.50676678e-04
0.62864 1.21639134e-03
0.63081 5.72629596e-04
0.63300 5.16435180e-04
0.63519 5.04320334e-04
0.63739 5.40176954e-04
0.63959 7.86121758e-04
0.64181 1.10809750e-03
0.64403 4.86548692e-04
0.64626 6.20375494e-04
0.64849 5.21418452e-04
0.65074 4.67352304e-04
0.65299 7.18993442e-04
0.65525 7.06882942e-04
0.65752 8.02525152e-04
0.65980 4.52297548e-04
0.66208 7.72184348e-04
0.66437 5.12579960e-04
0.66667 5.68326632e-04
0.66898 6.91274548e-04
0.67130 7.68931950e-04
0.67362 4.50476044e-04
0.67595 5.68027606e-04
0.67829 6.31815650e-04
0.68064 5.70070120e-04
0.68299 4.52400474e-04
0.68536 5.24912106e-04
0.68773 4.84597656e-04
0.69011 5.71448650e-04
0.69250 5.43912500e-04
0.69490 8.19172240e-04
0.69730 4.44037922e-04
0.69972 4.44704450e-04
0.70214 4.89811584e-04
0.70457 4.96313730e-04
0.70701 5.16999100e-04
0.70946 5.89543062e-04
0.71191 4.36666258e-04
0.71438 4.69061448e-04
0.71685 4.41781394e-04
0.71933 5.74897466e-04
0.72182 6.71066602e-04
0.72432 5.57704796e-04
0.72683 5.19843398e-04
0.72934 4.29345474e-04
0.73187 4.57137084e-04
0.73440 4.51709990e-04
0.73694 5.63568398e-04
0.73949 4.97057002e-04
0.74205 4.50171082e-04
0.74462 4.82725908e-04
0.74720 4.52656146e-04
0.74979 4.31329794e-04
0.75238 4.61676852e-04
0.75499 6.35716132e-04
0.75760 4.52866344e-04
0.76022 4.57218068e-04
0.76285 4.89225510e-04
0.76549 4.59099886e-04
0.76814 4.41420146e-04
0.77080 4.68890682e-04
0.77347 5.71727112e-04
0.77615 4.64230710e-04
0.77884 4.38902010e-04
0.78153 4.46814168e-04
0.78424 4.34697308e-04
0.78695 4.52417434e-04
0.78968 4.75313858e-04
0.79241 4.99307064e-04
0.79515 5.06011458e-04
0.79790 4.50023318e-04
0.80067 4.79077600e-04
0.80344 4.43729886e-04
0.80622 5.88628600e-04
0.80901 4.46874588e-04
0.81181 5.01105460e-04
0.81462 4.59897748e-04
0.81744 4.42771116e-04
0.82027 4.36002698e-04
0.82311 4.20741560e-04
0.82596 4.29243502e-04
0.82882 6.34803472e-04
0.83169 4.80569762e-04
0.83457 4.38145276e-04
0.83745 4.60817404e-04
0.84035 4.91782018e-04
0.84326 8.76615018e-04
0.84618 4.21158352e-04
0.84911 4.14501552e-04
0.85205 4.30272974e-04
0.85500 8.09058144e-04
0.85796 4.27529906e-04
0.86093 4.23192810e-04
0.86391 4.66081576e-04
0.86690 5.18153440e-04
0.86990 5.56839200e-04
0.87291 4.24023002e-04
0.87593 4.07869662e-04
0.87897 6.61332410e-04
0.88201 5.80267426e-04
0.88506 6.06936708e-04
0.88813 5.90155848e-04
0.89120 4.09217982e-04
0.89428 4.03903672e-04
0.89738 4.52716142e-04
0.90049 6.95099240e-04
0.90360 4.31959328e-04
0.90673 4.52050674e-04
0.90987 5.76582760e-04
0.91302 4.00182860e-04
0.91618 4.11734104e-04
0.91935 3.96741252e-04
0.92253 4.43439764e-04
0.92573 9.92530364e-04
0.92893 4.04692630e-04
0.93215 4.35906980e-04
0.93537 4.39587088e-04
0.93861 5.29044516e-04
0.94186 5.71576274e-04
0.94512 3.94392186e-04
0.94839 3.89189706e-04
0.95168 4.51157306e-04
0.95497 5.04515798e-04
0.95828 4.20435114e-04
0.96159 4.16799632e-04
0.96492 4.41488728e-04
0.96826 3.94064540e-04
0.97161 4.05980530e-04
0.97498 9.79449328e-04
0.97835 4.01289818e-04
0.98174 6.38004248e-04
0.98514 4.12847634e-04
0.98855 4.86408560e-04
0.99197 4.17851788e-04
0.99540 4.42681652e-04
0.99885 3.82758686e-04
1.00231 3.92427476e-04
1.00578 4.99172338e-04
1.00926 5.32750594e-04
1.01275 4.25213170e-04
1.01626 3.69531052e-04
1.01978 3.75495036e-04
1.02330 3.99085548e-04
1.02685 5.73146134e-04
1.03040 3.94650826e-04
1.03397 5.71431372e-04
1.03755 3.78765560e-04
1.04114 4.16270798e-04
1.04474 4.13307144e-04
1.04836 6.78707506e-04
1.05199 4.04095214e-04
1.05563 5.47094832e-04
1.05928 3.66808442e-04
1.06295 6.49487440e-04
1.06663 4.62284656e-04
1.07032 4.40646664e-04
1.07403 8.24990368e-04
1.07775 5.11906330e-04
1.08148 3.99592546e-04
1.08522 7.31200720e-04
1.08898 4.18745580e-04
1.09275 4.04878130e-04
1.09653 4.14726908e-04
1.10032 4.21024156e-04
1.10413 4.97427154e-04
1.10796 4.88335428e-04
1.11179 4.41010986e-04
1.11564 4.75168744e-04
1.11950 4.20124958e-04
1.12338 4.28295968e-04
1.12726 4.38958508e-04
1.13117 5.39386936e-04
1.13508 4.25461528e-04
1.13901 4.50593068e-04
1.14295 6.17917990e-04
1.14691 3.68123266e-04
1.15088 4.30934520e-04
1.15487 5.03290438e-04
1.15886 4.07787088e-04
1.16287 3.92279182e-04
1.16690 5.04662608e-04
1.17094 4.27134526e-04
1.17499 6.50907734e-04
1.17906 3.93594854e-04
1.18314 4.78935666e-04
1.18724 4.13267394e-04
1.19135 4.15339694e-04
1.19547 3.78744890e-04
1.19961 4.65998896e-04
1.20376 5.20852836e-04
1.20793 3.92583508e-04
1.21211 3.90764760e-04
1.21630 4.77159742e-04
1.22052 3.91348608e-04
1.22474 5.52655062e-04
1.22898 4.21948900e-04
1.23323 5.31321290e-04
1.23750 4.04811880e-04
1.24179 3.70927496e-04
1.24609 4.25360934e-04
1.25040 4.12641782e-04
1.25473 4.78829772e-04
1.25907 5.41097670e-04
1.26343 4.60841254e-04
1.26780 4.04177576e-04
1.27219 3.81423298e-04
1.27659 3.90329418e-04
1.28101 4.48604190e-04
1.28545 4.96568554e-04
1.28990 4.04127968e-04
1.29436 3.74197278e-04
1.29884 5.04116178e-04
1.30334 3.73397190e-04
1.30785 4.12094822e-04
1.31238 4.51758326e-04
1.31692 4.57109948e-04
1.32148 4.69401390e-04
1.32605 3.73320340e-04
1.33064 3.87147934e-04
1.33525 4.15324854e-04
1.33987 4.42427994e-04
1.34451 5.00071748e-04
1.34916 4.02716790e-04
1.35383 4.27947440e-04
1.35852 4.00103678e-04
1.36322 3.91171376e-04
1.36794 3.91542906e-04
1.37268 4.45481960e-04
1.37743 4.66348484e-04
1.38220 4.16117840e-04
1.38698 3.98919234e-04
1.39178 4.16124412e-04
1.39660 3.87887178e-04
1.40144 3.94086376e-04
1.40629 4.31469396e-04
1.41115 4.73630472e-04
1.41604 4.46779506e-04
1.42094 4.01600716e-04
1.42586 3.77137824e-04
1.43080 3.93338228e-04
1.43575 4.06204402e-04
1.44072 4.31338804e-04
1.44571 4.63366386e-04
1.45071 3.99587670e-04
1.45573 4.20780038e-04
1.46077 4.01239892e-04
1.46583 3.91705616e-04
1.47090 4.12093974e-04
1.47599 4.17712080e-04
1.48110 4.42225534e-04
1.48623 4.33436438e-04
1.49137 4.02438646e-04
1.49654 4.10886210e-04
1.50172 3.92999028e-04
1.50692 3.97320754e-04
1.51213 4.08688088e-04
1.51737 4.38545532e-04
1.52262 4.33796308e-04
1.52789 4.13822940e-04
1.53318 3.96290752e-04
1.53849 4.01183076e-04
1.54381 4.05929650e-04
1.54916 4.07799278e-04
1.55452 4.19880310e-04
1.55990 4.37766432e-04
1.56530 4.15720658e-04
1.57072 4.16804720e-04
1.57615 4.13259444e-04
1.58161 4.03870918e-04
1.58709 4.03443632e-04
1.59258 4.10461256e-04
1.59809 4.25327650e-04
1.60362 4.30056522e-04
1.60918 4.25311750e-04
1.61475 4.14533458e-04
1.62034 4.05922760e-04
1.62594 4.05218708e-04
1.63157 4.10305754e-04
1.63722 4.19921226e-04
1.64289 4.33434000e-04
1.64857 4.29773184e-04
1.65428 4.20200006e-04
1.66001 4.16737728e-04
1.66575 4.19563158e-04
1.67152 4.22182206e-04
1.67731 4.20852012e-04
1.68311 4.21815446e-04
1.68894 4.28319924e-04
1.69478 4.23405022e-04
1.70065 4.23276338e-04
1.70654 4.26268294e-04
1.71245 4.25836238e-04
1.71837 4.24057028e-04
1.72432 4.24294998e-04
1.73029 4.26999906e-04
1.73628 4.28172160e-04
1.74229 4.30712450e-04
1.74832 4.31752734e-04
1.75437 4.27641100e-04
1.76045 4.27659438e-04
1.76654 4.31348026e-04
1.77266 4.36260384e-04
1.77879 4.39870214e-04
1.78495 4.39105742e-04
1.79113 4.36522840e-04
1.79733 4.34331502e-04
1.80355 4.33921282e-04
1.80979 4.36821866e-04
1.81606 4.40205174e-04
1.82234 4.40767080e-04
1.82865 4.39223614e-04
1.83498 4.39540554e-04
1.84133 4.39646130e-04
1.84771 4.39819122e-04
1.85410 4.41355486e-04
1.86052 4.43554350e-04
1.86696 4.45204240e-04
1.87342 4.46252050e-04
1.87991 4.47086482e-04
1.88642 4.48533170e-04
1.89295 4.50329446e-04
1.89950 4.52166532e-04
1.90607 4.53466940e-04
1.91267 4.53384366e-04
1.91929 4.53036474e-04
1.92594 4.53651062e-04
1.93260 4.54798618e-04
1.93929 4.56127434e-04
1.94601 4.57257606e-04
1.95274 4.58127124e-04
1.95950 4.58637832e-04
1.96629 4.59046674e-04
1.97309 4.60016256e-04
1.97992 4.61578590e-04
1.98678 4.63044570e-04
1.99365 4.63892358e-04
2.00055 4.64360984e-04
2.00748 4.64909534e-04
2.01443 4.65361624e-04
2.02140 4.66181852e-04
2.02840 4.67522964e-04
2.03542 4.69146036e-04
2.04247 4.70763066e-04
2.04954 4.72232544e-04
2.05663 4.73547898e-04
2.06375 4.74828166e-04
2.07090 4.76175320e-04
2.07806 4.77694194e-04
2.08526 4.79267870e-04
2.09247 4.80548138e-04
2.09972 4.81306144e-04
2.10699 4.81681490e-04
2.11428 4.81961224e-04
2.12160 4.82386390e-04
2.12894 4.83087368e-04
2.13631 4.83932612e-04
2.14371 4.84586526e-04
2.15113 4.85086422e-04
2.15857 4.85517100e-04
2.16605 4.86107944e-04
2.17354 4.87098408e-04
2.18107 4.88492626e-04
2.18862 4.90103614e-04
2.19619 4.91749794e-04
2.20380 4.93130126e-04
2.21143 4.94315312e-04
2.21908 4.95528588e-04
2.22676 4.96948246e-04
2.23447 4.98576406e-04
2.24220 5.00223328e-04
2.24997 5.01612670e-04
2.25775 5.02566246e-04
2.26557 5.03126562e-04
2.27341 5.03513462e-04
2.28128 5.04054380e-04
2.28918 5.04785038e-04
2.29710 5.05698440e-04
2.30505 5.06550680e-04
2.31303 5.07215194e-04
2.32104 5.07717846e-04
2.32908 5.08202372e-04
2.33714 5.08817066e-04
2.34523 5.09615458e-04
2.35335 5.10534372e-04
2.36149 5.11445654e-04
2.36967 5.12243092e-04
2.37787 5.12911952e-04
2.38610 5.13531734e-04
2.39436 5.14208120e-04
2.40265 5.14992520e-04
2.41097 5.15853770e-04
2.41931 5.16712052e-04
2.42769 5.17499632e-04
2.43609 5.18204002e-04
2.44452 5.18862368e-04
2.45298 5.19519780e-04
2.46148 5.20188428e-04
2.47000 5.20840222e-04
2.47855 5.21430854e-04
2.48713 5.21928206e-04
2.49574 5.22324222e-04
2.50438 5.22629078e-04
2.51304 5.22857296e-04
2.52174 5.23017780e-04
2.53047 5.23114664e-04
2.53923 5.23152718e-04
2.54802 5.23139998e-04
2.55684 5.23085302e-04
2.56569 5.22994884e-04
2.57457 5.22872984e-04
2.58349 5.22724690e-04
2.59243 5.22559436e-04
2.60140 5.22391426e-04
2.61041 5.22236984e-04
2.61944 5.22108830e-04
2.62851 5.22012582e-04
2.63761 5.21946332e-04
2.64674 5.21904250e-04
2.65590 5.21881566e-04
2.66510 5.21877326e-04
2.67432 5.21892484e-04
2.68358 5.21924390e-04
2.69287 5.21962020e-04
2.70219 5.21986400e-04
2.71154 5.21975482e-04
2.72093 5.21910928e-04
2.73035 5.21781078e-04
2.73980 5.21579996e-04
2.74928 5.21303018e-04
2.75880 5.20944102e-04
2.76835 5.20497312e-04
2.77793 5.19959786e-04
2.78755 5.19335128e-04
2.79720 5.18633302e-04
2.80688 5.17867982e-04
2.81660 5.17052206e-04
2.82635 5.16196892e-04
2.83613 5.15310626e-04
2.84595 5.14401040e-04
2.85580 5.13476614e-04
2.86569 5.12545934e-04
2.87561 5.11616314e-04
2.88556 5.10693054e-04
2.89555 5.09778380e-04
2.90557 5.08872822e-04
2.91563 5.07976698e-04
2.92572 5.07090220e-04
2.93585 5.06214130e-04
2.94601 5.05348746e-04
2.95621 5.04493432e-04
2.96644 5.03646810e-04
2.97671 5.02806654e-04
2.98702 5.01970314e-04
2.99736 5.01135140e-04
3.00773 5.00297952e-04
3.01814 4.99455252e-04
3.02859 4.98602694e-04
3.03907 4.97735508e-04
3.04960 4.96847970e-04
3.06015 4.95934144e-04
3.07074 4.94988094e-04
3.08137 4.94003884e-04
3.09204 4.92976532e-04
3.10274 4.91901904e-04
3.11348 4.90776608e-04
3.12426 4.89598736e-04
3.13508 4.88367334e-04
3.14593 4.87082614e-04
3.15682 4.85745742e-04
3.16775 4.84359368e-04
3.17871 4.82926566e-04
3.18972 4.81451364e-04
3.20076 4.79938108e-04
3.21184 4.78391568e-04
3.22295 4.76816408e-04
3.23411 4.75217504e-04
3.24531 4.73599838e-04
3.25654 4.71968286e-04
3.26781 4.70327618e-04
3.27912 4.68682286e-04
3.29047 4.67036742e-04
3.30187 4.65394908e-04
3.31330 4.63760388e-04
3.32476 4.62136256e-04
3.33627 4.60525268e-04
3.34782 4.58929544e-04
3.35941 4.57350568e-04
3.37104 4.55789506e-04
3.38271 4.54246358e-04
3.39442 4.52720806e-04
3.40617 4.51211472e-04
3.41796 4.49716554e-04
3.42979 4.48233402e-04
3.44166 4.46758942e-04
3.45358 4.45289358e-04
3.46553 4.43820410e-04
3.47753 4.42347646e-04
3.48957 4.40866296e-04
3.50164 4.39371590e-04
3.51377 4.37858864e-04
3.52593 4.36323984e-04
3.53814 4.34763028e-04
3.55038 4.33172604e-04
3.56267 4.31550062e-04
3.57500 4.29893706e-04
3.58738 4.28202476e-04
3.59980 4.26475948e-04
3.61226 4.24714864e-04
3.62476 4.22920178e-04
3.63731 4.21094010e-04
3.64990 4.19238480e-04
3.66254 4.17356556e-04
3.67521 4.15451206e-04
3.68794 4.13525716e-04
3.70070 4.11583584e-04
3.71351 4.09628202e-04
3.72637 4.07662962e-04
3.73927 4.05691150e-04
3.75221 4.03715734e-04
3.76520 4.01739682e-04
3.77823 3.99765750e-04
3.79131 3.97796058e-04
3.80443 3.95833044e-04
3.81760 3.93878404e-04
3.83082 3.91933834e-04
3.84408 3.90000500e-04
3.85739 3.87700724e-04
3.87074 3.85351022e-04
3.88414 3.83016160e-04
3.89758 3.80696244e-04
3.91107 3.78391592e-04
3.92461 3.76101674e-04
3.93820 3.73826066e-04
3.95183 3.71564026e-04
3.96551 3.69314494e-04
3.97924 3.67076304e-04
3.99301 3.64847866e-04
4.00683 3.62627696e-04
4.02070 3.60413886e-04
4.03462 3.58204846e-04
4.04859 3.55998350e-04
4.06260 3.53792490e-04
4.07667 3.51585358e-04
4.09078 3.49374940e-04
4.10494 3.47159540e-04
4.11915 3.44937462e-04
4.13341 3.42707222e-04
4.14771 3.40467654e-04
4.16207 3.38217698e-04
4.17648 3.35783408e-04
4.19094 3.33246616e-04
4.20545 3.30697634e-04
4.22000 3.28136568e-04
4.23461 3.25564054e-04
4.24927 3.22981258e-04
4.26398 3.20389134e-04
4.27874 3.17789166e-04
4.29355 3.15182944e-04
4.30841 3.12572164e-04
4.32332 3.09958734e-04
4.33829 3.07344562e-04
4.35331 3.04731556e-04
4.36838 3.02121836e-04
4.38350 2.99517204e-04
4.39867 2.96919674e-04
4.41390 2.94331154e-04
4.42918 2.91753446e-04
4.44451 2.89188140e-04
4.45990 2.86636932e-04
4.47533 2.84101200e-04
4.49083 2.81582322e-04
4.50637 2.79081358e-04
4.52197 2.76599368e-04
4.53762 2.74137306e-04
4.55333 2.71612386e-04
4.56909 2.69035844e-04
4.58491 2.66482304e-04
4.60078 2.63951978e-04
4.61670 2.61444654e-04
4.63269 2.58960226e-04
4.64872 2.56498164e-04
4.66481 2.54057832e-04
4.68096 2.51638700e-04
4.69717 2.49239814e-04
4.71343 2.46860220e-04
4.72974 2.44498964e-04
4.74611 2.42154774e-04
4.76254 2.39826484e-04
4.77903 2.37513034e-04
4.79557 2.35213152e-04
4.81217 2.32925566e-04
4.82883 2.30649322e-04
4.84555 2.28383254e-04
4.86232 2.26126408e-04
4.87915 2.23877830e-04
4.89604 2.21636778e-04
4.91299 2.19402510e-04
4.92999 2.17174602e-04
4.94706 2.14952630e-04
4.96418 2.12736170e-04
4.98137 2.10525328e-04
4.99861 2.08320104e-04
5.01591 2.05748120e-04
5.03328 2.03153452e-04
5.05070 2.00569490e-04
5.06818 1.97997082e-04
5.08573 1.95436864e-04
5.10333 1.92890108e-04
5.12100 1.90357662e-04
5.13873 1.87840586e-04
5.15651 1.85340152e-04
5.17436 1.82857314e-04
5.19228 1.80393238e-04
5.21025 1.77948984e-04
5.22828 1.75525506e-04
5.24638 1.73123970e-04
5.26454 1.70745118e-04
5.28277 1.68389904e-04
5.30105 1.66058964e-04
5.31940 1.63752934e-04
5.33782 1.61472556e-04
5.35629 1.59218148e-04
5.37484 1.56990134e-04
5.39344 1.54788832e-04
5.41211 1.52614348e-04
5.43084 1.50466894e-04
5.44965 1.48346364e-04
5.46851 1.46252758e-04
5.48744 1.44185864e-04
5.50643 1.42145470e-04
5.52550 1.40131364e-04
5.54462 1.38143016e-04
5.56381 1.35986552e-04
5.58308 1.33580034e-04
5.60240 1.31208496e-04
5.62179 1.28871090e-04
5.64125 1.26567074e-04
5.66078 1.24295812e-04
5.68038 1.22056350e-04
5.70004 1.19848052e-04
5.71977 1.17670176e-04
5.73957 1.15521980e-04
5.75944 1.13402828e-04
5.77938 1.11312084e-04
5.79938 1.09249218e-04
5.81946 1.07213700e-04
5.83960 1.05205085e-04
5.85982 1.03222906e-04
5.88010 1.01266846e-04
5.90045 9.89605612e-05
5.92088 9.66516268e-05
5.94137 9.43790928e-05
5.96194 9.21427790e-05
5.98258 8.99425688e-05
6.00329 8.77783350e-05
6.02407 8.56500246e-05
6.04492 8.35575952e-05
6.06585 8.15010150e-05
6.08684 7.94802416e-05
6.10791 7.74952538e-05
6.12906 7.55460092e-05
6.15027 7.36324548e-05
6.17156 7.17618834e-05
6.19293 6.99467924e-05
6.21436 6.81858038e-05
6.23588 6.64713810e-05
6.25746 6.46908884e-05
6.27912 6.27194686e-05
6.30086 6.08280364e-05
6.32267 5.90523774e-05
6.34455 5.73268034e-05
6.36652 5.57242106e-05
6.38856 5.41605198e-05
6.41067 5.27082774e-05
6.43286 5.13073920e-05
6.45513 4.99460764e-05
6.47747 4.83721672e-05
6.49990 4.69604380e-05
6.52240 4.56699728e-05
6.54497 4.45170002e-05
6.56763 4.35118764e-05
6.59037 4.26588626e-05
6.61318 4.19570472e-05
6.63607 4.13992646e-05
6.65904 4.09877408e-05
6.68209 4.06762598e-05
6.70522 4.03680224e-05
6.72843 4.00644066e-05
6.75172 3.97652852e-05
6.77510 3.94291486e-05
6.79855 3.90869276e-05
6.82208 3.87506426e-05
6.84570 3.84200180e-05
6.86939 3.80597452e-05
6.89317 3.77005748e-05
6.91704 3.73480400e-05
6.94098 3.70018970e-05
6.96500 1.39298416e-04
6.98911 6.35618718e-04
7.01331 1.25402028e-03
7.03759 1.52877016e-03
7.06195 1.85837822e-03
7.08639 2.25219366e-03
7.11092 2.72180016e-03
7.13554 3.28012124e-03
7.16024 3.94270286e-03
7.18502 4.72718766e-03
7.20990 5.65408664e-03
7.23485 6.74850166e-03
7.25990 8.03908982e-03
7.28503 9.56086716e-03
7.31025 1.13559072e-02
7.33555 1.34732996e-02
7.36094 1.59773482e-02
7.38642 1.89437052e-02
7.41199 2.24688200e-02
7.43765 2.66723984e-02
7.46340 3.17031584e-02
7.48923 3.77482854e-02
7.51516 4.50428874e-02
7.54117 5.38777860e-02
7.56727 6.46135826e-02
7.59347 7.76958164e-02
7.61975 9.36665396e-02
7.64613 1.13182348e-01
7.67260 1.37015812e-01
7.69916 1.66069458e-01
7.72581 2.01391944e-01
7.75255 2.44064470e-01
7.77939 2.95210000e-01
7.80632 3.55715436e-01
7.83334 4.25922522e-01
7.86046 5.05119574e-01
7.88767 5.90902088e-01
7.91497 6.79161504e-01
7.94237 7.65639908e-01
7.96986 8.47404280e-01
7.99745 9.24158562e-01
8.02513 9.96446852e-01
8.05291 1.06453680e+00
8.08079 1.12811030e+00
8.10876 1.18639864e+00
8.13683 1.23876370e+00
8.16500 1.28478678e+00
8.19326 1.32473076e+00
8.22162 1.35908218e+00
8.25008 1.38851308e+00
8.27864 1.41371034e+00
8.30730 1.43526650e+00
8.33605 1.45366492e+00
8.36491 1.46924056e+00
8.39386 1.48222980e+00
8.42292 1.49277574e+00
8.45208 1.50099710e+00
8.48133 1.50695642e+00
8.51069 1.51073426e+00
8.54016 1.51243026e+00
8.56972 1.51233486e+00
8.59938 1.51103848e+00
8.62915 1.50968062e+00
8.65902 1.51029012e+00
8.68899 1.51603532e+00
8.71907 1.53073434e+00
8.74925 1.55789366e+00
8.77954 1.59842594e+00
8.80993 1.64952430e+00
8.84043 1.70366062e+00
8.87103 1.74769514e+00
8.90174 1.76644336e+00
8.93255 1.75491904e+00
8.96347 1.72198378e+00
8.99450 1.68201754e+00
9.02563 1.64729300e+00
9.05688 1.62458250e+00
9.08823 1.61464076e+00
9.11969 1.61531492e+00
9.15126 1.62372390e+00
9.18294 1.63700570e+00
9.21472 1.65291736e+00
9.24662 1.66897742e+00
9.27863 1.68345914e+00
9.31075 1.69497392e+00
9.34298 1.70282534e+00
9.37532 1.70687242e+00
9.40777 1.70777448e+00
9.44034 1.70651520e+00
9.47302 1.70400936e+00
9.50581 1.70090462e+00
9.53871 1.69764618e+00
9.57173 1.69417786e+00
9.60487 1.69042016e+00
9.63811 1.68628510e+00
9.67148 1.68154054e+00
9.70495 1.67638046e+00
9.73855 1.67081122e+00
9.77226 1.66522820e+00
9.80609 1.65990382e+00
9.84003 1.65525148e+00
9.87409 1.65102102e+00
9.90827 1.64613548e+00
9.94257 1.63786748e+00
9.97699 1.62295328e+00
10.01153 1.59994174e+00
10.04618 1.57149028e+00
10.08096 1.54311620e+00
10.11585 1.52015130e+00
10.15087 1.50478660e+00
10.18601 1.49640412e+00
10.22127 1.49247046e+00
10.25665 1.49023598e+00
10.29215 1.48734642e+00
10.32778 1.48233050e+00
10.36353 1.47439852e+00
10.39941 1.46328760e+00
10.43540 1.44901152e+00
10.47153 1.43179712e+00
10.50777 1.41187018e+00
10.54415 1.38952008e+00
10.58065 1.36505846e+00
10.61727 1.33872488e+00
10.65403 1.31085006e+00
10.69091 1.28174564e+00
10.72791 1.25169464e+00
10.76505 1.22103944e+00
10.80231 1.19015846e+00
10.83971 1.15931140e+00
10.87723 1.12886926e+00
10.91488 1.09915322e+00
10.95266 1.07046538e+00
10.99058 1.04325677e+00
11.02862 1.01772582e+00
11.06680 9.94269612e-01
11.10511 9.73155260e-01
11.14355 9.54669390e-01
11.18212 9.39017642e-01
11.22083 9.26477948e-01
11.25967 9.17230190e-01
11.29865 9.11451600e-01
11.33776 9.09212986e-01
11.37701 9.10641866e-01
11.41639 9.15728700e-01
11.45591 9.24429498e-01
11.49556 9.36716700e-01
11.53536 9.52446994e-01
11.57529 9.71441134e-01
11.61536 9.93387374e-01
11.65556 1.01807562e+00
11.69591 1.04512841e+00
11.73640 1.07417220e+00
11.77702 1.10473200e+00
11.81779 1.13639950e+00
11.85870 1.16858534e+00
11.89975 1.20089096e+00
11.94094 1.23284148e+00
11.98227 1.26396520e+00
12.02375 1.29381692e+00
12.06537 1.32205320e+00
12.10714 1.34839314e+00
12.14905 1.37240320e+00
12.19110 1.39399222e+00
12.23330 1.41295774e+00
12.27565 1.42912910e+00
12.31814 1.44241938e+00
12.36078 1.45277346e+00
12.40357 1.46008640e+00
12.44651 1.46437410e+00
12.48959 1.46562702e+00
12.53283 1.46383986e+00
12.57621 1.45899884e+00
12.61974 1.45109230e+00
12.66343 1.44018914e+00
12.70726 1.42632540e+00
12.75125 1.40938554e+00
12.79539 1.38949252e+00
12.83968 1.36673750e+00
12.88413 1.34110352e+00
12.92873 1.31259058e+00
12.97348 1.28139266e+00
13.01839 1.24750658e+00
13.06345 1.21101820e+00
13.10867 1.17210136e+00
13.15405 1.13076560e+00
13.19959 1.08720702e+00
13.24528 1.04165299e+00
13.29113 9.94193080e-01
13.33713 9.45222246e-01
13.38330 8.94972204e-01
13.42963 8.43800704e-01
13.47612 7.92218242e-01
13.52277 7.40727576e-01
13.56958 6.89792244e-01
13.61655 6.40010086e-01
13.66368 5.91952972e-01
13.71098 5.46004092e-01
13.75844 5.02711360e-01
13.80607 4.62327162e-01
13.85386 4.25171936e-01
13.90182 3.91375956e-01
13.94994 3.60959468e-01
13.99823 3.33954272e-01
14.04668 3.10207622e-01
14.09531 2.89623694e-01
14.14410 2.71954978e-01
14.19306 2.57112964e-01
14.24219 2.44721776e-01
14.29149 2.34694812e-01
14.34096 2.26708878e-01
14.39060 2.20594268e-01
14.44042 2.16156260e-01
14.49041 2.13179674e-01
14.54057 2.11546532e-01
14.59090 2.11061900e-01
14.64141 2.11567626e-01
14.69209 2.13002230e-01
14.74295 2.15217842e-01
14.79398 2.18108992e-01
14.84519 2.21625860e-01
14.89658 2.25665520e-01
14.94814 2.30178788e-01
14.99989 2.35117116e-01
15.05181 2.40422310e-01
15.10392 2.46048154e-01
15.15620 2.51978642e-01
15.20866 2.58175614e-01
15.26131 2.64599108e-01
15.31414 2.71247004e-01
15.36715 2.78089198e-01
15.42034 2.85121132e-01
15.47372 2.92311960e-01
15.52729 2.99652460e-01
15.58103 3.07143480e-01
15.63497 3.14762654e-01
15.68909 3.22517720e-01
15.74340 3.30385040e-01
15.79790 3.38346276e-01
15.85258 3.46424112e-01
15.90746 3.54602860e-01
15.96252 3.62882202e-01
16.01778 3.71232670e-01
16.07323 3.79665818e-01
16.12886 3.88160340e-01
16.18470 3.96770720e-01
16.24072 4.05415020e-01
16.29694 4.14110094e-01
16.35335 4.22884562e-01
16.40996 4.31709592e-01
16.46677 4.40588046e-01
16.52377 4.49510596e-01
16.58097 4.58487418e-01
16.63836 4.67490104e-01
16.69596 4.76533282e-01
16.75375 4.85613878e-01
16.81175 4.94736026e-01
16.86994 5.03864640e-01
16.92834 5.13009684e-01
16.98694 5.22207940e-01
17.04574 5.31404076e-01
17.10474 5.40648548e-01
17.16395 5.49873410e-01
17.22337 5.59125514e-01
17.28299 5.68413764e-01
17.34281 5.77693958e-01
17.40285 5.87004044e-01
17.46309 5.96334058e-01
17.52354 6.05692374e-01
17.58420 6.15067438e-01
17.64507 6.24452890e-01
17.70615 6.33884240e-01
17.76744 6.43357884e-01
17.82894 6.52868204e-01
17.89066 6.62417426e-01
17.95259 6.72065758e-01
18.01473 6.81752250e-01
18.07709 6.91528630e-01
18.13967 7.01384086e-01
18.20246 7.11386352e-01
18.26547 7.21509352e-01
18.32870 7.31783614e-01
18.39214 7.42240620e-01
18.45581 7.52925632e-01
18.51969 7.63857836e-01
18.58380 7.75079844e-01
18.64813 7.86623668e-01
18.71268 7.98589054e-01
18.77746 8.11020522e-01
18.84246 8.23991106e-01
18.90768 8.37607760e-01
18.97313 8.51995670e-01
19.03881 8.67279386e-01
19.10472 8.83669742e-01
19.17085 9.01293090e-01
19.23721 9.20446336e-01
19.30380 9.41396388e-01
19.37062 9.64579754e-01
19.43768 9.90312844e-01
19.50496 1.01899825e+00
19.57248 1.05103834e+00
19.64023 1.08693036e+00
19.70822 1.12673336e+00
19.77644 1.16997818e+00
19.84490 1.21566100e+00
19.91359 1.26251088e+00
19.98252 1.30935970e+00
20.05169 1.35759076e+00
20.12110 1.41347502e+00
20.19076 1.48861206e+00
20.26065 1.59369834e+00
20.33078 1.73286786e+00
20.40116 1.89817698e+00
20.47178 2.07140112e+00
20.54264 2.23428178e+00
20.61375 2.37402264e+00
20.68511 2.48183948e+00
20.75671 2.55385376e+00
20.82856 2.59119862e+00
20.90066 2.59963304e+00
20.97301 2.58746848e+00
21.04561 2.56268462e+00
21.11846 2.53187996e+00
21.19157 2.49910476e+00
21.26492 2.46765668e+00
21.33853 2.43867310e+00
21.41240 2.41259392e+00
21.48652 2.39028516e+00
21.56090 2.37064654e+00
21.63553 2.35356252e+00
21.71043 2.33825082e+00
21.78558 2.32371186e+00
21.86099 2.30934992e+00
21.93666 2.29413044e+00
22.01260 2.27767182e+00
22.08880 2.25981188e+00
22.16526 2.24081562e+00
22.24199 2.22136886e+00
22.31898 2.20191786e+00
22.39624 2.18325232e+00
22.47377 2.16525564e+00
22.55156 2.14809848e+00
22.62962 2.13119254e+00
22.70796 2.11410216e+00
22.78656 2.09620300e+00
22.86544 2.07691948e+00
22.94459 2.05558062e+00
23.02402 2.03159070e+00
23.10372 2.00443986e+00
23.18369 1.97328858e+00
23.26394 1.93778600e+00
23.34447 1.89702158e+00
23.42528 1.85085328e+00
23.50637 1.79844370e+00
23.58774 1.74020200e+00
23.66939 1.67552928e+00
23.75133 1.60555656e+00
23.83354 1.53030186e+00
23.91604 1.45140288e+00
23.99883 1.36979348e+00
24.08191 1.28712938e+00
24.16527 1.20479282e+00
24.24892 1.12417346e+00
24.33286 1.04656620e+00
24.41709 9.72875950e-01
24.50161 9.03861470e-01
24.58642 8.40091658e-01
24.67153 7.81711946e-01
24.75693 7.28680252e-01
24.84263 6.81147308e-01
24.92863 6.38524390e-01
25.01492 6.00751820e-01
25.10151 5.67367650e-01
25.18840 5.37805522e-01
25.27559 5.12063104e-01
25.36309 4.89394156e-01
25.45088 4.69509086e-01
25.53898 4.52204056e-01
25.62739 4.36951186e-01
25.71610 4.23567838e-01
25.80512 4.11848054e-01
25.89444 4.01410976e-01
25.98408 3.92157918e-01
26.07403 3.83904228e-01
26.16428 3.76436104e-01
26.25485 3.69652422e-01
26.34574 3.63454814e-01
26.43694 3.57716716e-01
26.52845 3.52353646e-01
26.62028 3.47343132e-01
26.71243 3.42584686e-01
26.80489 3.38028170e-01
26.89768 3.33655988e-01
26.99079 3.29432312e-01
27.08422 3.25316438e-01
27.17798 3.21304868e-01
27.27205 3.17362516e-01
27.36646 3.13494682e-01
27.46119 3.09675396e-01
27.55625 3.05922254e-01
27.65164 3.02197202e-01
27.74736 2.98514232e-01
27.84341 2.94856172e-01
27.93979 2.91248674e-01
28.03650 2.87653154e-01
28.13355 2.84080530e-01
28.23094 2.80539176e-01
28.32867 2.77034286e-01
28.42673 2.73536180e-01
28.52513 2.70074326e-01
28.62387 2.66625616e-01
28.72295 2.63215702e-01
28.82238 2.59834090e-01
28.92215 2.56458520e-01
29.02227 2.53121216e-01
29.12273 2.49806172e-01
29.22354 2.46526002e-01
29.32470 2.43257598e-01
29.42621 2.40024174e-01
29.52807 2.36821384e-01
29.63029 2.33633434e-01
29.73286 2.30485870e-01
29.83578 2.27364594e-01
29.93906 2.24277026e-01
30.04269 2.21207690e-01
30.14669 2.18160614e-01
30.25104 2.15150214e-01
30.35576 2.12175854e-01
30.46084 2.09227464e-01
30.56628 2.06295610e-01
30.67209 2.03408806e-01
30.77826 2.00540870e-01
30.88481 1.97707702e-01
30.99172 1.94902200e-01
31.09900 1.92125212e-01
31.20665 1.89381720e-01
31.31467 1.86662820e-01
31.42307 1.83986214e-01
31.53184 1.81333034e-01
31.64099 1.78707520e-01
31.75052 1.76098118e-01
31.86043 1.73532282e-01
31.97072 1.70994854e-01
32.08139 1.68487742e-01
32.19244 1.66013066e-01
32.30388 1.63570402e-01
32.41570 1.61147136e-01
32.52791 1.58759274e-01
32.64051 1.56395580e-01
32.75349 1.54062732e-01
32.86687 1.51760412e-01
32.98064 1.49485122e-01
33.09481 1.47234318e-01
33.20937 1.45020190e-01
33.32433 1.42832880e-01
33.43968 1.40670162e-01
33.55544 1.38531718e-01
33.67159 1.36429950e-01
33.78815 1.34349912e-01
33.90511 1.32295632e-01
34.02247 1.30274636e-01
34.14024 1.28277914e-01
34.25842 1.26305996e-01
34.37701 1.24362274e-01
34.49601 1.22443674e-01
34.61542 1.20552104e-01
34.73525 1.18685444e-01
34.85549 1.16845178e-01
34.97614 1.15030034e-01
35.09721 1.13240648e-01
35.21871 1.11475748e-01
35.34062 1.09736924e-01
35.46295 1.08020678e-01
35.58571 1.06329872e-01
35.70889 1.04661390e-01
35.83250 1.03018178e-01
35.95654 1.01396823e-01
36.08101 9.98008232e-02
36.20590 9.82264158e-02
36.33123 9.66762718e-02
36.45700 9.51474868e-02
36.58320 9.36418416e-02
36.70983 9.21573964e-02
36.83691 9.06940452e-02
36.96442 8.92537914e-02
37.09238 8.78351298e-02
37.22077 8.64361100e-02
37.34962 8.50582160e-02
37.47890 8.37013736e-02
37.60864 8.23640458e-02
37.73883 8.10475470e-02
37.86946 7.97505098e-02
38.00055 7.84736974e-02
38.13209 7.72159862e-02
38.26409 7.59770476e-02
38.39654 7.47572102e-02
38.52946 7.35552762e-02
38.66283 7.23719452e-02
38.79667 7.12080016e-02
38.93096 7.00610922e-02
39.06573 6.89329130e-02
39.20096 6.78201674e-02
39.33665 6.67260142e-02
39.47282 6.56482592e-02
39.60946 6.45879200e-02
39.74657 6.35443394e-02
39.88416 6.25166376e-02
40.02222 6.15048146e-02
40.16076 6.05082450e-02
40.29978 5.95292926e-02
40.43928 5.85641626e-02
40.57926 5.76147418e-02
40.71973 5.66806274e-02
40.86069 5.57609502e-02
41.00213 5.48554346e-02
41.14406 5.39650028e-02
41.28648 5.30896230e-02
41.42940 5.22268678e-02
41.57281 5.13778926e-02
41.71672 5.05428352e-02
41.86113 4.97211550e-02
42.00603 4.89125764e-02
42.15144 4.81176082e-02
42.29735 4.73349148e-02
42.44377 4.65649626e-02
42.59069 4.58075926e-02
42.73812 4.50618826e-02
42.88606 4.43288396e-02
43.03451 4.36069478e-02
43.18348 4.28970234e-02
43.33297 4.21989922e-02
43.48297 4.15123030e-02
43.63349 4.08373798e-02
43.78453 4.01722616e-02
43.93609 3.95183900e-02
44.08818 3.88755848e-02
44.24079 3.82421182e-02
44.39394 3.76203540e-02
44.54761 3.70083524e-02
44.70182 3.64064208e-02
44.85655 3.58147076e-02
45.01183 3.52314108e-02
45.16764 3.46587988e-02
45.32399 3.40955890e-02
45.48089 3.35413362e-02
45.63832 3.29962418e-02
45.79630 3.24607404e-02
45.95483 3.19338780e-02
46.11391 3.14153366e-02
46.27353 3.09049148e-02
46.43371 3.04035560e-02
46.59445 2.99103380e-02
46.75574 2.94250488e-02
46.91759 2.89479110e-02
47.08000 2.84787974e-02
47.24297 2.80175596e-02
47.40650 2.75640704e-02
47.57060 2.71182874e-02
47.73527 2.66796064e-02
47.90051 2.62481652e-02
48.06633 2.58240274e-02
48.23271 2.54066206e-02
48.39967 2.49959766e-02
48.56721 2.45921484e-02
48.73533 2.41957084e-02
48.90403 2.38056496e-02
49.07332 2.34219402e-02
49.24319 2.30445060e-02
49.41365 2.26735696e-02
49.58470 2.23087706e-02
49.75634 2.19499818e-02
49.92858 2.15974470e-02
50.10141 2.13815356e-02
50.27484 2.12597416e-02
50.44887 2.11387426e-02
50.62350 2.10185386e-02
50.79874 2.08990978e-02
50.97458 2.07804414e-02
51.15104 2.06625482e-02
51.32810 2.05454182e-02
51.50578 2.04290408e-02
51.68407 2.03134054e-02
51.86298 2.01985226e-02
52.04250 2.00843818e-02
52.22265 1.99709724e-02
52.40343 1.98582838e-02
52.58482 1.97463160e-02
52.76685 1.96350690e-02
52.94951 1.95245322e-02
53.13280 1.94146950e-02
53.31672 1.93055680e-02
53.50128 1.91971194e-02
53.68648 1.90893810e-02
53.87232 1.89823104e-02
54.05880 1.88759288e-02
54.24593 1.87702150e-02
54.43371 1.86651690e-02
54.62214 1.85608014e-02
54.81122 1.84570804e-02
55.00095 1.83540166e-02
55.19134 1.82515994e-02
55.38239 1.81498288e-02
55.57410 1.80486942e-02
55.76647 1.79482062e-02
55.95951 1.78483436e-02
56.15322 1.77491064e-02
56.34760 1.76504840e-02
56.54265 1.75524870e-02
56.73838 1.74550942e-02
56.93479 1.73583162e-02
57.13187 1.72621318e-02
57.32964 1.71665516e-02
57.52809 1.70715650e-02
57.72723 1.69771720e-02
57.92705 1.68833620e-02
58.12757 1.67901350e-02
58.32879 1.66974910e-02
58.53070 1.66054088e-02
58.73331 1.65138990e-02
58.93662 1.64229616e-02
59.14063 1.63325754e-02
59.34535 1.62427510e-02
59.55078 1.61534672e-02
59.75692 1.60647452e-02
59.96377 1.59765638e-02
60.17134 1.58889230e-02
60.37963 1.58018228e-02
60.58864 1.57152526e-02
60.79837 1.56292124e-02
61.00883 1.55436916e-02
61.22002 1.54587008e-02
61.43194 1.53742188e-02
61.64459 1.52902562e-02
61.85797 1.52068130e-02
62.07210 1.51238680e-02
62.28697 1.50414212e-02
62.50258 1.49594832e-02
62.71894 1.48780328e-02
62.93605 1.47970806e-02
63.15390 1.47166160e-02
63.37252 1.46366390e-02
63.59189 1.45571496e-02
63.81201 1.44781266e-02
64.03290 1.43995912e-02
64.25456 1.43215222e-02
64.47698 1.42439196e-02
64.70017 1.41667834e-02
64.92414 1.40901136e-02
65.14888 1.40138996e-02
65.37440 1.39381520e-02
65.60070 1.38628496e-02
65.82778 1.37879924e-02
66.05565 1.37135804e-02
66.28430 1.36396242e-02
66.51375 1.35660920e-02
66.74400 1.34930050e-02
66.97504 1.34203632e-02
67.20688 1.33481348e-02
67.43952 1.32763410e-02
67.67297 1.32049818e-02
67.90722 1.31340360e-02
68.14229 1.30635036e-02
68.37817 1.29933952e-02
68.61486 1.29237108e-02
68.85238 1.28544186e-02
69.09072 1.27855504e-02
69.32988 1.27170744e-02
69.56987 1.26490118e-02
69.81069 1.25813414e-02
70.05235 1.25140738e-02
70.29484 1.24471984e-02
70.53817 1.23807152e-02
70.78235 1.23146136e-02
71.02737 1.22489042e-02
71.27323 1.21835870e-02
71.51995 1.21186408e-02
71.76752 1.20540762e-02
72.01595 1.19898932e-02
72.26524 1.19260706e-02
72.51539 1.18626296e-02
72.76641 1.17995596e-02
73.01830 1.17368500e-02
73.27106 1.16745008e-02
73.52469 1.16125226e-02
73.77920 1.15508942e-02
74.03460 1.14896262e-02
74.29087 1.14287080e-02
74.54804 1.13681502e-02
74.80609 1.13079316e-02
75.06504 1.12480734e-02
75.32488 1.11885438e-02
75.58563 1.11293746e-02
75.84727 1.10705340e-02
76.10982 1.10120326e-02
76.37328 1.09538704e-02
76.63766 1.08960368e-02
76.90295 1.08385318e-02
77.16915 1.07813660e-02
77.43628 1.07245182e-02
77.70433 1.06680096e-02
77.97331 1.06118084e-02
78.24322 1.05559347e-02
78.51407 1.05003780e-02
78.78585 1.04451393e-02
79.05857 1.03902133e-02
79.33224 1.03356010e-02
79.60686 1.02812983e-02
79.88242 1.02273040e-02
80.15894 1.01736171e-02
80.43642 1.01202334e-02
80.71486 1.00671528e-02
80.99426 1.00143723e-02
81.27463 9.96189060e-03
81.55596 9.90970468e-03
81.83828 9.85781450e-03
82.12157 9.80621688e-03
82.40584 9.75490970e-03
82.69109 9.70389190e-03
82.97733 9.65316136e-03
83.26457 9.60271702e-03
83.55279 9.55255464e-03
83.84202 9.50267528e-03
84.13225 9.45307470e-03
84.42348 9.40375290e-03
84.71572 9.35470776e-03
85.00897 9.30593716e-03
85.30323 9.25743898e-03
85.59852 9.20921216e-03
85.89482 9.16125564e-03
86.19215 9.11356518e-03
86.49052 9.06614184e-03
86.78991 9.01898350e-03
87.09034 8.97208698e-03
87.39181 8.92545122e-03
87.69432 8.87907622e-03
87.99789 8.83295774e-03
88.30250 8.78709578e-03
88.60816 8.74148822e-03
88.91489 8.69613400e-03
89.22267 8.65103100e-03
89.53153 8.60617816e-03
89.84145 8.56157336e-03
90.15244 8.51721554e-03
90.46451 8.47310258e-03
90.77766 8.42923342e-03
91.09190 8.38560594e-03
91.40722 8.34222014e-03
91.72363 8.29907284e-03
92.04114 8.25616298e-03
92.35975 8.21348950e-03
92.67946 8.17105134e-03
93.00028 8.12884532e-03
93.32221 8.08687250e-03
93.64525 8.04512970e-03
93.96941 8.00361586e-03
94.29469 7.96232886e-03
94.62110 7.92126976e-03
94.94864 7.88043432e-03
95.27731 7.83982254e-03
95.60712 7.79943230e-03
95.93807 7.75926360e-03
96.27017 7.71931432e-03
96.60342 7.67958340e-03
96.93782 7.64006872e-03
97.27338 7.60076922e-03
97.61010 7.56168384e-03
97.94798 7.52281152e-03
98.28704 7.48415120e-03
98.62727 7.44570076e-03
98.96867 7.40745914e-03
99.31126 7.36942528e-03
99.65504 7.33159706e-03
100.00000 7.29397554e-03
