        2000  4.000000 4.000000
0.10000 1.35265941e+00
0.10035 1.35274987e+00
0.10069 1.35284053e+00
0.10104 1.35293141e+00
0.10139 1.35302272e+00
0.10174 1.35311403e+00
0.10210 1.35320576e+00
0.10245 1.35329771e+00
0.10280 1.35339008e+00
0.10316 1.35348245e+00
0.10352 1.35357525e+00
0.10387 1.35366827e+00
0.10423 1.35376171e+00
0.10459 1.35385536e+00
0.10496 1.35394944e+00
0.10532 1.35404352e+00
0.10568 1.35413824e+00
0.10605 1.35423296e+00
0.10642 1.35432811e+00
0.10679 1.35442347e+00
0.10716 1.35451904e+00
0.10753 1.35461483e+00
0.10790 1.35471104e+00
0.10827 1.35480747e+00
0.10865 1.35490411e+00
0.10902 1.35500117e+00
0.10940 1.35509824e+00
0.10978 1.35519595e+00
0.11016 1.35529365e+00
0.11054 1.35539179e+00
0.11092 1.35549035e+00
0.11131 1.35558912e+00
0.11169 1.35568832e+00
0.11208 1.35578773e+00
0.11247 1.35588757e+00
0.11286 1.35598763e+00
0.11325 1.35608789e+00
0.11364 1.35618837e+00
0.11403 1.35628907e+00
0.11443 1.35639019e+00
0.11482 1.35649152e+00
0.11522 1.35659307e+00
0.11562 1.35669483e+00
0.11602 1.35679701e+00
0.11642 1.35689963e+00
0.11682 1.35700245e+00
0.11723 1.35710571e+00
0.11763 1.35720939e+00
0.11804 1.35731349e+00
0.11845 1.35741781e+00
0.11886 1.35752235e+00
0.11927 1.35762709e+00
0.11968 1.35773227e+00
0.12010 1.35783787e+00
0.12051 1.35794347e+00
0.12093 1.35804928e+00
0.12135 1.35815552e+00
0.12177 1.35826197e+00
0.12219 1.35836864e+00
0.12262 1.35847573e+00
0.12304 1.35858304e+00
0.12347 1.35869099e+00
0.12389 1.35879915e+00
0.12432 1.35890752e+00
0.12475 1.35901632e+00
0.12518 1.35912576e+00
0.12562 1.35923541e+00
0.12605 1.35934528e+00
0.12649 1.35945557e+00
0.12693 1.35956608e+00
0.12737 1.35967723e+00
0.12781 1.35978837e+00
0.12825 1.35989973e+00
0.12869 1.36001131e+00
0.12914 1.36012331e+00
0.12959 1.36023573e+00
0.13003 1.36034816e+00
0.13048 1.36046080e+00
0.13094 1.36057387e+00
0.13139 1.36068736e+00
0.13184 1.36080128e+00
0.13230 1.36091541e+00
0.13276 1.36102997e+00
0.13322 1.36114517e+00
0.13368 1.36126101e+00
0.13414 1.36137685e+00
0.13461 1.36149312e+00
0.13507 1.36161003e+00
0.13554 1.36172736e+00
0.13601 1.36184427e+00
0.13648 1.36196203e+00
0.13695 1.36208000e+00
0.13743 1.36219776e+00
0.13790 1.36231595e+00
0.13838 1.36243456e+00
0.13886 1.36255317e+00
0.13934 1.36267221e+00
0.13982 1.36279189e+00
0.14031 1.36291157e+00
0.14079 1.36303189e+00
0.14128 1.36315264e+00
0.14177 1.36327381e+00
0.14226 1.36339541e+00
0.14275 1.36351765e+00
0.14324 1.36364011e+00
0.14374 1.36376320e+00
0.14424 1.36388672e+00
0.14474 1.36401003e+00
0.14524 1.36413419e+00
0.14574 1.36425877e+00
0.14625 1.36438293e+00
0.14675 1.36450795e+00
0.14726 1.36463296e+00
0.14777 1.36475840e+00
0.14828 1.36488384e+00
0.14879 1.36500992e+00
0.14931 1.36513579e+00
0.14983 1.36526251e+00
0.15034 1.36538923e+00
0.15087 1.36551701e+00
0.15139 1.36564437e+00
0.15191 1.36577301e+00
0.15244 1.36590144e+00
0.15297 1.36603136e+00
0.15349 1.36616085e+00
0.15403 1.36629141e+00
0.15456 1.36642219e+00
0.15509 1.36655317e+00
0.15563 1.36668501e+00
0.15617 1.36681664e+00
0.15671 1.36694869e+00
0.15725 1.36708117e+00
0.15780 1.36721344e+00
0.15834 1.36734613e+00
0.15889 1.36747883e+00
0.15944 1.36761237e+00
0.15999 1.36774549e+00
0.16055 1.36787989e+00
0.16110 1.36801344e+00
0.16166 1.36814891e+00
0.16222 1.36828373e+00
0.16278 1.36841963e+00
0.16335 1.36855637e+00
0.16391 1.36869269e+00
0.16448 1.36883072e+00
0.16505 1.36896853e+00
0.16562 1.36910656e+00
0.16619 1.36924629e+00
0.16677 1.36938453e+00
0.16734 1.36952512e+00
0.16792 1.36966421e+00
0.16851 1.36980480e+00
0.16909 1.36994517e+00
0.16967 1.37008533e+00
0.17026 1.37022677e+00
0.17085 1.37036693e+00
0.17144 1.37050901e+00
0.17204 1.37064960e+00
0.17263 1.37079211e+00
0.17323 1.37093397e+00
0.17383 1.37107669e+00
0.17443 1.37122005e+00
0.17503 1.37136384e+00
0.17564 1.37150827e+00
0.17625 1.37165376e+00
0.17686 1.37179904e+00
0.17747 1.37194645e+00
0.17808 1.37209280e+00
0.17870 1.37224149e+00
0.17932 1.37238891e+00
0.17994 1.37253824e+00
0.18056 1.37268672e+00
0.18119 1.37283627e+00
0.18182 1.37298539e+00
0.18244 1.37313515e+00
0.18308 1.37328469e+00
0.18371 1.37343445e+00
0.18435 1.37358400e+00
0.18498 1.37373397e+00
0.18562 1.37388395e+00
0.18627 1.37403413e+00
0.18691 1.37418453e+00
0.18756 1.37433579e+00
0.18821 1.37448661e+00
0.18886 1.37463936e+00
0.18951 1.37479168e+00
0.19017 1.37494464e+00
0.19083 1.37509995e+00
0.19149 1.37525397e+00
0.19215 1.37541013e+00
0.19282 1.37556757e+00
0.19348 1.37572331e+00
0.19415 1.37588309e+00
0.19483 1.37604053e+00
0.19550 1.37620011e+00
0.19618 1.37635968e+00
0.19686 1.37651925e+00
0.19754 1.37667904e+00
0.19822 1.37683904e+00
0.19891 1.37699883e+00
0.19960 1.37715861e+00
0.20029 1.37731840e+00
0.20098 1.37747819e+00
0.20168 1.37763776e+00
0.20237 1.37779819e+00
0.20307 1.37795776e+00
0.20378 1.37811925e+00
0.20448 1.37827861e+00
0.20519 1.37844267e+00
0.20590 1.37860181e+00
0.20661 1.37876800e+00
0.20733 1.37892928e+00
0.20805 1.37909611e+00
0.20877 1.37925995e+00
0.20949 1.37942805e+00
0.21021 1.37959424e+00
0.21094 1.37976299e+00
0.21167 1.37993259e+00
0.21240 1.38009984e+00
0.21314 1.38027349e+00
0.21388 1.38044053e+00
0.21462 1.38061333e+00
0.21536 1.38078357e+00
0.21611 1.38095467e+00
0.21685 1.38112448e+00
0.21760 1.38129813e+00
0.21836 1.38146496e+00
0.21911 1.38163947e+00
0.21987 1.38180885e+00
0.22063 1.38197803e+00
0.22140 1.38215317e+00
0.22216 1.38232043e+00
0.22293 1.38249472e+00
0.22370 1.38266603e+00
0.22448 1.38283947e+00
0.22526 1.38301248e+00
0.22604 1.38318677e+00
0.22682 1.38336363e+00
0.22760 1.38353557e+00
0.22839 1.38371733e+00
0.22918 1.38389035e+00
0.22998 1.38407061e+00
0.23077 1.38424939e+00
0.23157 1.38442816e+00
0.23237 1.38460672e+00
0.23318 1.38478848e+00
0.23398 1.38496832e+00
0.23479 1.38514667e+00
0.23561 1.38532907e+00
0.23642 1.38550869e+00
0.23724 1.38568768e+00
0.23806 1.38586901e+00
0.23889 1.38604928e+00
0.23971 1.38622763e+00
0.24054 1.38641045e+00
0.24137 1.38658965e+00
0.24221 1.38677013e+00
0.24305 1.38695317e+00
0.24389 1.38713451e+00
0.24473 1.38731819e+00
0.24558 1.38750101e+00
0.24643 1.38768725e+00
0.24728 1.38787371e+00
0.24814 1.38805995e+00
0.24900 1.38824704e+00
0.24986 1.38843904e+00
0.25073 1.38862891e+00
0.25159 1.38881643e+00
0.25246 1.38901099e+00
0.25334 1.38920427e+00
0.25422 1.38939477e+00
0.25510 1.38958784e+00
0.25598 1.38977984e+00
0.25687 1.38997611e+00
0.25775 1.39016768e+00
0.25865 1.39035328e+00
0.25954 1.39055445e+00
0.26044 1.39074411e+00
0.26134 1.39092757e+00
0.26225 1.39112725e+00
0.26315 1.39131541e+00
0.26406 1.39150251e+00
0.26498 1.39169792e+00
0.26590 1.39188523e+00
0.26682 1.39207637e+00
0.26774 1.39227200e+00
0.26867 1.39245931e+00
0.26960 1.39265323e+00
0.27053 1.39285163e+00
0.27147 1.39304213e+00
0.27241 1.39323904e+00
0.27335 1.39343829e+00
0.27430 1.39363413e+00
0.27525 1.39383445e+00
0.27620 1.39403392e+00
0.27715 1.39423488e+00
0.27811 1.39443627e+00
0.27908 1.39463637e+00
0.28004 1.39484139e+00
0.28101 1.39504192e+00
0.28198 1.39524096e+00
0.28296 1.39544853e+00
0.28394 1.39564885e+00
0.28492 1.39584491e+00
0.28591 1.39605163e+00
0.28690 1.39625365e+00
0.28789 1.39644864e+00
0.28889 1.39665109e+00
0.28989 1.39685440e+00
0.29089 1.39705195e+00
0.29190 1.39725184e+00
0.29291 1.39745451e+00
0.29392 1.39765440e+00
0.29494 1.39785621e+00
0.29596 1.39805973e+00
0.29699 1.39825963e+00
0.29801 1.39846571e+00
0.29905 1.39867371e+00
0.30008 1.39887104e+00
0.30112 1.39907776e+00
0.30216 1.39929429e+00
0.30321 1.39949333e+00
0.30426 1.39969536e+00
0.30531 1.39991467e+00
0.30637 1.40011883e+00
0.30743 1.40031851e+00
0.30849 1.40053653e+00
0.30956 1.40074368e+00
0.31063 1.40093995e+00
0.31171 1.40115584e+00
0.31279 1.40136704e+00
0.31387 1.40155968e+00
0.31496 1.40177003e+00
0.31605 1.40198784e+00
0.31714 1.40218155e+00
0.31824 1.40238187e+00
0.31934 1.40260181e+00
0.32044 1.40280576e+00
0.32155 1.40300395e+00
0.32267 1.40322005e+00
0.32378 1.40342933e+00
0.32490 1.40363072e+00
0.32603 1.40384811e+00
0.32716 1.40406571e+00
0.32829 1.40427072e+00
0.32943 1.40448469e+00
0.33057 1.40470784e+00
0.33171 1.40492139e+00
0.33286 1.40513451e+00
0.33401 1.40536000e+00
0.33517 1.40558080e+00
0.33633 1.40579349e+00
0.33749 1.40601536e+00
0.33866 1.40623787e+00
0.33983 1.40645397e+00
0.34101 1.40668032e+00
0.34219 1.40690219e+00
0.34337 1.40710507e+00
0.34456 1.40732843e+00
0.34576 1.40756501e+00
0.34695 1.40776811e+00
0.34815 1.40797205e+00
0.34936 1.40821163e+00
0.35057 1.40842880e+00
0.35178 1.40861909e+00
0.35300 1.40884480e+00
0.35422 1.40908224e+00
0.35545 1.40928213e+00
0.35668 1.40948480e+00
0.35791 1.40971669e+00
0.35915 1.40993664e+00
0.36039 1.41013909e+00
0.36164 1.41035605e+00
0.36289 1.41058283e+00
0.36415 1.41080064e+00
0.36541 1.41100928e+00
0.36668 1.41121493e+00
0.36795 1.41143232e+00
0.36922 1.41166485e+00
0.37050 1.41188309e+00
0.37178 1.41207680e+00
0.37307 1.41227989e+00
0.37436 1.41250368e+00
0.37565 1.41272277e+00
0.37695 1.41293205e+00
0.37826 1.41313941e+00
0.37957 1.41333760e+00
0.38088 1.41353429e+00
0.38220 1.41375381e+00
0.38352 1.41397675e+00
0.38485 1.41417109e+00
0.38618 1.41436075e+00
0.38752 1.41457536e+00
0.38886 1.41478699e+00
0.39021 1.41497984e+00
0.39156 1.41518763e+00
0.39291 1.41541483e+00
0.39427 1.41561835e+00
0.39564 1.41579840e+00
0.39701 1.41600405e+00
0.39838 1.41623872e+00
0.39976 1.41645824e+00
0.40115 1.41665173e+00
0.40253 1.41684864e+00
0.40393 1.41706368e+00
0.40533 1.41728469e+00
0.40673 1.41749909e+00
0.40814 1.41770453e+00
0.40955 1.41791083e+00
0.41097 1.41812395e+00
0.41239 1.41833899e+00
0.41382 1.41854699e+00
0.41525 1.41875200e+00
0.41669 1.41896576e+00
0.41813 1.41918421e+00
0.41958 1.41939307e+00
0.42103 1.41959125e+00
0.42249 1.41979755e+00
0.42395 1.42001984e+00
0.42542 1.42024235e+00
0.42689 1.42044544e+00
0.42837 1.42063787e+00
0.42985 1.42084843e+00
0.43134 1.42108032e+00
0.43283 1.42130368e+00
0.43433 1.42150144e+00
0.43583 1.42169749e+00
0.43734 1.42191659e+00
0.43886 1.42214613e+00
0.44037 1.42235947e+00
0.44190 1.42256085e+00
0.44343 1.42277227e+00
0.44496 1.42299328e+00
0.44650 1.42320640e+00
0.44805 1.42340907e+00
0.44960 1.42361728e+00
0.45116 1.42383637e+00
0.45272 1.42405291e+00
0.45429 1.42425728e+00
0.45586 1.42445568e+00
0.45744 1.42466048e+00
0.45902 1.42487467e+00
0.46061 1.42508864e+00
0.46220 1.42529067e+00
0.46380 1.42548331e+00
0.46541 1.42568341e+00
0.46702 1.42590101e+00
0.46864 1.42611989e+00
0.47026 1.42631424e+00
0.47189 1.42649109e+00
0.47352 1.42668821e+00
0.47516 1.42691797e+00
0.47680 1.42714389e+00
0.47845 1.42733120e+00
0.48011 1.42749845e+00
0.48177 1.42769557e+00
0.48344 1.42792704e+00
0.48511 1.42814741e+00
0.48679 1.42833109e+00
0.48848 1.42850603e+00
0.49017 1.42870933e+00
0.49186 1.42893056e+00
0.49357 1.42913195e+00
0.49528 1.42930603e+00
0.49699 1.42948800e+00
0.49871 1.42969984e+00
0.50044 1.42991851e+00
0.50217 1.43011285e+00
0.50391 1.43028416e+00
0.50565 1.43045931e+00
0.50740 1.43065515e+00
0.50916 1.43086208e+00
0.51092 1.43106325e+00
0.51269 1.43125440e+00
0.51446 1.43143723e+00
0.51625 1.43161173e+00
0.51803 1.43178389e+00
0.51983 1.43197205e+00
0.52163 1.43218709e+00
0.52343 1.43240725e+00
0.52524 1.43259371e+00
0.52706 1.43273771e+00
0.52889 1.43287616e+00
0.53072 1.43305536e+00
0.53255 1.43328299e+00
0.53440 1.43351403e+00
0.53625 1.43370005e+00
0.53810 1.43383893e+00
0.53997 1.43397120e+00
0.54183 1.43413760e+00
0.54371 1.43434197e+00
0.54559 1.43454976e+00
0.54748 1.43472853e+00
0.54938 1.43487765e+00
0.55128 1.43502037e+00
0.55319 1.43518123e+00
0.55510 1.43535701e+00
0.55702 1.43552725e+00
0.55895 1.43568640e+00
0.56089 1.43584832e+00
0.56283 1.43602027e+00
0.56478 1.43619029e+00
0.56673 1.43633515e+00
0.56869 1.43645120e+00
0.57066 1.43657024e+00
0.57264 1.43672896e+00
0.57462 1.43692416e+00
0.57661 1.43711147e+00
0.57860 1.43725077e+00
0.58061 1.43734891e+00
0.58262 1.43745259e+00
0.58463 1.43759488e+00
0.58666 1.43776171e+00
0.58869 1.43791467e+00
0.59073 1.43803584e+00
0.59277 1.43814485e+00
0.59482 1.43826965e+00
0.59688 1.43840875e+00
0.59895 1.43853952e+00
0.60102 1.43865045e+00
0.60310 1.43875627e+00
0.60519 1.43887765e+00
0.60728 1.43901611e+00
0.60939 1.43914987e+00
0.61150 1.43925461e+00
0.61361 1.43933376e+00
0.61574 1.43941568e+00
0.61787 1.43952085e+00
0.62001 1.43964544e+00
0.62215 1.43977152e+00
0.62431 1.43988757e+00
0.62647 1.43999509e+00
0.62864 1.44009771e+00
0.63081 1.44019435e+00
0.63300 1.44027968e+00
0.63519 1.44035371e+00
0.63739 1.44042987e+00
0.63959 1.44052544e+00
0.64181 1.44064256e+00
0.64403 1.44076437e+00
0.64626 1.44087040e+00
0.64849 1.44095531e+00
0.65074 1.44103189e+00
0.65299 1.44111509e+00
0.65525 1.44120768e+00
0.65752 1.44130219e+00
0.65980 1.44139200e+00
0.66208 1.44147541e+00
0.66437 1.44156011e+00
0.66667 1.44165333e+00
0.66898 1.44175040e+00
0.67130 1.44183936e+00
0.67362 1.44191872e+00
0.67595 1.44199829e+00
0.67829 1.44209259e+00
0.68064 1.44220800e+00
0.68299 1.44233216e+00
0.68536 1.44243776e+00
0.68773 1.44250901e+00
0.69011 1.44255509e+00
0.69250 1.44260245e+00
0.69490 1.44267776e+00
0.69730 1.44279232e+00
0.69972 1.44293035e+00
0.70214 1.44306261e+00
0.70457 1.44317163e+00
0.70701 1.44326101e+00
0.70946 1.44334464e+00
0.71191 1.44343509e+00
0.71438 1.44353323e+00
0.71685 1.44362432e+00
0.71933 1.44369515e+00
0.72182 1.44375339e+00
0.72432 1.44382464e+00
0.72683 1.44393237e+00
0.72934 1.44408192e+00
0.73187 1.44425472e+00
0.73440 1.44441280e+00
0.73694 1.44452288e+00
0.73949 1.44458027e+00
0.74205 1.44461120e+00
0.74462 1.44465280e+00
0.74720 1.44473088e+00
0.74979 1.44485056e+00
0.75238 1.44499413e+00
0.75499 1.44513365e+00
0.75760 1.44525184e+00
0.76022 1.44535296e+00
0.76285 1.44545195e+00
0.76549 1.44555904e+00
0.76814 1.44567253e+00
0.77080 1.44578027e+00
0.77347 1.44586731e+00
0.77615 1.44592875e+00
0.77884 1.44597739e+00
0.78153 1.44603989e+00
0.78424 1.44613803e+00
0.78695 1.44627563e+00
0.78968 1.44643563e+00
0.79241 1.44658773e+00
0.79515 1.44670379e+00
0.79790 1.44677227e+00
0.80067 1.44680405e+00
0.80344 1.44682645e+00
0.80622 1.44686784e+00
0.80901 1.44694464e+00
0.81181 1.44705515e+00
0.81462 1.44718251e+00
0.81744 1.44730176e+00
0.82027 1.44739307e+00
0.82311 1.44745237e+00
0.82596 1.44749163e+00
0.82882 1.44753045e+00
0.83169 1.44758315e+00
0.83457 1.44765419e+00
0.83745 1.44773675e+00
0.84035 1.44781611e+00
0.84326 1.44787499e+00
0.84618 1.44790400e+00
0.84911 1.44790891e+00
0.85205 1.44790891e+00
0.85500 1.44792597e+00
0.85796 1.44797269e+00
0.86093 1.44804779e+00
0.86391 1.44813611e+00
0.86690 1.44821397e+00
0.86990 1.44825792e+00
0.87291 1.44825472e+00
0.87593 1.44820779e+00
0.87897 1.44813803e+00
0.88201 1.44807552e+00
0.88506 1.44804651e+00
0.88813 1.44806208e+00
0.89120 1.44811413e+00
0.89428 1.44817813e+00
0.89738 1.44822336e+00
0.90049 1.44822528e+00
0.90360 1.44817472e+00
0.90673 1.44808235e+00
0.90987 1.44797376e+00
0.91302 1.44787947e+00
0.91618 1.44782208e+00
0.91935 1.44780565e+00
0.92253 1.44781376e+00
0.92573 1.44781611e+00
0.92893 1.44778219e+00
0.93215 1.44769685e+00
0.93537 1.44756629e+00
0.93861 1.44741525e+00
0.94186 1.44727488e+00
0.94512 1.44717056e+00
0.94839 1.44711147e+00
0.95168 1.44708651e+00
0.95497 1.44706667e+00
0.95828 1.44701717e+00
0.96159 1.44691285e+00
0.96492 1.44674837e+00
0.96826 1.44654187e+00
0.97161 1.44632683e+00
0.97498 1.44613803e+00
0.97835 1.44599637e+00
0.98174 1.44590229e+00
0.98514 1.44583637e+00
0.98855 1.44576960e+00
0.99197 1.44567445e+00
0.99540 1.44553344e+00
0.99885 1.44534485e+00
1.00231 1.44512128e+00
1.00578 1.44488277e+00
1.00926 1.44465045e+00
1.01275 1.44444011e+00
1.01626 1.44425600e+00
1.01978 1.44409173e+00
1.02330 1.44393536e+00
1.02685 1.44377557e+00
1.03040 1.44360789e+00
1.03397 1.44343147e+00
1.03755 1.44324587e+00
1.04114 1.44304981e+00
1.04474 1.44284139e+00
1.04836 1.44262016e+00
1.05199 1.44238464e+00
1.05563 1.44213440e+00
1.05928 1.44187285e+00
1.06295 1.44160811e+00
1.06663 1.44135232e+00
1.07032 1.44111509e+00
1.07403 1.44089877e+00
1.07775 1.44069909e+00
1.08148 1.44050709e+00
1.08522 1.44031083e+00
1.08898 1.44009643e+00
1.09275 1.43985259e+00
1.09653 1.43957611e+00
1.10032 1.43927509e+00
1.10413 1.43896597e+00
1.10796 1.43866645e+00
1.11179 1.43838933e+00
1.11564 1.43813931e+00
1.11950 1.43791445e+00
1.12338 1.43770688e+00
1.12726 1.43750357e+00
1.13117 1.43728853e+00
1.13508 1.43704704e+00
1.13901 1.43677035e+00
1.14295 1.43646037e+00
1.14691 1.43612800e+00
1.15088 1.43579136e+00
1.15487 1.43546901e+00
1.15886 1.43517547e+00
1.16287 1.43491648e+00
1.16690 1.43468864e+00
1.17094 1.43448085e+00
1.17499 1.43427712e+00
1.17906 1.43406080e+00
1.18314 1.43381867e+00
1.18724 1.43354325e+00
1.19135 1.43323605e+00
1.19547 1.43290731e+00
1.19961 1.43257237e+00
1.20376 1.43224725e+00
1.20793 1.43194389e+00
1.21211 1.43166805e+00
1.21630 1.43141867e+00
1.22052 1.43119083e+00
1.22474 1.43097515e+00
1.22898 1.43075989e+00
1.23323 1.43053269e+00
1.23750 1.43028331e+00
1.24179 1.43000768e+00
1.24609 1.42970923e+00
1.25040 1.42939840e+00
1.25473 1.42908928e+00
1.25907 1.42879381e+00
1.26343 1.42852011e+00
1.26780 1.42826965e+00
1.27219 1.42803904e+00
1.27659 1.42782101e+00
1.28101 1.42760725e+00
1.28545 1.42738859e+00
1.28990 1.42715776e+00
1.29436 1.42691136e+00
1.29884 1.42664960e+00
1.30334 1.42637675e+00
1.30785 1.42609984e+00
1.31238 1.42582613e+00
1.31692 1.42556181e+00
1.32148 1.42531072e+00
1.32605 1.42507413e+00
1.33064 1.42485141e+00
1.33525 1.42463936e+00
1.33987 1.42443435e+00
1.34451 1.42423040e+00
1.34916 1.42402261e+00
1.35383 1.42380672e+00
1.35852 1.42358208e+00
1.36322 1.42335040e+00
1.36794 1.42311552e+00
1.37268 1.42288107e+00
1.37743 1.42265067e+00
1.38220 1.42242688e+00
1.38698 1.42221184e+00
1.39178 1.42200533e+00
1.39660 1.42180608e+00
1.40144 1.42161152e+00
1.40629 1.42141909e+00
1.41115 1.42122539e+00
1.41604 1.42102912e+00
1.42094 1.42083008e+00
1.42586 1.42062933e+00
1.43080 1.42042987e+00
1.43575 1.42023339e+00
1.44072 1.42004075e+00
1.44571 1.41985131e+00
1.45071 1.41966336e+00
1.45573 1.41947648e+00
1.46077 1.41929045e+00
1.46583 1.41910613e+00
1.47090 1.41892480e+00
1.47599 1.41874667e+00
1.48110 1.41857088e+00
1.48623 1.41839616e+00
1.49137 1.41822101e+00
1.49654 1.41804437e+00
1.50172 1.41786603e+00
1.50692 1.41768747e+00
1.51213 1.41751083e+00
1.51737 1.41733781e+00
1.52262 1.41717013e+00
1.52789 1.41700779e+00
1.53318 1.41684971e+00
1.53849 1.41669419e+00
1.54381 1.41653888e+00
1.54916 1.41638144e+00
1.55452 1.41622037e+00
1.55990 1.41605461e+00
1.56530 1.41588416e+00
1.57072 1.41571051e+00
1.57615 1.41553451e+00
1.58161 1.41535787e+00
1.58709 1.41518272e+00
1.59258 1.41500971e+00
1.59809 1.41484011e+00
1.60362 1.41467392e+00
1.60918 1.41451051e+00
1.61475 1.41434859e+00
1.62034 1.41418709e+00
1.62594 1.41402453e+00
1.63157 1.41386048e+00
1.63722 1.41369408e+00
1.64289 1.41352533e+00
1.64857 1.41335381e+00
1.65428 1.41317973e+00
1.66001 1.41300373e+00
1.66575 1.41282624e+00
1.67152 1.41264832e+00
1.67731 1.41247061e+00
1.68311 1.41229312e+00
1.68894 1.41211541e+00
1.69478 1.41193643e+00
1.70065 1.41175509e+00
1.70654 1.41157013e+00
1.71245 1.41138069e+00
1.71837 1.41118635e+00
1.72432 1.41098645e+00
1.73029 1.41078101e+00
1.73628 1.41057024e+00
1.74229 1.41035392e+00
1.74832 1.41013269e+00
1.75437 1.40990720e+00
1.76045 1.40967851e+00
1.76654 1.40944789e+00
1.77266 1.40921707e+00
1.77879 1.40898688e+00
1.78495 1.40875861e+00
1.79113 1.40853291e+00
1.79733 1.40830891e+00
1.80355 1.40808597e+00
1.80979 1.40786197e+00
1.81606 1.40763413e+00
1.82234 1.40740053e+00
1.82865 1.40715840e+00
1.83498 1.40690624e+00
1.84133 1.40664299e+00
1.84771 1.40636843e+00
1.85410 1.40608277e+00
1.86052 1.40578645e+00
1.86696 1.40548032e+00
1.87342 1.40516565e+00
1.87991 1.40484331e+00
1.88642 1.40451520e+00
1.89295 1.40418283e+00
1.89950 1.40384811e+00
1.90607 1.40351360e+00
1.91267 1.40318037e+00
1.91929 1.40284928e+00
1.92594 1.40251968e+00
1.93260 1.40218965e+00
1.93929 1.40185664e+00
1.94601 1.40151744e+00
1.95274 1.40116907e+00
1.95950 1.40080917e+00
1.96629 1.40043605e+00
1.97309 1.40004885e+00
1.97992 1.39964800e+00
1.98678 1.39923456e+00
1.99365 1.39881088e+00
2.00055 1.39837995e+00
2.00748 1.39794411e+00
2.01443 1.39750613e+00
2.02140 1.39706688e+00
2.02840 1.39662635e+00
2.03542 1.39618368e+00
2.04247 1.39573739e+00
2.04954 1.39528576e+00
2.05663 1.39482688e+00
2.06375 1.39435925e+00
2.07090 1.39388075e+00
2.07806 1.39338944e+00
2.08526 1.39288363e+00
2.09247 1.39236139e+00
2.09972 1.39182251e+00
2.10699 1.39126656e+00
2.11428 1.39069461e+00
2.12160 1.39010837e+00
2.12894 1.38951019e+00
2.13631 1.38890283e+00
2.14371 1.38828885e+00
2.15113 1.38767147e+00
2.15857 1.38705365e+00
2.16605 1.38643797e+00
2.17354 1.38582592e+00
2.18107 1.38521792e+00
2.18862 1.38461312e+00
2.19619 1.38400896e+00
2.20380 1.38340245e+00
2.21143 1.38278955e+00
2.21908 1.38216619e+00
2.22676 1.38152896e+00
2.23447 1.38087488e+00
2.24220 1.38020117e+00
2.24997 1.37950635e+00
2.25775 1.37878933e+00
2.26557 1.37805035e+00
2.27341 1.37729045e+00
2.28128 1.37651093e+00
2.28918 1.37571477e+00
2.29710 1.37490432e+00
2.30505 1.37408299e+00
2.31303 1.37325312e+00
2.32104 1.37241771e+00
2.32908 1.37157824e+00
2.33714 1.37073643e+00
2.34523 1.36989333e+00
2.35335 1.36904960e+00
2.36149 1.36820523e+00
2.36967 1.36736000e+00
2.37787 1.36651243e+00
2.38610 1.36566101e+00
2.39436 1.36480320e+00
2.40265 1.36393621e+00
2.41097 1.36305707e+00
2.41931 1.36216320e+00
2.42769 1.36125227e+00
2.43609 1.36032277e+00
2.44452 1.35937387e+00
2.45298 1.35840533e+00
2.46148 1.35741845e+00
2.47000 1.35641472e+00
2.47855 1.35539605e+00
2.48713 1.35436544e+00
2.49574 1.35332544e+00
2.50438 1.35227883e+00
2.51304 1.35122795e+00
2.52174 1.35017472e+00
2.53047 1.34912000e+00
2.53923 1.34806400e+00
2.54802 1.34700608e+00
2.55684 1.34594517e+00
2.56569 1.34487893e+00
2.57457 1.34380544e+00
2.58349 1.34272213e+00
2.59243 1.34162624e+00
2.60140 1.34051605e+00
2.61041 1.33938944e+00
2.61944 1.33824491e+00
2.62851 1.33708181e+00
2.63761 1.33589995e+00
2.64674 1.33469973e+00
2.65590 1.33348139e+00
2.66510 1.33224640e+00
2.67432 1.33099563e+00
2.68358 1.32973056e+00
2.69287 1.32845227e+00
2.70219 1.32716203e+00
2.71154 1.32586112e+00
2.72093 1.32455083e+00
2.73035 1.32323221e+00
2.73980 1.32190699e+00
2.74928 1.32057621e+00
2.75880 1.31924117e+00
2.76835 1.31790336e+00
2.77793 1.31656384e+00
2.78755 1.31522347e+00
2.79720 1.31388267e+00
2.80688 1.31254144e+00
2.81660 1.31119957e+00
2.82635 1.30985621e+00
2.83613 1.30851029e+00
2.84595 1.30715968e+00
2.85580 1.30580267e+00
2.86569 1.30443691e+00
2.87561 1.30306048e+00
2.88556 1.30167083e+00
2.89555 1.30026624e+00
2.90557 1.29884501e+00
2.91563 1.29740608e+00
2.92572 1.29594859e+00
2.93585 1.29447211e+00
2.94601 1.29297664e+00
2.95621 1.29146261e+00
2.96644 1.28993109e+00
2.97671 1.28838315e+00
2.98702 1.28682027e+00
2.99736 1.28524395e+00
3.00773 1.28365589e+00
3.01814 1.28205781e+00
3.02859 1.28045120e+00
3.03907 1.27883755e+00
3.04960 1.27721792e+00
3.06015 1.27559275e+00
3.07074 1.27396267e+00
3.08137 1.27232789e+00
3.09204 1.27068800e+00
3.10274 1.26904341e+00
3.11348 1.26739328e+00
3.12426 1.26573760e+00
3.13508 1.26407595e+00
3.14593 1.26240832e+00
3.15682 1.26073451e+00
3.16775 1.25905451e+00
3.17871 1.25736832e+00
3.18972 1.25567595e+00
3.20076 1.25397781e+00
3.21184 1.25227371e+00
3.22295 1.25056363e+00
3.23411 1.24884779e+00
3.24531 1.24712555e+00
3.25654 1.24539669e+00
3.26781 1.24366080e+00
3.27912 1.24191744e+00
3.29047 1.24016597e+00
3.30187 1.23840555e+00
3.31330 1.23663616e+00
3.32476 1.23485739e+00
3.33627 1.23306901e+00
3.34782 1.23127104e+00
3.35941 1.22946389e+00
3.37104 1.22764779e+00
3.38271 1.22582357e+00
3.39442 1.22399168e+00
3.40617 1.22215253e+00
3.41796 1.22030720e+00
3.42979 1.21845611e+00
3.44166 1.21659947e+00
3.45358 1.21473749e+00
3.46553 1.21287083e+00
3.47753 1.21099883e+00
3.48957 1.20912149e+00
3.50164 1.20723819e+00
3.51377 1.20534869e+00
3.52593 1.20345195e+00
3.53814 1.20154709e+00
3.55038 1.19963328e+00
3.56267 1.19770965e+00
3.57500 1.19577515e+00
3.58738 1.19382869e+00
3.59980 1.19186965e+00
3.61226 1.18989739e+00
3.62476 1.18791168e+00
3.63731 1.18591211e+00
3.64990 1.18389888e+00
3.66254 1.18187243e+00
3.67521 1.17983339e+00
3.68794 1.17778325e+00
3.70070 1.17572267e+00
3.71351 1.17365376e+00
3.72637 1.17157760e+00
3.73927 1.16949653e+00
3.75221 1.16741184e+00
3.76520 1.16532565e+00
3.77823 1.16323947e+00
3.79131 1.16115499e+00
3.80443 1.15907349e+00
3.81760 1.15699627e+00
3.83082 1.15492437e+00
3.84408 1.15285845e+00
3.85739 1.15079893e+00
3.87074 1.14874581e+00
3.88414 1.14669931e+00
3.89758 1.14465877e+00
3.91107 1.14262400e+00
3.92461 1.14059392e+00
3.93820 1.13856768e+00
3.95183 1.13654443e+00
3.96551 1.13452288e+00
3.97924 1.13250176e+00
3.99301 1.13047979e+00
4.00683 1.12845547e+00
4.02070 1.12642752e+00
4.03462 1.12439445e+00
4.04859 1.12235477e+00
4.06260 1.12030741e+00
4.07667 1.11825045e+00
4.09078 1.11618304e+00
4.10494 1.11410368e+00
4.11915 1.11201131e+00
4.13341 1.10990507e+00
4.14771 1.10778411e+00
4.16207 1.10564757e+00
4.17648 1.10349547e+00
4.19094 1.10132736e+00
4.20545 1.09914325e+00
4.22000 1.09694336e+00
4.23461 1.09472832e+00
4.24927 1.09249899e+00
4.26398 1.09025621e+00
4.27874 1.08800107e+00
4.29355 1.08573504e+00
4.30841 1.08345963e+00
4.32332 1.08117611e+00
4.33829 1.07888661e+00
4.35331 1.07659264e+00
4.36838 1.07429568e+00
4.38350 1.07199787e+00
4.39867 1.06970069e+00
4.41390 1.06740565e+00
4.42918 1.06511445e+00
4.44451 1.06282816e+00
4.45990 1.06054827e+00
4.47533 1.05827563e+00
4.49083 1.05601131e+00
4.50637 1.05375573e+00
4.52197 1.05150933e+00
4.53762 1.04927253e+00
4.55333 1.04704533e+00
4.56909 1.04482731e+00
4.58491 1.04261824e+00
4.60078 1.04041749e+00
4.61670 1.03822421e+00
4.63269 1.03603755e+00
4.64872 1.03385643e+00
4.66481 1.03167957e+00
4.68096 1.02950571e+00
4.69717 1.02733355e+00
4.71343 1.02516181e+00
4.72974 1.02298880e+00
4.74611 1.02081344e+00
4.76254 1.01863403e+00
4.77903 1.01644971e+00
4.79557 1.01425920e+00
4.81217 1.01206144e+00
4.82883 1.00985557e+00
4.84555 1.00764117e+00
4.86232 1.00541739e+00
4.87915 1.00318400e+00
4.89604 1.00094101e+00
4.91299 9.98688213e-01
4.92999 9.96426027e-01
4.94706 9.94154880e-01
4.96418 9.91874773e-01
4.98137 9.89586987e-01
4.99861 9.87291947e-01
5.01591 9.84990507e-01
5.03328 9.82683733e-01
5.05070 9.80372480e-01
5.06818 9.78057600e-01
5.08573 9.75740587e-01
5.10333 9.73422080e-01
5.12100 9.71103147e-01
5.13873 9.68784853e-01
5.15651 9.66468053e-01
5.17436 9.64153600e-01
5.19228 9.61842347e-01
5.21025 9.59534933e-01
5.22828 9.57231787e-01
5.24638 9.54933547e-01
5.26454 9.52640853e-01
5.28277 9.50353493e-01
5.30105 9.48072320e-01
5.31940 9.45796693e-01
5.33782 9.43527253e-01
5.35629 9.41263573e-01
5.37484 9.39005653e-01
5.39344 9.36753067e-01
5.41211 9.34505600e-01
5.43084 9.32262613e-01
5.44965 9.30024107e-01
5.46851 9.27789013e-01
5.48744 9.25557120e-01
5.50643 9.23328000e-01
5.52550 9.21100587e-01
5.54462 9.18874453e-01
5.56381 9.16648960e-01
5.58308 9.14423680e-01
5.60240 9.12197760e-01
5.62179 9.09970560e-01
5.64125 9.07741653e-01
5.66078 9.05510613e-01
5.68038 9.03276800e-01
5.70004 9.01039787e-01
5.71977 8.98799147e-01
5.73957 8.96554880e-01
5.75944 8.94306347e-01
5.77938 8.92053760e-01
5.79938 8.89796693e-01
5.81946 8.87535360e-01
5.83960 8.85269760e-01
5.85982 8.83000107e-01
5.88010 8.80726400e-01
5.90045 8.78449280e-01
5.92088 8.76168747e-01
5.94137 8.73885440e-01
5.96194 8.71599573e-01
5.98258 8.69312000e-01
6.00329 8.67023360e-01
6.02407 8.64733867e-01
6.04492 8.62444373e-01
6.06585 8.60155520e-01
6.08684 8.57868160e-01
6.10791 8.55582933e-01
6.12906 8.53300267e-01
6.15027 8.51021227e-01
6.17156 8.48746240e-01
6.19293 8.46476160e-01
6.21436 8.44211627e-01
6.23588 8.41953067e-01
6.25746 8.39701333e-01
6.27912 8.37456640e-01
6.30086 8.35219627e-01
6.32267 8.32990720e-01
6.34455 8.30770347e-01
6.36652 8.28558720e-01
6.38856 8.26356053e-01
6.41067 8.24162560e-01
6.43286 8.21978453e-01
6.45513 8.19803520e-01
6.47747 8.17637973e-01
6.49990 8.15481600e-01
6.52240 8.13334187e-01
6.54497 8.11195520e-01
6.56763 8.09065387e-01
6.59037 8.06943360e-01
6.61318 8.04829013e-01
6.63607 8.02721920e-01
6.65904 8.00621653e-01
6.68209 7.98527360e-01
6.70522 7.96438613e-01
6.72843 7.94354987e-01
6.75172 7.92275627e-01
6.77510 7.90199680e-01
6.79855 7.88126933e-01
6.82208 7.86056533e-01
6.84570 7.83987627e-01
6.86939 7.81919573e-01
6.89317 7.79851947e-01
6.91704 7.77783893e-01
6.94098 7.75714987e-01
6.96500 7.73644587e-01
6.98911 7.71572053e-01
7.01331 7.69497173e-01
7.03759 7.67419093e-01
7.06195 7.65337600e-01
7.08639 7.63252480e-01
7.11092 7.61163307e-01
7.13554 7.59069867e-01
7.16024 7.56971947e-01
7.18502 7.54869547e-01
7.20990 7.52762667e-01
7.23485 7.50650880e-01
7.25990 7.48534827e-01
7.28503 7.46414293e-01
7.31025 7.44289493e-01
7.33555 7.42160640e-01
7.36094 7.40027947e-01
7.38642 7.37892053e-01
7.41199 7.35752960e-01
7.43765 7.33611307e-01
7.46340 7.31467307e-01
7.48923 7.29321813e-01
7.51516 7.27175040e-01
7.54117 7.25027627e-01
7.56727 7.22880000e-01
7.59347 7.20732800e-01
7.61975 7.18586667e-01
7.64613 7.16441813e-01
7.67260 7.14299307e-01
7.69916 7.12159573e-01
7.72581 7.10022827e-01
7.75255 7.07890133e-01
7.77939 7.05761493e-01
7.80632 7.04960000e-01
7.83334 7.08500693e-01
7.86046 7.12073387e-01
7.88767 7.15677653e-01
7.91497 7.19313920e-01
7.94237 7.22981333e-01
7.96986 7.26679467e-01
7.99745 7.30408320e-01
8.02513 7.34280747e-01
8.05291 7.38197120e-01
8.08079 7.42145280e-01
8.10876 7.46124373e-01
8.13683 7.50133547e-01
8.16500 7.54172160e-01
8.19326 7.58239573e-01
8.22162 7.62350720e-01
8.25008 7.66496213e-01
8.27864 7.70671573e-01
8.30730 7.74875947e-01
8.33605 7.79109547e-01
8.36491 7.83371733e-01
8.39386 7.87662933e-01
8.42292 7.91926187e-01
8.45208 7.96205013e-01
8.48133 8.00515200e-01
8.51069 8.04857173e-01
8.54016 8.09231573e-01
8.56972 8.13638613e-01
8.59938 8.18079147e-01
8.62915 8.23079040e-01
8.65902 8.28132267e-01
8.68899 8.33228160e-01
8.71907 8.38367573e-01
8.74925 8.43551360e-01
8.77954 8.48779947e-01
8.80993 8.54154027e-01
8.84043 8.59785387e-01
8.87103 8.65470507e-01
8.90174 8.71209813e-01
8.93255 8.77004160e-01
8.96347 8.82853760e-01
8.99450 8.88759040e-01
9.02563 8.95240107e-01
9.05688 9.01900800e-01
9.08823 9.08630613e-01
9.11969 9.15429547e-01
9.15126 9.22298027e-01
9.18294 9.29235840e-01
9.21472 9.36378880e-01
9.24662 9.43757227e-01
9.27863 9.51216427e-01
9.31075 9.58755840e-01
9.34298 9.66375253e-01
9.37532 9.74074667e-01
9.40777 9.81958827e-01
9.44034 9.90267307e-01
9.47302 9.98670507e-01
9.50581 1.00716736e+00
9.53871 1.01575744e+00
9.57173 1.02443947e+00
9.60487 1.03343723e+00
9.63811 1.04384597e+00
9.67148 1.05436587e+00
9.70495 1.06499477e+00
9.73855 1.07572992e+00
9.77226 1.08656853e+00
9.80609 1.09777387e+00
9.84003 1.11030635e+00
9.87409 1.12295467e+00
9.90827 1.13571243e+00
9.94257 1.14857323e+00
9.97699 1.16153024e+00
10.01153 1.17513472e+00
10.04618 1.18994731e+00
10.08096 1.20484437e+00
10.11585 1.21981355e+00
10.15087 1.23484181e+00
10.18601 1.24991573e+00
10.22127 1.26719595e+00
10.25665 1.28590827e+00
10.29215 1.30459221e+00
10.32778 1.32322283e+00
10.36353 1.34177536e+00
10.39941 1.36022443e+00
10.43540 1.38121387e+00
10.47153 1.40204864e+00
10.50777 1.42265195e+00
10.54415 1.44299264e+00
10.58065 1.46303893e+00
10.61727 1.48327787e+00
10.65403 1.50378048e+00
10.69091 1.52395371e+00
10.72791 1.54377472e+00
10.76505 1.56322112e+00
10.80231 1.58218347e+00
10.83971 1.59946645e+00
10.87723 1.61649984e+00
10.91488 1.63327552e+00
10.95266 1.64978645e+00
10.99058 1.66602731e+00
11.02862 1.67988928e+00
11.06680 1.69290688e+00
11.10511 1.70578923e+00
11.14355 1.71853227e+00
11.18212 1.73113280e+00
11.22083 1.74292117e+00
11.25967 1.75402240e+00
11.29865 1.76501483e+00
11.33776 1.77589227e+00
11.37701 1.78664811e+00
11.41639 1.79667861e+00
11.45591 1.80576341e+00
11.49556 1.81474667e+00
11.53536 1.82362176e+00
11.57529 1.83238123e+00
11.61536 1.84022955e+00
11.65556 1.84672064e+00
11.69591 1.85314069e+00
11.73640 1.85948651e+00
11.77702 1.86575488e+00
11.81779 1.87131371e+00
11.85870 1.87600832e+00
11.89975 1.88066517e+00
11.94094 1.88528320e+00
11.98227 1.88986197e+00
12.02375 1.89386880e+00
12.06537 1.89746091e+00
12.10714 1.90104192e+00
12.14905 1.90461205e+00
12.19110 1.90817131e+00
12.23330 1.91171968e+00
12.27565 1.91525717e+00
12.31814 1.91878379e+00
12.36078 1.92229952e+00
12.40357 1.92580416e+00
12.44651 1.92929771e+00
12.48959 1.93278037e+00
12.53283 1.93596715e+00
12.57621 1.93906368e+00
12.61974 1.94216149e+00
12.66343 1.94526080e+00
12.70726 1.94836139e+00
12.75125 1.95146325e+00
12.79539 1.95456597e+00
12.83968 1.95766976e+00
12.88413 1.96077397e+00
12.92873 1.96387861e+00
12.97348 1.96698304e+00
13.01839 1.96999957e+00
13.06345 1.97289301e+00
13.10867 1.97579136e+00
13.15405 1.97869419e+00
13.19959 1.98160149e+00
13.24528 1.98451221e+00
13.29113 1.98742592e+00
13.33713 1.99034240e+00
13.38330 1.99326059e+00
13.42963 1.99618005e+00
13.47612 1.99909995e+00
13.52277 2.00196267e+00
13.56958 2.00476715e+00
13.61655 2.00757419e+00
13.66368 2.01038293e+00
13.71098 2.01319253e+00
13.75844 2.01600213e+00
13.80607 2.01881067e+00
13.85386 2.02161771e+00
13.90182 2.02442197e+00
13.94994 2.02722283e+00
13.99823 2.03001877e+00
14.04668 2.03287467e+00
14.09531 2.03572885e+00
14.14410 2.03857813e+00
14.19306 2.04142165e+00
14.24219 2.04425813e+00
14.29149 2.04708693e+00
14.34096 2.04990699e+00
14.39060 2.05271701e+00
14.44042 2.05551616e+00
14.49041 2.05830357e+00
14.54057 2.06128107e+00
14.59090 2.06428949e+00
14.64141 2.06727936e+00
14.69209 2.07024960e+00
14.74295 2.07319915e+00
14.79398 2.07612693e+00
14.84519 2.07903168e+00
14.89658 2.08191232e+00
14.94814 2.08476779e+00
14.99989 2.08759723e+00
15.05181 2.09038592e+00
15.10392 2.09313728e+00
15.15620 2.09585003e+00
15.20866 2.09852331e+00
15.26131 2.10115584e+00
15.31414 2.10374677e+00
15.36715 2.10629461e+00
15.42034 2.10879872e+00
15.47372 2.11125803e+00
15.52729 2.11357717e+00
15.58103 2.11575616e+00
15.63497 2.11788373e+00
15.68909 2.11995925e+00
15.74340 2.12198208e+00
15.79790 2.12395157e+00
15.85258 2.12586709e+00
15.90746 2.12772779e+00
15.96252 2.12953365e+00
16.01778 2.13121216e+00
16.07323 2.13268416e+00
16.12886 2.13410133e+00
16.18470 2.13546240e+00
16.24072 2.13677013e+00
16.29694 2.13802027e+00
16.35335 2.13921493e+00
16.40996 2.14035627e+00
16.46677 2.14144213e+00
16.52377 2.14241067e+00
16.58097 2.14324480e+00
16.63836 2.14402560e+00
16.69596 2.14475520e+00
16.75375 2.14543573e+00
16.81175 2.14606720e+00
16.86994 2.14664960e+00
16.92834 2.14718293e+00
16.98694 2.14767147e+00
17.04574 2.14799787e+00
17.10474 2.14825173e+00
17.16395 2.14846507e+00
17.22337 2.14864000e+00
17.28299 2.14877653e+00
17.34281 2.14887680e+00
17.40285 2.14894080e+00
17.46309 2.14897280e+00
17.52354 2.14890240e+00
17.58420 2.14869973e+00
17.64507 2.14846933e+00
17.70615 2.14821547e+00
17.76744 2.14793813e+00
17.82894 2.14763947e+00
17.89066 2.14731947e+00
17.95259 2.14698027e+00
18.01473 2.14660693e+00
18.07709 2.14616320e+00
18.13967 2.14571307e+00
18.20246 2.14525440e+00
18.26547 2.14478933e+00
18.32870 2.14432000e+00
18.39214 2.14385067e+00
18.45581 2.14337707e+00
18.51969 2.14291627e+00
18.58380 2.14247893e+00
18.64813 2.14204587e+00
18.71268 2.14162347e+00
18.77746 2.14120747e+00
18.84246 2.14080213e+00
18.90768 2.14040960e+00
18.97313 2.14002773e+00
19.03881 2.13970773e+00
19.10472 2.13943253e+00
19.17085 2.13917013e+00
19.23721 2.13892480e+00
19.30380 2.13869440e+00
19.37062 2.13848107e+00
19.43768 2.13828693e+00
19.50496 2.13812053e+00
19.57248 2.13806293e+00
19.64023 2.13802240e+00
19.70822 2.13799680e+00
19.77644 2.13799040e+00
19.84490 2.13800107e+00
19.91359 2.13802880e+00
19.98252 2.13807787e+00
20.05169 2.13837867e+00
20.12110 2.13876267e+00
20.19076 2.13915093e+00
20.26065 2.13953920e+00
20.33078 2.13993173e+00
20.40116 2.14032640e+00
20.47178 2.14072320e+00
20.54264 2.14112213e+00
20.61375 2.14152533e+00
20.68511 2.14192853e+00
20.75671 2.14233387e+00
20.82856 2.14273920e+00
20.90066 2.14314667e+00
20.97301 2.14355627e+00
21.04561 2.14420693e+00
21.11846 2.14498987e+00
21.19157 2.14575147e+00
21.26492 2.14649173e+00
21.33853 2.14720853e+00
21.41240 2.14790187e+00
21.48652 2.14856747e+00
21.56090 2.14920533e+00
21.63553 2.14981120e+00
21.71043 2.15038720e+00
21.78558 2.15092907e+00
21.86099 2.15143467e+00
21.93666 2.15190187e+00
22.01260 2.15240960e+00
22.08880 2.15329493e+00
22.16526 2.15414187e+00
22.24199 2.15494827e+00
22.31898 2.15571200e+00
22.39624 2.15643093e+00
22.47377 2.15710293e+00
22.55156 2.15772587e+00
22.62962 2.15829547e+00
22.70796 2.15881173e+00
22.78656 2.15927253e+00
22.86544 2.15967573e+00
22.94459 2.16001707e+00
23.02402 2.16048640e+00
23.10372 2.16135467e+00
23.18369 2.16217813e+00
23.26394 2.16295680e+00
23.34447 2.16369067e+00
23.42528 2.16437333e+00
23.50637 2.16500907e+00
23.58774 2.16559147e+00
23.66939 2.16612267e+00
23.75133 2.16659840e+00
23.83354 2.16702080e+00
23.91604 2.16738560e+00
23.99883 2.16769280e+00
24.08191 2.16853760e+00
24.16527 2.16935253e+00
24.24892 2.17012693e+00
24.33286 2.17085867e+00
24.41709 2.17154560e+00
24.50161 2.17218987e+00
24.58642 2.17278720e+00
24.67153 2.17333973e+00
24.75693 2.17384533e+00
24.84263 2.17430187e+00
24.92863 2.17470933e+00
25.01492 2.17514453e+00
25.10151 2.17589547e+00
25.18840 2.17660587e+00
25.27559 2.17727573e+00
25.36309 2.17790507e+00
25.45088 2.17848747e+00
25.53898 2.17902720e+00
25.62739 2.17952213e+00
25.71610 2.17997013e+00
25.80512 2.18037120e+00
25.89444 2.18072533e+00
25.98408 2.18103040e+00
26.07403 2.18129707e+00
26.16428 2.18151893e+00
26.25485 2.18168960e+00
26.34574 2.18180693e+00
26.43694 2.18187520e+00
26.52845 2.18188800e+00
26.62028 2.18184747e+00
26.71243 2.18174933e+00
26.80489 2.18159787e+00
26.89768 2.18138880e+00
26.99079 2.18112000e+00
27.08422 2.18045440e+00
27.17798 2.17968853e+00
27.27205 2.17885867e+00
27.36646 2.17796267e+00
27.46119 2.17700053e+00
27.55625 2.17597227e+00
27.65164 2.17487360e+00
27.74736 2.17370880e+00
27.84341 2.17247147e+00
27.93979 2.17116373e+00
28.03650 2.16954240e+00
28.13355 2.16743680e+00
28.23094 2.16525013e+00
28.32867 2.16298240e+00
28.42673 2.16062933e+00
28.52513 2.15819093e+00
28.62387 2.15566720e+00
28.72295 2.15306027e+00
28.82238 2.15036587e+00
28.92215 2.14758400e+00
29.02227 2.14455467e+00
29.12273 2.14086613e+00
29.22354 2.13707733e+00
29.32470 2.13318421e+00
29.42621 2.12918997e+00
29.52807 2.12509312e+00
29.63029 2.12089365e+00
29.73286 2.11659136e+00
29.83578 2.11218581e+00
29.93906 2.10767744e+00
30.04269 2.10260459e+00
30.14669 2.09675051e+00
30.25104 2.09076800e+00
30.35576 2.08465728e+00
30.46084 2.07841899e+00
30.56628 2.07205355e+00
30.67209 2.06556181e+00
30.77826 2.05894400e+00
30.88481 2.05220096e+00
30.99172 2.04533355e+00
31.09900 2.03834283e+00
31.20665 2.03122944e+00
31.31467 2.02399424e+00
31.42307 2.01663851e+00
31.53184 2.00916352e+00
31.64099 2.00156992e+00
31.75052 1.99385941e+00
31.86043 1.98603285e+00
31.97072 1.97809195e+00
32.08139 1.96898624e+00
32.19244 1.95936811e+00
32.30388 1.94961557e+00
32.41570 1.93973163e+00
32.52791 1.92971861e+00
32.64051 1.91957995e+00
32.75349 1.90931840e+00
32.86687 1.89893675e+00
32.98064 1.88843840e+00
33.09481 1.87782613e+00
33.20937 1.86710357e+00
33.32433 1.85627371e+00
33.43968 1.84534016e+00
33.55544 1.83430592e+00
33.67159 1.82317440e+00
33.78815 1.81194944e+00
33.90511 1.80063424e+00
34.02247 1.78908843e+00
34.14024 1.77685056e+00
34.25842 1.76453184e+00
34.37701 1.75213696e+00
34.49601 1.73967019e+00
34.61542 1.72713600e+00
34.73525 1.71453931e+00
34.85549 1.70188416e+00
34.97614 1.68917525e+00
35.09721 1.67641707e+00
35.21871 1.66361387e+00
35.34062 1.65076992e+00
35.46295 1.63788992e+00
35.58571 1.62497771e+00
35.70889 1.61203776e+00
35.83250 1.59907435e+00
35.95654 1.58609152e+00
36.08101 1.57294592e+00
36.20590 1.55971733e+00
36.33123 1.54649024e+00
36.45700 1.53326891e+00
36.58320 1.52005717e+00
36.70983 1.50685909e+00
36.83691 1.49367872e+00
36.96442 1.48051925e+00
37.09238 1.46738475e+00
37.22077 1.45427840e+00
37.34962 1.44120363e+00
37.47890 1.42816384e+00
37.60864 1.41516203e+00
37.73883 1.40220160e+00
37.86946 1.38928512e+00
38.00055 1.37641579e+00
38.13209 1.36363733e+00
38.26409 1.35091605e+00
38.39654 1.33825472e+00
38.52946 1.32565525e+00
38.66283 1.31312000e+00
38.79667 1.30065109e+00
38.93096 1.28825088e+00
39.06573 1.27592064e+00
39.20096 1.26366272e+00
39.33665 1.25147883e+00
39.47282 1.23937024e+00
39.60946 1.22733867e+00
39.74657 1.21538539e+00
39.88416 1.20351211e+00
40.02222 1.19178475e+00
40.16076 1.18048128e+00
40.29978 1.16926464e+00
40.43928 1.15813525e+00
40.57926 1.14709397e+00
40.71973 1.13614101e+00
40.86069 1.12527723e+00
41.00213 1.11450261e+00
41.14406 1.10381781e+00
41.28648 1.09322304e+00
41.42940 1.08271851e+00
41.57281 1.07230443e+00
41.71672 1.06198080e+00
41.86113 1.05174784e+00
42.00603 1.04160533e+00
42.15144 1.03155349e+00
42.29735 1.02159211e+00
42.44377 1.01172117e+00
42.59069 1.00194048e+00
42.73812 9.92249813e-01
42.88606 9.82649173e-01
43.03451 9.73137920e-01
43.18348 9.63716053e-01
43.33297 9.54383147e-01
43.48297 9.45138773e-01
43.63349 9.35982720e-01
43.78453 9.26914560e-01
43.93609 9.17933867e-01
44.08818 9.09040000e-01
44.24079 9.00232960e-01
44.39394 8.91511680e-01
44.54761 8.82876160e-01
44.70182 8.74325547e-01
44.85655 8.65859413e-01
45.01183 8.57515947e-01
45.16764 8.49725867e-01
45.32399 8.42015573e-01
45.48089 8.34384000e-01
45.63832 8.26830507e-01
45.79630 8.19354453e-01
45.95483 8.11954987e-01
46.11391 8.04631680e-01
46.27353 7.97383253e-01
46.43371 7.90209493e-01
46.59445 7.83109333e-01
46.75574 7.76082133e-01
46.91759 7.69127253e-01
47.08000 7.62243840e-01
47.24297 7.55431040e-01
47.40650 7.48688427e-01
47.57060 7.42015147e-01
47.73527 7.35410347e-01
47.90051 7.28873387e-01
48.06633 7.22403413e-01
48.23271 7.16000000e-01
48.39967 7.09662293e-01
48.56721 7.03389653e-01
48.73533 6.97181227e-01
48.90403 6.91036373e-01
49.07332 6.84954453e-01
49.24319 6.78934827e-01
49.41365 6.72976640e-01
49.58470 6.67079253e-01
49.75634 6.61242027e-01
49.92858 6.55464320e-01
50.10141 6.50311680e-01
50.27484 6.45605547e-01
50.44887 6.40943787e-01
50.62350 6.36325333e-01
50.79874 6.31749973e-01
50.97458 6.27217280e-01
51.15104 6.22726400e-01
51.32810 6.18277120e-01
51.50578 6.13869013e-01
51.68407 6.09501440e-01
51.86298 6.05173973e-01
52.04250 6.00885973e-01
52.22265 5.96637440e-01
52.40343 5.92427520e-01
52.58482 5.88256000e-01
52.76685 5.84122240e-01
52.94951 5.80026027e-01
53.13280 5.75966720e-01
53.31672 5.71944107e-01
53.50128 5.67957547e-01
53.68648 5.64006827e-01
53.87232 5.60091520e-01
54.05880 5.56211200e-01
54.24593 5.52365227e-01
54.43371 5.48553600e-01
54.62214 5.44775680e-01
54.81122 5.41031253e-01
55.00095 5.37319893e-01
55.19134 5.33641173e-01
55.38239 5.29994667e-01
55.57410 5.26380160e-01
55.76647 5.22797227e-01
55.95951 5.19245653e-01
56.15322 5.15724800e-01
56.34760 5.12234667e-01
56.54265 5.08774613e-01
56.73838 5.05344640e-01
56.93479 5.01944107e-01
57.13187 4.98572800e-01
57.32964 4.95230507e-01
57.52809 4.91916587e-01
57.72723 4.88631253e-01
57.92705 4.85373653e-01
58.12757 4.82144000e-01
58.32879 4.78941653e-01
58.53070 4.75766187e-01
58.73331 4.72617813e-01
58.93662 4.69495893e-01
59.14063 4.66400000e-01
59.34535 4.63330347e-01
59.55078 4.60286080e-01
59.75692 4.57267413e-01
59.96377 4.54273920e-01
60.17134 4.51943253e-01
60.37963 4.49764267e-01
60.58864 4.47600853e-01
60.79837 4.45453013e-01
61.00883 4.43320533e-01
61.22002 4.41203200e-01
61.43194 4.39100800e-01
61.64459 4.37013333e-01
61.85797 4.34940587e-01
62.07210 4.32882347e-01
62.28697 4.30838613e-01
62.50258 4.28809173e-01
62.71894 4.26793813e-01
62.93605 4.24792533e-01
63.15390 4.22805120e-01
63.37252 4.20831360e-01
63.59189 4.18871253e-01
63.81201 4.16924587e-01
64.03290 4.14991360e-01
64.25456 4.13071147e-01
64.47698 4.11164160e-01
64.70017 4.09270187e-01
64.92414 4.07388800e-01
65.14888 4.05520213e-01
65.37440 4.03664213e-01
65.60070 4.01820800e-01
65.82778 3.99989547e-01
66.05565 3.98170667e-01
66.28430 3.96363947e-01
66.51375 3.94568960e-01
66.74400 3.92786133e-01
66.97504 3.91015040e-01
67.20688 3.89255467e-01
67.43952 3.87507627e-01
67.67297 3.85771093e-01
67.90722 3.84045867e-01
68.14229 3.82332160e-01
68.37817 3.80629333e-01
68.61486 3.78937600e-01
68.85238 3.77256747e-01
69.09072 3.75586987e-01
69.32988 3.73927680e-01
69.56987 3.72279040e-01
69.81069 3.70641067e-01
70.05235 3.69038720e-01
70.29484 3.67537280e-01
70.53817 3.66044373e-01
70.78235 3.64559787e-01
71.02737 3.63083733e-01
71.27323 3.61615787e-01
71.51995 3.60156160e-01
71.76752 3.58704853e-01
72.01595 3.57261440e-01
72.26524 3.55826347e-01
72.51539 3.54399147e-01
72.76641 3.52979840e-01
73.01830 3.51568427e-01
73.27106 3.50164693e-01
73.52469 3.48768853e-01
73.77920 3.47380907e-01
74.03460 3.46000213e-01
74.29087 3.44627413e-01
74.54804 3.43262080e-01
74.80609 3.41904000e-01
75.06504 3.40553600e-01
75.32488 3.39210453e-01
75.58563 3.37874560e-01
75.84727 3.36545920e-01
76.10982 3.35224533e-01
76.37328 3.33910187e-01
76.63766 3.32603093e-01
76.90295 3.31302827e-01
77.16915 3.30009600e-01
77.43628 3.28723413e-01
77.70433 3.27444053e-01
77.97331 3.26171520e-01
78.24322 3.24905600e-01
78.51407 3.23646507e-01
78.78585 3.22394240e-01
79.05857 3.21148373e-01
79.33224 3.19909120e-01
79.60686 3.18676480e-01
79.88242 3.17450453e-01
80.15894 3.16154027e-01
80.43642 3.14807680e-01
80.71486 3.13468587e-01
80.99426 3.12136320e-01
81.27463 3.10811093e-01
81.55596 3.09492480e-01
81.83828 3.08180907e-01
82.12157 3.06876160e-01
82.40584 3.05578027e-01
82.69109 3.04286720e-01
82.97733 3.03002027e-01
83.26457 3.01723947e-01
83.55279 3.00452480e-01
83.84202 2.99187413e-01
84.13225 2.97928960e-01
84.42348 2.96676907e-01
84.71572 2.95431253e-01
85.00897 2.94192000e-01
85.30323 2.92958933e-01
85.59852 2.91732267e-01
85.89482 2.90511787e-01
86.19215 2.89297707e-01
86.49052 2.88089600e-01
86.78991 2.86887467e-01
87.09034 2.85691733e-01
87.39181 2.84501760e-01
87.69432 2.83317973e-01
87.99789 2.82140160e-01
88.30250 2.80968107e-01
88.60816 2.79802027e-01
88.91489 2.78641920e-01
89.22267 2.77487573e-01
89.53153 2.76338773e-01
89.84145 2.75195947e-01
90.15244 2.73998080e-01
90.46451 2.72743467e-01
90.77766 2.71495467e-01
91.09190 2.70253867e-01
91.40722 2.69018667e-01
91.72363 2.67790080e-01
92.04114 2.66567893e-01
92.35975 2.65351893e-01
92.67946 2.64142507e-01
93.00028 2.62939093e-01
93.32221 2.61742293e-01
93.64525 2.60551467e-01
93.96941 2.59366827e-01
94.29469 2.58188373e-01
94.62110 2.57015893e-01
94.94864 2.55849600e-01
95.27731 2.54689280e-01
95.60712 2.53534933e-01
95.93807 2.52386560e-01
96.27017 2.51244160e-01
96.60342 2.50107520e-01
96.93782 2.48976853e-01
97.27338 2.47851947e-01
97.61010 2.46732800e-01
97.94798 2.45619200e-01
98.28704 2.44511573e-01
98.62727 2.43409493e-01
98.96867 2.42312960e-01
99.31126 2.41222187e-01
99.65504 2.40136960e-01
100.00000 2.39057067e-01
