        2000  0.100000 2.820000
0.10000 2.86012522e-01
0.10035 2.85148662e-01
0.10069 2.84303526e-01
0.10104 2.83473882e-01
0.10139 2.82656082e-01
0.10174 2.81846141e-01
0.10210 2.81039771e-01
0.10245 2.80232612e-01
0.10280 2.79420414e-01
0.10316 2.78599042e-01
0.10352 2.77764811e-01
0.10387 2.76914450e-01
0.10423 2.76045250e-01
0.10459 2.75155146e-01
0.10496 2.74242631e-01
0.10532 2.73306955e-01
0.10568 2.72348080e-01
0.10605 2.71366457e-01
0.10642 2.70363251e-01
0.10679 2.69339967e-01
0.10716 2.68298598e-01
0.10753 2.67241361e-01
0.10790 2.66170776e-01
0.10827 2.65089588e-01
0.10865 2.64000730e-01
0.10902 2.62907171e-01
0.10940 2.61811996e-01
0.10978 2.60718325e-01
0.11016 2.59629278e-01
0.11054 2.58547865e-01
0.11092 2.57476979e-01
0.11131 2.56419479e-01
0.11169 2.55377959e-01
0.11208 2.54354750e-01
0.11247 2.53351996e-01
0.11286 2.52371426e-01
0.11325 2.51414393e-01
0.11364 2.50481875e-01
0.11403 2.49574362e-01
0.11443 2.48691852e-01
0.11482 2.47833858e-01
0.11522 2.46999326e-01
0.11562 2.46186752e-01
0.11602 2.45394182e-01
0.11642 2.44619170e-01
0.11682 2.43859011e-01
0.11723 2.43110583e-01
0.11763 2.42370653e-01
0.11804 2.41635798e-01
0.11845 2.40902711e-01
0.11886 2.40168045e-01
0.11927 2.39428678e-01
0.11968 2.38681792e-01
0.12010 2.37924904e-01
0.12051 2.37155871e-01
0.12093 2.36373114e-01
0.12135 2.35575355e-01
0.12177 2.34761879e-01
0.12219 2.33932348e-01
0.12262 2.33086950e-01
0.12304 2.32226173e-01
0.12347 2.31350882e-01
0.12389 2.30462244e-01
0.12432 2.29561649e-01
0.12475 2.28650676e-01
0.12518 2.27731130e-01
0.12562 2.26804892e-01
0.12605 2.25873803e-01
0.12649 2.24939894e-01
0.12693 2.24005046e-01
0.12737 2.23071174e-01
0.12781 2.22140086e-01
0.12825 2.21213546e-01
0.12869 2.20293174e-01
0.12914 2.19380509e-01
0.12959 2.18476943e-01
0.13003 2.17583718e-01
0.13048 2.16701960e-01
0.13094 2.15832648e-01
0.13139 2.14976571e-01
0.13184 2.14134369e-01
0.13230 2.13306530e-01
0.13276 2.12493430e-01
0.13322 2.11695182e-01
0.13368 2.10911823e-01
0.13414 2.10143166e-01
0.13461 2.09388910e-01
0.13507 2.08648491e-01
0.13554 2.07921307e-01
0.13601 2.07206569e-01
0.13648 2.06503298e-01
0.13695 2.05810443e-01
0.13743 2.05126838e-01
0.13790 2.04451166e-01
0.13838 2.03782074e-01
0.13886 2.03118170e-01
0.13934 2.02458027e-01
0.13982 2.01800178e-01
0.14031 2.01143155e-01
0.14079 2.00485682e-01
0.14128 1.99826328e-01
0.14177 1.99163929e-01
0.14226 1.98497318e-01
0.14275 1.97825482e-01
0.14324 1.97147591e-01
0.14374 1.96462858e-01
0.14424 1.95770679e-01
0.14474 1.95070642e-01
0.14524 1.94362446e-01
0.14574 1.93645978e-01
0.14625 1.92921126e-01
0.14675 1.92188114e-01
0.14726 1.91447168e-01
0.14777 1.90698665e-01
0.14828 1.89943018e-01
0.14879 1.89180903e-01
0.14931 1.88412923e-01
0.14983 1.87639830e-01
0.15034 1.86862412e-01
0.15087 1.86081573e-01
0.15139 1.85298214e-01
0.15191 1.84513239e-01
0.15244 1.83727700e-01
0.15297 1.82942499e-01
0.15349 1.82158727e-01
0.15403 1.81377286e-01
0.15456 1.80599230e-01
0.15509 1.79825534e-01
0.15563 1.79057141e-01
0.15617 1.78294914e-01
0.15671 1.77539793e-01
0.15725 1.76792530e-01
0.15780 1.76053916e-01
0.15834 1.75324664e-01
0.15889 1.74605376e-01
0.15944 1.73896616e-01
0.15999 1.73198798e-01
0.16055 1.72512410e-01
0.16110 1.71837602e-01
0.16166 1.71174677e-01
0.16222 1.70523670e-01
0.16278 1.69884583e-01
0.16335 1.69257265e-01
0.16391 1.68641565e-01
0.16448 1.68037182e-01
0.16505 1.67443666e-01
0.16562 1.66860566e-01
0.16619 1.66287278e-01
0.16677 1.65723166e-01
0.16734 1.65167513e-01
0.16792 1.64619493e-01
0.16851 1.64078316e-01
0.16909 1.63543080e-01
0.16967 1.63012807e-01
0.17026 1.62486670e-01
0.17085 1.61963617e-01
0.17144 1.61442782e-01
0.17204 1.60923187e-01
0.17263 1.60403894e-01
0.17323 1.59884074e-01
0.17383 1.59362862e-01
0.17443 1.58839470e-01
0.17503 1.58313183e-01
0.17564 1.57783286e-01
0.17625 1.57249216e-01
0.17686 1.56710446e-01
0.17747 1.56166562e-01
0.17808 1.55617113e-01
0.17870 1.55061911e-01
0.17932 1.54500694e-01
0.17994 1.53933347e-01
0.18056 1.53359834e-01
0.18119 1.52780155e-01
0.18182 1.52194460e-01
0.18244 1.51602937e-01
0.18308 1.51005774e-01
0.18371 1.50403271e-01
0.18435 1.49795806e-01
0.18498 1.49183790e-01
0.18562 1.48567639e-01
0.18627 1.47947878e-01
0.18691 1.47324997e-01
0.18756 1.46699558e-01
0.18821 1.46072090e-01
0.18886 1.45443230e-01
0.18951 1.44813542e-01
0.19017 1.44183667e-01
0.19083 1.43554168e-01
0.19149 1.42925609e-01
0.19215 1.42298666e-01
0.19282 1.41673830e-01
0.19348 1.41051738e-01
0.19415 1.40432879e-01
0.19483 1.39817781e-01
0.19550 1.39206931e-01
0.19618 1.38600819e-01
0.19686 1.37999858e-01
0.19754 1.37404425e-01
0.19822 1.36814932e-01
0.19891 1.36231643e-01
0.19960 1.35654897e-01
0.20029 1.35084918e-01
0.20098 1.34521934e-01
0.20168 1.33966093e-01
0.20237 1.33417546e-01
0.20307 1.32876370e-01
0.20378 1.32342600e-01
0.20448 1.31816238e-01
0.20519 1.31297320e-01
0.20590 1.30785697e-01
0.20661 1.30281330e-01
0.20733 1.29784033e-01
0.20805 1.29293654e-01
0.20877 1.28810005e-01
0.20949 1.28332861e-01
0.21021 1.27861883e-01
0.21094 1.27396884e-01
0.21167 1.26937487e-01
0.21240 1.26483430e-01
0.21314 1.26034298e-01
0.21388 1.25589790e-01
0.21462 1.25149494e-01
0.21536 1.24713034e-01
0.21611 1.24280032e-01
0.21685 1.23850114e-01
0.21760 1.23422902e-01
0.21836 1.22997947e-01
0.21911 1.22574947e-01
0.21987 1.22153489e-01
0.22063 1.21733196e-01
0.22140 1.21313730e-01
0.22216 1.20894754e-01
0.22293 1.20475965e-01
0.22370 1.20057063e-01
0.22448 1.19637786e-01
0.22526 1.19217794e-01
0.22604 1.18796974e-01
0.22682 1.18375027e-01
0.22760 1.17951764e-01
0.22839 1.17527110e-01
0.22918 1.17100838e-01
0.22998 1.16672913e-01
0.23077 1.16243182e-01
0.23157 1.15811647e-01
0.23237 1.15378270e-01
0.23318 1.14943012e-01
0.23398 1.14505912e-01
0.23479 1.14066970e-01
0.23561 1.13626298e-01
0.23642 1.13183971e-01
0.23724 1.12740028e-01
0.23806 1.12294656e-01
0.23889 1.11847930e-01
0.23971 1.11400039e-01
0.24054 1.10951133e-01
0.24137 1.10501362e-01
0.24221 1.10050951e-01
0.24305 1.09600090e-01
0.24389 1.09148927e-01
0.24473 1.08697690e-01
0.24558 1.08246602e-01
0.24643 1.07795891e-01
0.24728 1.07345744e-01
0.24814 1.06896386e-01
0.24900 1.06448044e-01
0.24986 1.06000942e-01
0.25073 1.05555232e-01
0.25159 1.05111214e-01
0.25246 1.04669000e-01
0.25334 1.04228854e-01
0.25422 1.03790927e-01
0.25510 1.03355444e-01
0.25598 1.02922593e-01
0.25687 1.02492486e-01
0.25775 1.02065313e-01
0.25865 1.01641222e-01
0.25954 1.01220366e-01
0.26044 1.00802893e-01
0.26134 1.00388917e-01
0.26225 9.99785128e-02
0.26315 9.95718688e-02
0.26406 9.91689848e-02
0.26498 9.87699736e-02
0.26590 9.83749480e-02
0.26682 9.79839080e-02
0.26774 9.75969288e-02
0.26867 9.72140856e-02
0.26960 9.68353408e-02
0.27053 9.64607320e-02
0.27147 9.60902968e-02
0.27241 9.57239976e-02
0.27335 9.53618344e-02
0.27430 9.50037696e-02
0.27525 9.46498032e-02
0.27620 9.42998600e-02
0.27715 9.39539400e-02
0.27811 9.36118928e-02
0.27908 9.32737560e-02
0.28004 9.29393416e-02
0.28101 9.26086872e-02
0.28198 9.22816048e-02
0.28296 9.19580568e-02
0.28394 9.16378928e-02
0.28492 9.13210376e-02
0.28591 9.10073408e-02
0.28690 9.06967272e-02
0.28789 9.03890464e-02
0.28889 9.00841480e-02
0.28989 8.97819192e-02
0.29089 8.94822472e-02
0.29190 8.91849816e-02
0.29291 8.88899344e-02
0.29392 8.85969928e-02
0.29494 8.83060064e-02
0.29596 8.80168624e-02
0.29699 8.77293352e-02
0.29801 8.74433496e-02
0.29905 8.71587552e-02
0.30008 8.68753264e-02
0.30112 8.65930256e-02
0.30216 8.63116272e-02
0.30321 8.60310184e-02
0.30426 8.57510488e-02
0.30531 8.54716056e-02
0.30637 8.51925384e-02
0.30743 8.49136968e-02
0.30849 8.46349680e-02
0.30956 8.43562392e-02
0.31063 8.40773600e-02
0.31171 8.37982928e-02
0.31279 8.35188120e-02
0.31387 8.32389176e-02
0.31496 8.29584216e-02
0.31605 8.26773240e-02
0.31714 8.23954368e-02
0.31824 8.21127224e-02
0.31934 8.18291432e-02
0.32044 8.15445488e-02
0.32155 8.12589016e-02
0.32267 8.09722016e-02
0.32378 8.06842984e-02
0.32490 8.03951920e-02
0.32603 8.01048448e-02
0.32716 7.98131816e-02
0.32829 7.95202024e-02
0.32943 7.92259072e-02
0.33057 7.89301832e-02
0.33171 7.86331432e-02
0.33286 7.83346744e-02
0.33401 7.80347768e-02
0.33517 7.77335256e-02
0.33633 7.74308456e-02
0.33749 7.71268120e-02
0.33866 7.68213872e-02
0.33983 7.65146464e-02
0.34101 7.62065520e-02
0.34219 7.58971416e-02
0.34337 7.55864528e-02
0.34456 7.52745608e-02
0.34576 7.49614656e-02
0.34695 7.46472048e-02
0.34815 7.43318160e-02
0.34936 7.40153744e-02
0.35057 7.36979176e-02
0.35178 7.33794832e-02
0.35300 7.30601088e-02
0.35422 7.27399072e-02
0.35545 7.24188784e-02
0.35668 7.20970976e-02
0.35791 7.17746400e-02
0.35915 7.14515808e-02
0.36039 7.11279200e-02
0.36164 7.08037704e-02
0.36289 7.04792072e-02
0.36415 7.01542304e-02
0.36541 6.98289528e-02
0.36668 6.95034496e-02
0.36795 6.91777584e-02
0.36922 6.88519544e-02
0.37050 6.85260752e-02
0.37178 6.82002336e-02
0.37307 6.78744296e-02
0.37436 6.75487760e-02
0.37565 6.72233480e-02
0.37695 6.68981456e-02
0.37826 6.65732816e-02
0.37957 6.62487936e-02
0.38088 6.59247568e-02
0.38220 6.56011712e-02
0.38352 6.52781872e-02
0.38485 6.49558048e-02
0.38618 6.46340616e-02
0.38752 6.43130704e-02
0.38886 6.39928312e-02
0.39021 6.36734192e-02
0.39156 6.33548720e-02
0.39291 6.30372272e-02
0.39427 6.27205600e-02
0.39564 6.24048704e-02
0.39701 6.20902712e-02
0.39838 6.17767248e-02
0.39976 6.14643440e-02
0.40115 6.11531288e-02
0.40253 6.08431168e-02
0.40393 6.05343456e-02
0.40533 6.02268528e-02
0.40673 5.99206760e-02
0.40814 5.96158528e-02
0.40955 5.93124208e-02
0.41097 5.90103800e-02
0.41239 5.87097680e-02
0.41382 5.84105848e-02
0.41525 5.81129432e-02
0.41669 5.78167680e-02
0.41813 5.75221344e-02
0.41958 5.72290424e-02
0.42103 5.69374920e-02
0.42249 5.66475584e-02
0.42395 5.63592416e-02
0.42542 5.60725040e-02
0.42689 5.57874208e-02
0.42837 5.55039920e-02
0.42985 5.52221800e-02
0.43134 5.49420600e-02
0.43283 5.46636320e-02
0.43433 5.43868584e-02
0.43583 5.41118144e-02
0.43734 5.38384624e-02
0.43886 5.35668024e-02
0.44037 5.32968720e-02
0.44190 5.30286336e-02
0.44343 5.27621248e-02
0.44496 5.24973080e-02
0.44650 5.22342584e-02
0.44805 5.19729008e-02
0.44960 5.17132728e-02
0.45116 5.14553368e-02
0.45272 5.11991680e-02
0.45429 5.09446912e-02
0.45586 5.06919064e-02
0.45744 5.04408512e-02
0.45902 5.01914880e-02
0.46061 4.99438168e-02
0.46220 4.96978376e-02
0.46380 4.94535504e-02
0.46541 4.92109552e-02
0.46702 4.89700144e-02
0.46864 4.87307656e-02
0.47026 4.84931336e-02
0.47189 4.82571560e-02
0.47352 4.80228328e-02
0.47516 4.77901264e-02
0.47680 4.75590368e-02
0.47845 4.73295640e-02
0.48011 4.71016704e-02
0.48177 4.68753936e-02
0.48344 4.66506584e-02
0.48511 4.64275024e-02
0.48679 4.62059256e-02
0.48848 4.59858528e-02
0.49017 4.57673216e-02
0.49186 4.55502944e-02
0.49357 4.53348088e-02
0.49528 4.51207896e-02
0.49699 4.49082368e-02
0.49871 4.46971880e-02
0.50044 4.44875680e-02
0.50217 4.42794144e-02
0.50391 4.40726520e-02
0.50565 4.38673184e-02
0.50740 4.36634136e-02
0.50916 4.34608624e-02
0.51092 4.32597024e-02
0.51269 4.30598960e-02
0.51446 4.28614432e-02
0.51625 4.26643440e-02
0.51803 4.24685608e-02
0.51983 4.22740560e-02
0.52163 4.20808672e-02
0.52343 4.18889568e-02
0.52524 4.16983248e-02
0.52706 4.15089336e-02
0.52889 4.13207832e-02
0.53072 4.11338736e-02
0.53255 4.09482048e-02
0.53440 4.07637016e-02
0.53625 4.05804016e-02
0.53810 4.03982672e-02
0.53997 4.02173360e-02
0.54183 4.00375328e-02
0.54371 3.98588576e-02
0.54559 3.96813104e-02
0.54748 3.95048912e-02
0.54938 3.93295624e-02
0.55128 3.91553616e-02
0.55319 3.89821760e-02
0.55510 3.88101184e-02
0.55702 3.86390760e-02
0.55895 3.84690864e-02
0.56089 3.83001496e-02
0.56283 3.81322280e-02
0.56478 3.79652840e-02
0.56673 3.77993928e-02
0.56869 3.76344416e-02
0.57066 3.74704830e-02
0.57264 3.73074946e-02
0.57462 3.71454574e-02
0.57661 3.69843639e-02
0.57860 3.68242067e-02
0.58061 3.66649745e-02
0.58262 3.65066597e-02
0.58463 3.63492473e-02
0.58666 3.61927298e-02
0.58869 3.60370958e-02
0.59073 3.58823418e-02
0.59277 3.57284525e-02
0.59482 3.55754205e-02
0.59688 3.54232345e-02
0.59895 3.52718945e-02
0.60102 3.51213817e-02
0.60310 3.49716886e-02
0.60519 3.48228114e-02
0.60728 3.46747426e-02
0.60939 3.45274671e-02
0.61150 3.43809850e-02
0.61361 3.42352813e-02
0.61574 3.40903521e-02
0.61787 3.39461862e-02
0.62001 3.38027798e-02
0.62215 3.36601254e-02
0.62431 3.35182154e-02
0.62647 3.33770387e-02
0.62864 3.32365914e-02
0.63081 3.30968698e-02
0.63300 3.29578626e-02
0.63519 3.28195623e-02
0.63739 3.26819651e-02
0.63959 3.25450635e-02
0.64181 3.24088500e-02
0.64403 3.22733246e-02
0.64626 3.21384722e-02
0.64849 3.20042890e-02
0.65074 3.18707752e-02
0.65299 3.17379194e-02
0.65525 3.16057178e-02
0.65752 3.14741629e-02
0.65980 3.13432510e-02
0.66208 3.12129782e-02
0.66437 3.10833334e-02
0.66667 3.09543166e-02
0.66898 3.08259238e-02
0.67130 3.06981440e-02
0.67362 3.05709770e-02
0.67595 3.04444192e-02
0.67829 3.03184592e-02
0.68064 3.01931008e-02
0.68299 3.00683327e-02
0.68536 2.99441512e-02
0.68773 2.98205562e-02
0.69011 2.96975403e-02
0.69250 2.95750959e-02
0.69490 2.94532268e-02
0.69730 2.93319217e-02
0.69972 2.92111806e-02
0.70214 2.90909997e-02
0.70457 2.89713715e-02
0.70701 2.88522923e-02
0.70946 2.87337621e-02
0.71191 2.86157770e-02
0.71438 2.84983297e-02
0.71685 2.83814200e-02
0.71933 2.82650442e-02
0.72182 2.81491949e-02
0.72432 2.80338719e-02
0.72683 2.79190716e-02
0.72934 2.78047902e-02
0.73187 2.76910238e-02
0.73440 2.75777689e-02
0.73694 2.74650253e-02
0.73949 2.73527893e-02
0.74205 2.72410534e-02
0.74462 2.71298213e-02
0.74720 2.70190855e-02
0.74979 2.69088423e-02
0.75238 2.67990917e-02
0.75499 2.66898298e-02
0.75760 2.65810530e-02
0.76022 2.64727613e-02
0.76285 2.63649470e-02
0.76549 2.62576141e-02
0.76814 2.61507549e-02
0.77080 2.60443657e-02
0.77347 2.59384502e-02
0.77615 2.58330010e-02
0.77884 2.57280143e-02
0.78153 2.56234938e-02
0.78424 2.55194283e-02
0.78695 2.54158253e-02
0.78968 2.53126772e-02
0.79241 2.52099803e-02
0.79515 2.51077346e-02
0.79790 2.50059364e-02
0.80067 2.49045818e-02
0.80344 2.48036747e-02
0.80622 2.47032113e-02
0.80901 2.46031840e-02
0.81181 2.45035929e-02
0.81462 2.44044379e-02
0.81744 2.43057191e-02
0.82027 2.42074290e-02
0.82311 2.41095674e-02
0.82596 2.40121308e-02
0.82882 2.39151228e-02
0.83169 2.38185359e-02
0.83457 2.37223664e-02
0.83745 2.36266218e-02
0.84035 2.35312907e-02
0.84326 2.34363733e-02
0.84618 2.33418732e-02
0.84911 2.32477792e-02
0.85205 2.31540988e-02
0.85500 2.30608245e-02
0.85796 2.29679525e-02
0.86093 2.28754866e-02
0.86391 2.27834230e-02
0.86690 2.26917617e-02
0.86990 2.26004952e-02
0.87291 2.25096273e-02
0.87593 2.24191504e-02
0.87897 2.23290683e-02
0.88201 2.22393810e-02
0.88506 2.21500773e-02
0.88813 2.20611646e-02
0.89120 2.19726391e-02
0.89428 2.18844972e-02
0.89738 2.17967350e-02
0.90049 2.17093564e-02
0.90360 2.16223575e-02
0.90673 2.15357346e-02
0.90987 2.14494915e-02
0.91302 2.13636169e-02
0.91618 2.12781182e-02
0.91935 2.11929918e-02
0.92253 2.11082339e-02
0.92573 2.10238445e-02
0.92893 2.09398198e-02
0.93215 2.08561598e-02
0.93537 2.07728645e-02
0.93861 2.06899302e-02
0.94186 2.06073530e-02
0.94512 2.05251369e-02
0.94839 2.04432779e-02
0.95168 2.03617762e-02
0.95497 2.02806241e-02
0.95828 2.01998254e-02
0.96159 2.01193802e-02
0.96492 2.00392810e-02
0.96826 1.99595314e-02
0.97161 1.98801277e-02
0.97498 1.98010699e-02
0.97835 1.97223543e-02
0.98174 1.96439771e-02
0.98514 1.95659458e-02
0.98855 1.94882492e-02
0.99197 1.94108910e-02
0.99540 1.93338711e-02
0.99885 1.92571822e-02
1.00231 1.91808278e-02
1.00578 1.91048044e-02
1.00926 1.90291118e-02
1.01275 1.89537502e-02
1.01626 1.88787118e-02
1.01978 1.88040006e-02
1.02330 1.87296166e-02
1.02685 1.86555521e-02
1.03040 1.85818110e-02
1.03397 1.85083857e-02
1.03755 1.84352838e-02
1.04114 1.83624977e-02
1.04474 1.82900274e-02
1.04836 1.82178730e-02
1.05199 1.81460307e-02
1.05563 1.80745005e-02
1.05928 1.80032823e-02
1.06295 1.79323725e-02
1.06663 1.78617672e-02
1.07032 1.77914702e-02
1.07403 1.77214778e-02
1.07775 1.76517900e-02
1.08148 1.75824067e-02
1.08522 1.75133205e-02
1.08898 1.74445350e-02
1.09275 1.73760504e-02
1.09653 1.73078590e-02
1.10032 1.72399685e-02
1.10413 1.71723674e-02
1.10796 1.71050597e-02
1.11179 1.70380452e-02
1.11564 1.69713202e-02
1.11950 1.69048848e-02
1.12338 1.68387389e-02
1.12726 1.67728787e-02
1.13117 1.67073006e-02
1.13508 1.66420119e-02
1.13901 1.65770015e-02
1.14295 1.65122731e-02
1.14691 1.64478267e-02
1.15088 1.63836586e-02
1.15487 1.63197649e-02
1.15886 1.62561532e-02
1.16287 1.61928122e-02
1.16690 1.61297458e-02
1.17094 1.60669538e-02
1.17499 1.60044325e-02
1.17906 1.59421782e-02
1.18314 1.58801983e-02
1.18724 1.58184817e-02
1.19135 1.57570320e-02
1.19547 1.56958493e-02
1.19961 1.56349298e-02
1.20376 1.55742734e-02
1.20793 1.55138766e-02
1.21211 1.54537429e-02
1.21630 1.53938686e-02
1.22052 1.53342501e-02
1.22474 1.52748910e-02
1.22898 1.52157838e-02
1.23323 1.51569322e-02
1.23750 1.50983364e-02
1.24179 1.50399925e-02
1.24609 1.49818967e-02
1.25040 1.49240529e-02
1.25473 1.48664572e-02
1.25907 1.48091059e-02
1.26343 1.47520028e-02
1.26780 1.46951478e-02
1.27219 1.46385335e-02
1.27659 1.45821636e-02
1.28101 1.45260343e-02
1.28545 1.44701457e-02
1.28990 1.44144977e-02
1.29436 1.43590903e-02
1.29884 1.43039161e-02
1.30334 1.42489787e-02
1.30785 1.41942782e-02
1.31238 1.41398109e-02
1.31692 1.40855766e-02
1.32148 1.40315718e-02
1.32605 1.39778000e-02
1.33064 1.39242576e-02
1.33525 1.38709408e-02
1.33987 1.38178571e-02
1.34451 1.37649953e-02
1.34916 1.37123590e-02
1.35383 1.36599484e-02
1.35852 1.36077596e-02
1.36322 1.35557964e-02
1.36794 1.35040513e-02
1.37268 1.34525242e-02
1.37743 1.34012190e-02
1.38220 1.33501319e-02
1.38698 1.32992591e-02
1.39178 1.32486044e-02
1.39660 1.31981678e-02
1.40144 1.31479379e-02
1.40629 1.30979262e-02
1.41115 1.30481250e-02
1.41604 1.29985343e-02
1.42094 1.29491542e-02
1.42586 1.28999810e-02
1.43080 1.28510182e-02
1.43575 1.28022586e-02
1.44072 1.27537094e-02
1.44571 1.27053634e-02
1.45071 1.26572203e-02
1.45573 1.26092803e-02
1.46077 1.25615434e-02
1.46583 1.25140057e-02
1.47090 1.24666673e-02
1.47599 1.24195319e-02
1.48110 1.23725921e-02
1.48623 1.23258515e-02
1.49137 1.22793027e-02
1.49654 1.22329532e-02
1.50172 1.21867992e-02
1.50692 1.21408370e-02
1.51213 1.20950665e-02
1.51737 1.20494878e-02
1.52262 1.20041008e-02
1.52789 1.19589018e-02
1.53318 1.19138946e-02
1.53849 1.18690754e-02
1.54381 1.18244405e-02
1.54916 1.17799935e-02
1.55452 1.17357308e-02
1.55990 1.16916561e-02
1.56530 1.16477618e-02
1.57072 1.16040518e-02
1.57615 1.15605223e-02
1.58161 1.15171733e-02
1.58709 1.14740047e-02
1.59258 1.14310166e-02
1.59809 1.13882090e-02
1.60362 1.13455744e-02
1.60918 1.13031202e-02
1.61475 1.12608390e-02
1.62034 1.12187346e-02
1.62594 1.11768068e-02
1.63157 1.11350482e-02
1.63722 1.10934626e-02
1.64289 1.10520500e-02
1.64857 1.10108103e-02
1.65428 1.09697398e-02
1.66001 1.09288348e-02
1.66575 1.08881027e-02
1.67152 1.08475361e-02
1.67731 1.08071386e-02
1.68311 1.07669066e-02
1.68894 1.07268363e-02
1.69478 1.06869352e-02
1.70065 1.06471958e-02
1.70654 1.06076218e-02
1.71245 1.05682057e-02
1.71837 1.05289550e-02
1.72432 1.04898623e-02
1.73029 1.04509313e-02
1.73628 1.04121582e-02
1.74229 1.03735430e-02
1.74832 1.03350894e-02
1.75437 1.02967901e-02
1.76045 1.02586449e-02
1.76654 1.02206576e-02
1.77266 1.01828245e-02
1.77879 1.01451493e-02
1.78495 1.01076207e-02
1.79113 1.00702501e-02
1.79733 1.00330298e-02
1.80355 9.99596000e-03
1.80979 9.95904056e-03
1.81606 9.92226776e-03
1.82234 9.88564912e-03
1.82865 9.84917712e-03
1.83498 9.81285176e-03
1.84133 9.77667304e-03
1.84771 9.74064096e-03
1.85410 9.70475552e-03
1.86052 9.66901672e-03
1.86696 9.63341704e-03
1.87342 9.59796400e-03
1.87991 9.56265384e-03
1.88642 9.52748656e-03
1.89295 9.49245840e-03
1.89950 9.45757312e-03
1.90607 9.42282696e-03
1.91267 9.38822368e-03
1.91929 9.35375576e-03
1.92594 9.31942696e-03
1.93260 9.28523352e-03
1.93929 9.25117920e-03
1.94601 9.21726400e-03
1.95274 9.18348040e-03
1.95950 9.14983216e-03
1.96629 9.11631928e-03
1.97309 9.08294176e-03
1.97992 9.04969584e-03
1.98678 9.01658528e-03
1.99365 8.98360256e-03
2.00055 8.95075144e-03
2.00748 8.91803568e-03
2.01443 8.88544400e-03
2.02140 8.85298768e-03
2.02840 8.82065544e-03
2.03542 8.78845480e-03
2.04247 8.75638200e-03
2.04954 8.72443328e-03
2.05663 8.69261240e-03
2.06375 8.66091936e-03
2.07090 8.62935040e-03
2.07806 8.59790552e-03
2.08526 8.56658848e-03
2.09247 8.53539176e-03
2.09972 8.50431912e-03
2.10699 8.47337056e-03
2.11428 8.44254232e-03
2.12160 8.41183440e-03
2.12894 8.38125056e-03
2.13631 8.35078328e-03
2.14371 8.32044008e-03
2.15113 8.29021344e-03
2.15857 8.26010712e-03
2.16605 8.23011736e-03
2.17354 8.20024416e-03
2.18107 8.17049128e-03
2.18862 8.14085496e-03
2.19619 8.11133144e-03
2.20380 8.08192824e-03
2.21143 8.05263784e-03
2.21908 8.02346024e-03
2.22676 7.99439920e-03
2.23447 7.96544720e-03
2.24220 7.93661176e-03
2.24997 7.90788912e-03
2.25775 7.87927928e-03
2.26557 7.85077848e-03
2.27341 7.82239048e-03
2.28128 7.79411152e-03
2.28918 7.76594160e-03
2.29710 7.73788448e-03
2.30505 7.70993264e-03
2.31303 7.68209360e-03
2.32104 7.65435984e-03
2.32908 7.62673136e-03
2.33714 7.59921568e-03
2.34523 7.57180152e-03
2.35335 7.54449640e-03
2.36149 7.51729656e-03
2.36967 7.49019824e-03
2.37787 7.46320896e-03
2.38610 7.43632120e-03
2.39436 7.40953872e-03
2.40265 7.38286152e-03
2.41097 7.35628208e-03
2.41931 7.32981168e-03
2.42769 7.30343904e-03
2.43609 7.27716792e-03
2.44452 7.25099832e-03
2.45298 7.22493024e-03
2.46148 7.19895992e-03
2.47000 7.17309112e-03
2.47855 7.14732008e-03
2.48713 7.12165056e-03
2.49574 7.09607880e-03
2.50438 7.07060104e-03
2.51304 7.04522480e-03
2.52174 7.01994632e-03
2.53047 6.99476184e-03
2.53923 6.96967512e-03
2.54802 6.94468616e-03
2.55684 6.91978744e-03
2.56569 6.89499024e-03
2.57457 6.87028328e-03
2.58349 6.84567032e-03
2.59243 6.82115136e-03
2.60140 6.79673016e-03
2.61041 6.77239544e-03
2.61944 6.74815848e-03
2.62851 6.72401176e-03
2.63761 6.69995528e-03
2.64674 6.67599280e-03
2.65590 6.65212056e-03
2.66510 6.62833856e-03
2.67432 6.60464680e-03
2.68358 6.58104528e-03
2.69287 6.55753024e-03
2.70219 6.53410920e-03
2.71154 6.51077464e-03
2.72093 6.48752656e-03
2.73035 6.46436872e-03
2.73980 6.44129736e-03
2.74928 6.41831248e-03
2.75880 6.39541408e-03
2.76835 6.37260592e-03
2.77793 6.34988048e-03
2.78755 6.32724152e-03
2.79720 6.30468904e-03
2.80688 6.28221928e-03
2.81660 6.25983600e-03
2.82635 6.23753544e-03
2.83613 6.21531760e-03
2.84595 6.19318624e-03
2.85580 6.17113760e-03
2.86569 6.14917168e-03
2.87561 6.12728472e-03
2.88556 6.10548424e-03
2.89555 6.08376272e-03
2.90557 6.06212392e-03
2.91563 6.04056784e-03
2.92572 6.01909072e-03
2.93585 5.99769256e-03
2.94601 5.97637712e-03
2.95621 5.95514064e-03
2.96644 5.93398312e-03
2.97671 5.91290456e-03
2.98702 5.89190496e-03
2.99736 5.87098432e-03
3.00773 5.85014264e-03
3.01814 5.82937616e-03
3.02859 5.80868864e-03
3.03907 5.78807632e-03
3.04960 5.76754296e-03
3.06015 5.74708480e-03
3.07074 5.72670560e-03
3.08137 5.70639784e-03
3.09204 5.68616904e-03
3.10274 5.66601544e-03
3.11348 5.64593328e-03
3.12426 5.62592632e-03
3.13508 5.60599832e-03
3.14593 5.58613800e-03
3.15682 5.56635664e-03
3.16775 5.54664672e-03
3.17871 5.52700824e-03
3.18972 5.50744496e-03
3.20076 5.48795312e-03
3.21184 5.46853272e-03
3.22295 5.44918376e-03
3.23411 5.42990624e-03
3.24531 5.41070392e-03
3.25654 5.39156928e-03
3.26781 5.37250608e-03
3.27912 5.35351056e-03
3.29047 5.33459024e-03
3.30187 5.31573384e-03
3.31330 5.29695264e-03
3.32476 5.27823912e-03
3.33627 5.25959328e-03
3.34782 5.24101512e-03
3.35941 5.22250840e-03
3.37104 5.20406560e-03
3.38271 5.18569424e-03
3.39442 5.16739056e-03
3.40617 5.14915080e-03
3.41796 5.13098248e-03
3.42979 5.11287808e-03
3.44166 5.09484136e-03
3.45358 5.07686856e-03
3.46553 5.05896344e-03
3.47753 5.04112600e-03
3.48957 5.02334872e-03
3.50164 5.00564288e-03
3.51377 4.98799720e-03
3.52593 4.97041920e-03
3.53814 4.95290512e-03
3.55038 4.93545120e-03
3.56267 4.91806496e-03
3.57500 4.90074264e-03
3.58738 4.88348048e-03
3.59980 4.86628600e-03
3.61226 4.84915168e-03
3.62476 4.83208128e-03
3.63731 4.81507104e-03
3.64990 4.79812472e-03
3.66254 4.78123856e-03
3.67521 4.76441256e-03
3.68794 4.74765048e-03
3.70070 4.73095232e-03
3.71351 4.71431056e-03
3.72637 4.69772896e-03
3.73927 4.68121128e-03
3.75221 4.66475376e-03
3.76520 4.64835264e-03
3.77823 4.63201168e-03
3.79131 4.61573464e-03
3.80443 4.59951024e-03
3.81760 4.58334976e-03
3.83082 4.56724568e-03
3.84408 4.55120176e-03
3.85739 4.53521424e-03
3.87074 4.51928688e-03
3.88414 4.50341592e-03
3.89758 4.48760136e-03
3.91107 4.47184696e-03
3.92461 4.45614896e-03
3.93820 4.44050736e-03
3.95183 4.42492216e-03
3.96551 4.40939336e-03
3.97924 4.39392096e-03
3.99301 4.37850120e-03
4.00683 4.36314160e-03
4.02070 4.34783840e-03
4.03462 4.33258784e-03
4.04859 4.31739368e-03
4.06260 4.30225216e-03
4.07667 4.28716704e-03
4.09078 4.27213832e-03
4.10494 4.25716224e-03
4.11915 4.24223880e-03
4.13341 4.22737176e-03
4.14771 4.21255736e-03
4.16207 4.19779560e-03
4.17648 4.18308648e-03
4.19094 4.16843376e-03
4.20545 4.15382992e-03
4.22000 4.13928248e-03
4.23461 4.12478392e-03
4.24927 4.11033800e-03
4.26398 4.09594472e-03
4.27874 4.08160408e-03
4.29355 4.06731608e-03
4.30841 4.05307696e-03
4.32332 4.03889048e-03
4.33829 4.02475664e-03
4.35331 4.01067168e-03
4.36838 3.99663560e-03
4.38350 3.98265216e-03
4.39867 3.96871760e-03
4.41390 3.95483568e-03
4.42918 3.94100264e-03
4.44451 3.92721848e-03
4.45990 3.91348320e-03
4.47533 3.89979680e-03
4.49083 3.88615928e-03
4.50637 3.87257440e-03
4.52197 3.85903464e-03
4.53762 3.84554376e-03
4.55333 3.83210176e-03
4.56909 3.81870864e-03
4.58491 3.80536440e-03
4.60078 3.79206528e-03
4.61670 3.77881504e-03
4.63269 3.76561368e-03
4.64872 3.75245631e-03
4.66481 3.73934745e-03
4.68096 3.72628596e-03
4.69717 3.71327072e-03
4.71343 3.70030248e-03
4.72974 3.68738011e-03
4.74611 3.67450399e-03
4.76254 3.66167412e-03
4.77903 3.64889012e-03
4.79557 3.63615162e-03
4.81217 3.62345861e-03
4.82883 3.61081072e-03
4.84555 3.59820833e-03
4.86232 3.58565068e-03
4.87915 3.57313778e-03
4.89604 3.56066962e-03
4.91299 3.54824582e-03
4.92999 3.53586640e-03
4.94706 3.52353097e-03
4.96418 3.51123953e-03
4.98137 3.49899208e-03
4.99861 3.48678787e-03
5.01591 3.47462728e-03
5.03328 3.46251030e-03
5.05070 3.45043619e-03
5.06818 3.43840494e-03
5.08573 3.42641656e-03
5.10333 3.41447104e-03
5.12100 3.40256763e-03
5.13873 3.39070671e-03
5.15651 3.37888828e-03
5.17436 3.36711158e-03
5.19228 3.35537662e-03
5.21025 3.34368340e-03
5.22828 3.33203191e-03
5.24638 3.32042178e-03
5.26454 3.30885264e-03
5.28277 3.29732486e-03
5.30105 3.28583768e-03
5.31940 3.27439149e-03
5.33782 3.26298590e-03
5.35629 3.25162093e-03
5.37484 3.24029618e-03
5.39344 3.22901130e-03
5.41211 3.21776664e-03
5.43084 3.20656184e-03
5.44965 3.19539690e-03
5.46851 3.18427143e-03
5.48744 3.17318545e-03
5.50643 3.16213857e-03
5.52550 3.15113079e-03
5.54462 3.14016212e-03
5.56381 3.12923255e-03
5.58308 3.11834134e-03
5.60240 3.10748885e-03
5.62179 3.09667471e-03
5.64125 3.08589855e-03
5.66078 3.07516074e-03
5.68038 3.06446129e-03
5.70004 3.05379906e-03
5.71977 3.04317480e-03
5.73957 3.03258814e-03
5.75944 3.02203909e-03
5.77938 3.01152688e-03
5.79938 3.00105227e-03
5.81946 2.99061451e-03
5.83960 2.98021360e-03
5.85982 2.96984916e-03
5.88010 2.95952157e-03
5.90045 2.94923045e-03
5.92088 2.93897580e-03
5.94137 2.92875725e-03
5.96194 2.91857479e-03
5.98258 2.90842806e-03
6.00329 2.89831742e-03
6.02407 2.88824212e-03
6.04492 2.87820254e-03
6.06585 2.86819869e-03
6.08684 2.85822980e-03
6.10791 2.84829588e-03
6.12906 2.83839730e-03
6.15027 2.82853332e-03
6.17156 2.81870430e-03
6.19293 2.80890988e-03
6.21436 2.79915005e-03
6.23588 2.78942443e-03
6.25746 2.77973341e-03
6.27912 2.77007622e-03
6.30086 2.76045326e-03
6.32267 2.75086375e-03
6.34455 2.74130846e-03
6.36652 2.73178664e-03
6.38856 2.72229828e-03
6.41067 2.71284338e-03
6.43286 2.70342158e-03
6.45513 2.69403323e-03
6.47747 2.68467760e-03
6.49990 2.67535506e-03
6.52240 2.66606522e-03
6.54497 2.65680810e-03
6.56763 2.64758370e-03
6.59037 2.63839162e-03
6.61318 2.62923151e-03
6.63607 2.62010374e-03
6.65904 2.61100830e-03
6.68209 2.60194482e-03
6.70522 3.11198017e-03
6.72843 3.41668568e-03
6.75172 3.26311487e-03
6.77510 3.28278832e-03
6.79855 3.69103182e-03
6.82208 3.79178328e-03
6.84570 3.62217532e-03
6.86939 3.74534653e-03
6.89317 3.93055736e-03
6.91704 3.95736240e-03
6.94098 3.68875026e-03
6.96500 3.25653638e-03
6.98911 3.76103776e-03
7.01331 3.79376856e-03
7.03759 3.50058782e-03
7.06195 3.40492177e-03
7.08639 3.57773212e-03
7.11092 3.78716976e-03
7.13554 3.86708856e-03
7.16024 3.34747649e-03
7.18502 3.48681720e-03
7.20990 3.81588488e-03
7.23485 3.88336560e-03
7.25990 3.55132677e-03
7.28503 3.56527486e-03
7.31025 3.80566896e-03
7.33555 3.97234224e-03
7.36094 3.92775616e-03
7.38642 3.72134908e-03
7.41199 4.08922184e-03
7.43765 4.00113632e-03
7.46340 3.85025880e-03
7.48923 3.79282856e-03
7.51516 3.88806560e-03
7.54117 4.10720968e-03
7.56727 4.08599952e-03
7.59347 4.21734760e-03
7.61975 4.53291312e-03
7.64613 4.23874200e-03
7.67260 4.38587080e-03
7.69916 4.48261184e-03
7.72581 4.49580192e-03
7.75255 4.52444184e-03
7.77939 4.50123888e-03
7.80632 4.42596368e-03
7.83334 4.40906624e-03
7.86046 4.58539896e-03
7.88767 5.05387992e-03
7.91497 5.55895696e-03
7.94237 6.02630992e-03
7.96986 6.34210480e-03
7.99745 6.57759736e-03
8.02513 6.79224824e-03
8.05291 7.02592096e-03
8.08079 7.36700936e-03
8.10876 8.21852904e-03
8.13683 9.10772016e-03
8.16500 9.97534016e-03
8.19326 1.13744625e-02
8.22162 1.25187019e-02
8.25008 1.38079382e-02
8.27864 1.57301856e-02
8.30730 1.82132482e-02
8.33605 2.07210141e-02
8.36491 2.31870890e-02
8.39386 2.61668702e-02
8.42292 2.92003969e-02
8.45208 3.23678209e-02
8.48133 3.57264371e-02
8.51069 3.92283432e-02
8.54016 4.27022824e-02
8.56972 4.59071184e-02
8.59938 4.94544528e-02
8.62915 5.29480944e-02
8.65902 5.62779504e-02
8.68899 5.94657536e-02
8.71907 6.26809672e-02
8.74925 6.59248696e-02
8.77954 6.93109752e-02
8.80993 7.26263552e-02
8.84043 7.58831168e-02
8.87103 7.90516688e-02
8.90174 8.23211768e-02
8.93255 8.56922424e-02
8.96347 8.90149168e-02
8.99450 9.24246728e-02
9.02563 9.59306472e-02
9.05688 9.92132400e-02
9.08823 1.02516550e-01
9.11969 1.05822568e-01
9.15126 1.09238678e-01
9.18294 1.12733674e-01
9.21472 1.16270480e-01
9.24662 1.19681402e-01
9.27863 1.23131954e-01
9.31075 1.26614390e-01
9.34298 1.30023996e-01
9.37532 1.33433038e-01
9.40777 1.36727587e-01
9.44034 1.39940545e-01
9.47302 1.43040928e-01
9.50581 1.46077767e-01
9.53871 1.49064410e-01
9.57173 1.51830605e-01
9.60487 1.54412785e-01
9.63811 1.56884383e-01
9.67148 1.59057701e-01
9.70495 1.61062946e-01
9.73855 1.62792584e-01
9.77226 1.64126143e-01
9.80609 1.65245270e-01
9.84003 1.65970912e-01
9.87409 1.66518744e-01
9.90827 1.66835975e-01
9.94257 1.66912115e-01
9.97699 1.66839284e-01
10.01153 1.66373157e-01
10.04618 1.65768398e-01
10.08096 1.64962818e-01
10.11585 1.63944761e-01
10.15087 1.62789501e-01
10.18601 1.61539075e-01
10.22127 1.60198598e-01
10.25665 1.58648350e-01
10.29215 1.56975262e-01
10.32778 1.55167605e-01
10.36353 1.53215375e-01
10.39941 1.51195954e-01
10.43540 1.49027299e-01
10.47153 1.46820518e-01
10.50777 1.44496123e-01
10.54415 1.42074194e-01
10.58065 1.39508596e-01
10.61727 1.36810157e-01
10.65403 1.34040278e-01
10.69091 1.31204034e-01
10.72791 1.28380387e-01
10.76505 1.25429389e-01
10.80231 1.22497228e-01
10.83971 1.19466969e-01
10.87723 1.16469196e-01
10.91488 1.13478680e-01
10.95266 1.10445789e-01
10.99058 1.07366198e-01
11.02862 1.04253445e-01
11.06680 1.01154904e-01
11.10511 9.80651616e-02
11.14355 9.50364440e-02
11.18212 9.18514608e-02
11.22083 8.87262992e-02
11.25967 8.56062136e-02
11.29865 8.25739616e-02
11.33776 7.93770216e-02
11.37701 7.62661856e-02
11.41639 7.30425496e-02
11.45591 6.99360376e-02
11.49556 6.68938968e-02
11.53536 6.39020272e-02
11.57529 6.07985984e-02
11.61536 5.78196256e-02
11.65556 5.49258168e-02
11.69591 5.21851152e-02
11.73640 4.96027848e-02
11.77702 4.71883008e-02
11.81779 4.49793760e-02
11.85870 4.28028248e-02
11.89975 4.05823944e-02
11.94094 3.85470312e-02
11.98227 3.67806546e-02
12.02375 3.51157078e-02
12.06537 3.35878055e-02
12.10714 3.21734815e-02
12.14905 3.09914165e-02
12.19110 2.98906915e-02
12.23330 2.90442178e-02
12.27565 2.82442326e-02
12.31814 2.77472584e-02
12.36078 2.72562550e-02
12.40357 2.69525034e-02
12.44651 2.66508650e-02
12.48959 2.66557642e-02
12.53283 2.66974062e-02
12.57621 2.67651652e-02
12.61974 2.68399666e-02
12.66343 2.70428262e-02
12.70726 2.73215738e-02
12.75125 2.76263556e-02
12.79539 2.79607775e-02
12.83968 2.82962372e-02
12.88413 2.86303282e-02
12.92873 2.89784892e-02
12.97348 2.94059974e-02
13.01839 2.98392773e-02
13.06345 3.02437931e-02
13.10867 3.06504033e-02
13.15405 3.10398077e-02
13.19959 3.14246512e-02
13.24528 3.17674241e-02
13.29113 3.20619486e-02
13.33713 3.23997019e-02
13.38330 3.28842569e-02
13.42963 3.33759370e-02
13.47612 3.36802075e-02
13.52277 3.39776762e-02
13.56958 3.42877408e-02
13.61655 3.46056074e-02
13.66368 3.48964510e-02
13.71098 3.51363766e-02
13.75844 3.53784830e-02
13.80607 3.56373928e-02
13.85386 3.58981864e-02
13.90182 3.61599087e-02
13.94994 3.64230862e-02
13.99823 3.66745211e-02
14.04668 3.68999218e-02
14.09531 3.71267138e-02
14.14410 3.71378998e-02
14.19306 3.71374072e-02
14.24219 3.71991163e-02
14.29149 3.73125405e-02
14.34096 3.74196704e-02
14.39060 3.74808531e-02
14.44042 3.75421110e-02
14.49041 3.75317447e-02
14.54057 3.74882453e-02
14.59090 3.74579698e-02
14.64141 3.74741641e-02
14.69209 3.74901554e-02
14.74295 3.75217206e-02
14.79398 3.75588882e-02
14.84519 3.76062792e-02
14.89658 3.76877208e-02
14.94814 3.77691624e-02
14.99989 3.77846536e-02
15.05181 3.77723208e-02
15.10392 3.78025136e-02
15.15620 3.80675560e-02
15.20866 3.83339144e-02
15.26131 3.84765312e-02
15.31414 3.85293216e-02
15.36715 3.85819616e-02
15.42034 3.88960720e-02
15.47372 3.92158976e-02
15.52729 3.95489208e-02
15.58103 3.99037520e-02
15.63497 4.02615160e-02
15.68909 4.07145584e-02
15.74340 4.12078328e-02
15.79790 4.17112968e-02
15.85258 4.22966160e-02
15.90746 4.28900568e-02
15.96252 4.34741728e-02
16.01778 4.40352400e-02
16.07323 4.46035264e-02
16.12886 4.52137368e-02
16.18470 4.58514328e-02
16.24072 4.64982280e-02
16.29694 4.72082664e-02
16.35335 4.79352624e-02
16.40996 4.86804944e-02
16.46677 4.94801336e-02
16.52377 5.02934968e-02
16.58097 5.10626048e-02
16.63836 5.17294408e-02
16.69596 5.24054136e-02
16.75375 5.30623232e-02
16.81175 5.37008840e-02
16.86994 5.43474160e-02
16.92834 5.49758248e-02
16.98694 5.55985560e-02
17.04574 5.62286568e-02
17.10474 5.68210824e-02
17.16395 5.74073040e-02
17.22337 5.79994664e-02
17.28299 5.84434848e-02
17.34281 5.88690792e-02
17.40285 5.92973808e-02
17.46309 5.97147784e-02
17.52354 6.01330408e-02
17.58420 6.05529952e-02
17.64507 6.08938016e-02
17.70615 6.12330288e-02
17.76744 6.15730456e-02
17.82894 6.18368472e-02
17.89066 6.20979792e-02
17.95259 6.23584344e-02
18.01473 6.24651808e-02
18.07709 6.25612112e-02
18.13967 6.26557000e-02
18.20246 6.26982632e-02
18.26547 6.27322160e-02
18.32870 6.27644016e-02
18.39214 6.27509408e-02
18.45581 6.27233800e-02
18.51969 6.26936760e-02
18.58380 6.27123632e-02
18.64813 6.27558288e-02
18.71268 6.27977904e-02
18.77746 6.27586864e-02
18.84246 6.26364112e-02
18.90768 6.25122560e-02
18.97313 6.23675712e-02
19.03881 6.21772024e-02
19.10472 6.19856680e-02
19.17085 6.17911632e-02
19.23721 6.15687592e-02
19.30380 6.13455656e-02
19.37062 6.11215824e-02
19.43768 6.08772952e-02
19.50496 6.06276688e-02
19.57248 6.03778920e-02
19.64023 6.01407488e-02
19.70822 5.99165776e-02
19.77644 5.96918048e-02
19.84490 5.94613168e-02
19.91359 5.91997336e-02
19.98252 5.89383008e-02
20.05169 5.86769808e-02
20.12110 5.83941160e-02
20.19076 5.81048592e-02
20.26065 5.78162792e-02
20.33078 5.75270600e-02
20.40116 5.72353968e-02
20.47178 5.69439216e-02
20.54264 5.66526344e-02
20.61375 5.63886072e-02
20.68511 5.61290544e-02
20.75671 5.58698024e-02
20.82856 5.55881408e-02
20.90066 5.52666232e-02
20.97301 5.49461584e-02
21.04561 5.46268216e-02
21.11846 5.43354592e-02
21.19157 5.40515040e-02
21.26492 5.37685640e-02
21.33853 5.34739680e-02
21.41240 5.31336128e-02
21.48652 5.27947616e-02
21.56090 5.24574520e-02
21.63553 5.21488312e-02
21.71043 5.18616424e-02
21.78558 5.15755064e-02
21.86099 5.12903856e-02
21.93666 5.10505352e-02
22.01260 5.08168888e-02
22.08880 5.05836936e-02
22.16526 5.03397824e-02
22.24199 5.00339064e-02
22.31898 4.97294216e-02
22.39624 4.94262528e-02
22.47377 4.91457192e-02
22.55156 4.89025224e-02
22.62962 4.86599648e-02
22.70796 4.84180840e-02
22.78656 4.81229240e-02
22.86544 4.77825688e-02
22.94459 4.74441688e-02
23.02402 4.71077616e-02
23.10372 4.67977496e-02
23.18369 4.65024768e-02
23.26394 4.62087456e-02
23.34447 4.59165184e-02
23.42528 4.56383160e-02
23.50637 4.53664680e-02
23.58774 4.50958608e-02
23.66939 4.48265320e-02
23.75133 4.45756648e-02
23.83354 4.43322800e-02
23.91604 4.40898352e-02
23.99883 4.38482552e-02
24.08191 4.35772344e-02
24.16527 4.32929032e-02
24.24892 4.30099632e-02
24.33286 4.27284520e-02
24.41709 4.24402104e-02
24.50161 4.21474192e-02
24.58642 4.18561696e-02
24.67153 4.15665368e-02
24.75693 4.12737832e-02
24.84263 4.09758408e-02
24.92863 4.06796280e-02
25.01492 4.03851824e-02
25.10151 4.00856608e-02
25.18840 3.97575256e-02
25.27559 3.94315336e-02
25.36309 3.91076848e-02
25.45088 3.87859792e-02
25.53898 3.84087760e-02
25.62739 3.80280760e-02
25.71610 3.76506472e-02
25.80512 3.72765159e-02
25.89444 3.68528466e-02
25.98408 3.63896334e-02
26.07403 3.59318986e-02
26.16428 3.54795894e-02
26.25485 3.50564014e-02
26.34574 3.48041467e-02
26.43694 3.45536593e-02
26.52845 3.43049202e-02
26.62028 3.40579221e-02
26.71243 3.37647098e-02
26.80489 3.34469258e-02
26.89768 3.31320146e-02
26.99079 3.28199496e-02
27.08422 3.25130998e-02
27.17798 3.22361833e-02
27.27205 3.19615115e-02
27.36646 3.16890657e-02
27.46119 3.14188270e-02
27.55625 3.11508743e-02
27.65164 3.08852416e-02
27.74736 3.06217897e-02
27.84341 3.03605035e-02
27.93979 3.01013643e-02
28.03650 2.98491924e-02
28.13355 2.96006940e-02
28.23094 2.93541846e-02
28.32867 2.91096493e-02
28.42673 2.88670691e-02
28.52513 2.86309110e-02
28.62387 2.83967871e-02
28.72295 2.81645056e-02
28.82238 2.79340514e-02
28.92215 2.77045824e-02
29.02227 2.74693230e-02
29.12273 2.72360037e-02
29.22354 2.70046095e-02
29.32470 2.67751254e-02
29.42621 2.65494766e-02
29.52807 2.63365854e-02
29.63029 2.61253561e-02
29.73286 2.59157737e-02
29.83578 2.57078306e-02
29.93906 2.55004140e-02
30.04269 2.52864399e-02
30.14669 2.50742067e-02
30.25104 2.48636994e-02
30.35576 2.46549028e-02
30.46084 2.44478020e-02
30.56628 2.42531280e-02
30.67209 2.40600069e-02
30.77826 2.38683710e-02
30.88481 2.36782127e-02
30.99172 2.34895209e-02
31.09900 2.32945047e-02
31.20665 2.30989020e-02
31.31467 2.29048973e-02
31.42307 2.27124755e-02
31.53184 2.25216254e-02
31.64099 2.23296248e-02
31.75052 2.21362029e-02
31.86043 2.19444128e-02
31.97072 2.17542508e-02
32.08139 2.15656943e-02
32.19244 2.13804542e-02
32.30388 2.12224853e-02
32.41570 2.10656670e-02
32.52791 2.09099879e-02
32.64051 2.07554406e-02
32.75349 2.06020176e-02
32.86687 2.04321032e-02
32.98064 2.02492770e-02
33.09481 2.00680450e-02
33.20937 1.98883997e-02
33.32433 1.97103223e-02
33.43968 1.95338016e-02
33.55544 1.93664478e-02
33.67159 1.92010604e-02
33.78815 1.90370567e-02
33.90511 1.88744217e-02
34.02247 1.87131478e-02
34.14024 1.85565325e-02
34.25842 1.84143330e-02
34.37701 1.82732014e-02
34.49601 1.81331377e-02
34.61542 1.79941305e-02
34.73525 1.78561686e-02
34.85549 1.77103031e-02
34.97614 1.75493864e-02
35.09721 1.73899060e-02
35.21871 1.72318506e-02
35.34062 1.70752128e-02
35.46295 1.69199699e-02
35.58571 1.67817598e-02
35.70889 1.66692945e-02
35.83250 1.65575811e-02
35.95654 1.64466047e-02
36.08101 1.63363615e-02
36.20590 1.62268515e-02
36.33123 1.61097087e-02
36.45700 1.59734877e-02
36.58320 1.58384022e-02
36.70983 1.57044409e-02
36.83691 1.55715963e-02
36.96442 1.54398572e-02
37.09238 1.53102312e-02
37.22077 1.51949684e-02
37.34962 1.50805629e-02
37.47890 1.49670109e-02
37.60864 1.48543049e-02
37.73883 1.47424411e-02
37.86946 1.46314083e-02
38.00055 1.45090466e-02
38.13209 1.43827858e-02
38.26409 1.42576042e-02
38.39654 1.41335016e-02
38.52946 1.40104594e-02
38.66283 1.38884774e-02
38.79667 1.37744103e-02
38.93096 1.36874152e-02
39.06573 1.36009653e-02
39.20096 1.35150568e-02
39.33665 1.34296860e-02
39.47282 1.33448529e-02
39.60946 1.32605537e-02
39.74657 1.31636510e-02
39.88416 1.30569647e-02
40.02222 1.29511358e-02
40.16076 1.28461528e-02
40.29978 1.27420121e-02
40.43928 1.26387061e-02
40.57926 1.25362273e-02
40.71973 1.24410429e-02
40.86069 1.23487762e-02
41.00213 1.22571864e-02
41.14406 1.21662658e-02
41.28648 1.20760108e-02
41.42940 1.19864175e-02
41.57281 1.18974785e-02
41.71672 1.18086898e-02
41.86113 1.17204088e-02
42.00603 1.16327820e-02
42.15144 1.15458057e-02
42.29735 1.14594723e-02
42.44377 1.13737819e-02
42.59069 1.12887232e-02
42.73812 1.12027320e-02
42.88606 1.11164588e-02
43.03451 1.10308474e-02
43.18348 1.09458864e-02
43.33297 1.08615759e-02
43.48297 1.07779084e-02
43.63349 1.06948801e-02
43.78453 1.06187777e-02
43.93609 1.05578657e-02
44.08818 1.04973071e-02
44.24079 1.04370907e-02
44.39394 1.03772165e-02
44.54761 1.03176844e-02
44.70182 1.02584907e-02
44.85655 1.01996392e-02
45.01183 1.01261049e-02
45.16764 1.00489459e-02
45.32399 9.97237352e-03
45.48089 9.89637264e-03
45.63832 9.82095080e-03
45.79630 9.74609672e-03
45.95483 9.67181040e-03
46.11391 9.59901680e-03
46.27353 9.54019912e-03
46.43371 9.48174240e-03
46.59445 9.42363912e-03
46.75574 9.36588928e-03
46.91759 9.30848912e-03
47.08000 9.25144240e-03
47.24297 9.19474160e-03
47.40650 9.13606304e-03
47.57060 9.06308896e-03
47.73527 8.99069016e-03
47.90051 8.91886664e-03
48.06633 8.84761088e-03
48.23271 8.77691912e-03
48.39967 8.70679136e-03
48.56721 8.63721256e-03
48.73533 8.56819024e-03
48.90403 8.52415688e-03
49.07332 8.48075896e-03
49.24319 8.43757912e-03
49.41365 8.39461736e-03
49.58470 8.35187368e-03
49.75634 8.30935184e-03
49.92858 8.26704056e-03
50.10141 8.22494736e-03
50.27484 8.17060784e-03
50.44887 8.10820688e-03
50.62350 8.04627968e-03
50.79874 7.98482248e-03
50.97458 7.92383152e-03
51.15104 7.86330680e-03
51.32810 7.80323704e-03
51.50578 7.74362600e-03
51.68407 7.68446616e-03
51.86298 7.62399784e-03
52.04250 7.56391680e-03
52.22265 7.50430576e-03
52.40343 7.44516096e-03
52.58482 7.38647864e-03
52.76685 7.32825504e-03
52.94951 7.27048640e-03
53.13280 7.21316896e-03
53.31672 7.15612976e-03
53.50128 7.09639088e-03
53.68648 7.03714832e-03
53.87232 6.97839456e-03
54.05880 6.92012960e-03
54.24593 6.86234592e-03
54.43371 6.80503976e-03
54.62214 6.74821112e-03
54.81122 6.69185624e-03
55.00095 6.63596384e-03
55.19134 6.58921952e-03
55.38239 6.54416720e-03
55.57410 6.49941944e-03
55.76647 6.45497624e-03
55.95951 6.41083384e-03
56.15322 6.36699224e-03
56.34760 6.32344768e-03
56.54265 6.28019640e-03
56.73838 6.23724216e-03
56.93479 6.19508128e-03
57.13187 6.15403712e-03
57.32964 6.11326368e-03
57.52809 6.07276096e-03
57.72723 6.03252144e-03
57.92705 5.99255264e-03
58.12757 5.95284328e-03
58.32879 5.91339712e-03
58.53070 5.87421416e-03
58.73331 5.83528688e-03
58.93662 5.79607760e-03
59.14063 5.75671416e-03
59.34535 5.71761392e-03
59.55078 5.67878064e-03
59.75692 5.64021056e-03
59.96377 5.60189992e-03
60.17134 5.56384872e-03
60.37963 5.52605320e-03
60.58864 5.48851712e-03
60.79837 5.45123296e-03
61.00883 5.41297120e-03
61.22002 5.37321672e-03
61.43194 5.33375552e-03
61.64459 5.29458008e-03
61.85797 5.25569040e-03
62.07210 5.21708648e-03
62.28697 5.17876456e-03
62.50258 5.14072464e-03
62.71894 5.10296296e-03
62.93605 5.06547576e-03
63.15390 5.02826304e-03
63.37252 4.99626168e-03
63.59189 4.96509880e-03
63.81201 4.93412768e-03
64.03290 4.90335208e-03
64.25456 4.87276448e-03
64.47698 4.84237240e-03
64.70017 4.81216456e-03
64.92414 4.78214472e-03
65.14888 4.75231288e-03
65.37440 4.72266904e-03
65.60070 4.69320568e-03
65.82778 4.66582160e-03
66.05565 4.63866312e-03
66.28430 4.61166632e-03
66.51375 4.58482368e-03
66.74400 4.55813520e-03
66.97504 4.53160088e-03
67.20688 4.50522072e-03
67.43952 4.47899472e-03
67.67297 4.45291912e-03
67.90722 4.42699392e-03
68.14229 4.40121536e-03
68.37817 4.36241968e-03
68.61486 4.31575808e-03
68.85238 4.26959656e-03
69.09072 4.22392384e-03
69.32988 4.17873616e-03
69.56987 4.13402976e-03
69.81069 4.08980088e-03
70.05235 4.04603824e-03
70.29484 4.00274560e-03
70.53817 3.95991168e-03
70.78235 3.91753648e-03
71.02737 3.87560872e-03
71.27323 3.84898792e-03
71.51995 3.82623616e-03
71.76752 3.80361976e-03
72.01595 3.78113872e-03
72.26524 3.75878928e-03
72.51539 3.73657106e-03
72.76641 3.71448407e-03
73.01830 3.69252718e-03
73.27106 3.67070000e-03
73.52469 3.64900142e-03
73.77920 3.62743067e-03
74.03460 3.60598702e-03
74.29087 3.58320706e-03
74.54804 3.55902311e-03
74.80609 3.53500198e-03
75.06504 3.51114290e-03
75.32488 3.48744399e-03
75.58563 3.46390489e-03
75.84727 3.44052446e-03
76.10982 3.41730119e-03
76.37328 3.39423434e-03
76.63766 3.37132316e-03
76.90295 3.34856614e-03
77.16915 3.32596214e-03
77.43628 3.30351081e-03
77.70433 3.28093238e-03
77.97331 3.25833967e-03
78.24322 3.23590187e-03
78.51407 3.21361823e-03
78.78585 3.19148762e-03
79.05857 3.16950930e-03
79.33224 3.14768174e-03
79.60686 3.12600422e-03
79.88242 3.10447596e-03
80.15894 3.08309547e-03
80.43642 3.06186200e-03
80.71486 3.04077442e-03
80.99426 3.01983159e-03
81.27463 2.99901811e-03
81.55596 2.97827118e-03
81.83828 2.95766714e-03
82.12157 2.93720522e-03
82.40584 2.91688505e-03
82.69109 2.89670475e-03
82.97733 2.87666395e-03
83.26457 2.85676152e-03
83.55279 2.83699670e-03
83.84202 2.81736800e-03
84.13225 2.79787503e-03
84.42348 2.77851667e-03
84.71572 2.75929179e-03
85.00897 2.74020002e-03
85.30323 2.72123834e-03
85.59852 2.70237178e-03
85.89482 2.68363608e-03
86.19215 2.66502972e-03
86.49052 2.64655195e-03
86.78991 2.62820240e-03
87.09034 2.60997956e-03
87.39181 2.59188306e-03
87.69432 2.57391176e-03
87.99789 2.55606492e-03
88.30250 2.53834141e-03
88.60816 2.52074085e-03
88.91489 2.50326174e-03
89.22267 2.48590407e-03
89.53153 2.46866598e-03
89.84145 2.45154369e-03
90.15244 2.43452292e-03
90.46451 2.41761984e-03
90.77766 2.40083407e-03
91.09190 2.38416486e-03
91.40722 2.36761109e-03
91.72363 2.35117199e-03
92.04114 2.33484720e-03
92.35975 2.31863521e-03
92.67946 2.30253564e-03
93.00028 2.28654774e-03
93.32221 2.27067077e-03
93.64525 2.25490358e-03
93.96941 2.23924582e-03
94.29469 2.22369671e-03
94.62110 2.20825552e-03
94.94864 2.19291810e-03
95.27731 2.17768484e-03
95.60712 2.16255723e-03
95.93807 2.14753453e-03
96.27017 2.13261598e-03
96.60342 2.11780082e-03
96.93782 2.10308832e-03
97.27338 2.08847809e-03
97.61010 2.07396938e-03
97.94798 2.05956106e-03
98.28704 2.04525275e-03
98.62727 2.03104371e-03
98.96867 2.01693318e-03
99.31126 2.00292042e-03
99.65504 1.98900541e-03
100.00000 1.97518628e-03
