        1000  1.000000 2.910000
1.00000 3.09999856e-01
1.00462 3.08518239e-01
1.00926 3.07106268e-01
1.01392 3.05762585e-01
1.01861 3.04484436e-01
1.02332 3.03268366e-01
1.02805 3.02110264e-01
1.03279 3.01003959e-01
1.03757 2.99940645e-01
1.04236 2.98908526e-01
1.04718 2.97893130e-01
1.05201 2.96878122e-01
1.05688 2.95846469e-01
1.06176 2.94782030e-01
1.06666 2.93670682e-01
1.07159 2.92501017e-01
1.07655 2.91265198e-01
1.08152 2.89959462e-01
1.08652 2.88584002e-01
1.09154 2.87142698e-01
1.09658 2.85641953e-01
1.10165 2.84089992e-01
1.10674 2.82496476e-01
1.11185 2.80872152e-01
1.11699 2.79228546e-01
1.12215 2.77577528e-01
1.12733 2.75931050e-01
1.13254 2.74300674e-01
1.13777 2.72697730e-01
1.14303 2.71132732e-01
1.14831 2.69615225e-01
1.15362 2.68153512e-01
1.15895 2.66754035e-01
1.16430 2.65421178e-01
1.16968 2.64157035e-01
1.17509 2.62961335e-01
1.18052 2.61831091e-01
1.18597 2.60760754e-01
1.19145 2.59742332e-01
1.19696 2.58765775e-01
1.20249 2.57819249e-01
1.20804 2.56889911e-01
1.21362 2.55964454e-01
1.21923 2.55029878e-01
1.22487 2.54074273e-01
1.23052 2.53087356e-01
1.23621 2.52061018e-01
1.24192 2.50989673e-01
1.24766 2.49870215e-01
1.25342 2.48701986e-01
1.25922 2.47486537e-01
1.26503 2.46227400e-01
1.27088 2.44929462e-01
1.27675 2.43598738e-01
1.28265 2.42241864e-01
1.28858 2.40865822e-01
1.29453 2.39477674e-01
1.30051 2.38084327e-01
1.30652 2.36692261e-01
1.31256 2.35307605e-01
1.31862 2.33935909e-01
1.32471 2.32582177e-01
1.33083 2.31250871e-01
1.33698 2.29945950e-01
1.34316 2.28670632e-01
1.34937 2.27427713e-01
1.35560 2.26219404e-01
1.36187 2.25047217e-01
1.36816 2.23912084e-01
1.37448 2.22814277e-01
1.38083 2.21753368e-01
1.38721 2.20728156e-01
1.39362 2.19736622e-01
1.40006 2.18776167e-01
1.40653 2.17843298e-01
1.41303 2.16933982e-01
1.41955 2.16043522e-01
1.42611 2.15166913e-01
1.43270 2.14298802e-01
1.43932 2.13433834e-01
1.44597 2.12566654e-01
1.45265 2.11692257e-01
1.45937 2.10806065e-01
1.46611 2.09904004e-01
1.47288 2.08982775e-01
1.47969 2.08039702e-01
1.48653 2.07072923e-01
1.49339 2.06081350e-01
1.50029 2.05064557e-01
1.50723 2.04022816e-01
1.51419 2.02957096e-01
1.52119 2.01868873e-01
1.52821 2.00760046e-01
1.53527 1.99633062e-01
1.54237 1.98490596e-01
1.54950 1.97335752e-01
1.55665 1.96171675e-01
1.56385 1.95001855e-01
1.57107 1.93829746e-01
1.57833 1.92659033e-01
1.58562 1.91493248e-01
1.59295 1.90336000e-01
1.60031 1.89190701e-01
1.60770 1.88060651e-01
1.61513 1.86949031e-01
1.62260 1.85858712e-01
1.63009 1.84792256e-01
1.63762 1.83751872e-01
1.64519 1.82739542e-01
1.65279 1.81756582e-01
1.66043 1.80804120e-01
1.66810 1.79882542e-01
1.67581 1.78991966e-01
1.68355 1.78131886e-01
1.69133 1.77301334e-01
1.69914 1.76498794e-01
1.70700 1.75722368e-01
1.71488 1.74969648e-01
1.72280 1.74237957e-01
1.73077 1.73524231e-01
1.73876 1.72825133e-01
1.74680 1.72137209e-01
1.75487 1.71456851e-01
1.76297 1.70780489e-01
1.77112 1.70104554e-01
1.77930 1.69425710e-01
1.78753 1.68740696e-01
1.79578 1.68046641e-01
1.80408 1.67340908e-01
1.81242 1.66621284e-01
1.82079 1.65885947e-01
1.82920 1.65133421e-01
1.83766 1.64362736e-01
1.84615 1.63573234e-01
1.85468 1.62764720e-01
1.86325 1.61937426e-01
1.87186 1.61091819e-01
1.88050 1.60228829e-01
1.88919 1.59349582e-01
1.89792 1.58455514e-01
1.90669 1.57548254e-01
1.91550 1.56629625e-01
1.92435 1.55701606e-01
1.93324 1.54766294e-01
1.94217 1.53825782e-01
1.95115 1.52882282e-01
1.96016 1.51937929e-01
1.96922 1.50995011e-01
1.97832 1.50055508e-01
1.98746 1.49121553e-01
1.99664 1.48195087e-01
2.00587 1.47277932e-01
2.01514 1.46371797e-01
2.02445 1.45478272e-01
2.03380 1.44598715e-01
2.04320 1.43734367e-01
2.05264 1.42886316e-01
2.06212 1.42055452e-01
2.07165 1.41242437e-01
2.08122 1.40447813e-01
2.09084 1.39671891e-01
2.10050 1.38914786e-01
2.11020 1.38176500e-01
2.11995 1.37456721e-01
2.12975 1.36755140e-01
2.13959 1.36071134e-01
2.14947 1.35404007e-01
2.15941 1.34752904e-01
2.16938 1.34116817e-01
2.17941 1.33494698e-01
2.18948 1.32885266e-01
2.19959 1.32287320e-01
2.20976 1.31699461e-01
2.21997 1.31120332e-01
2.23022 1.30548459e-01
2.24053 1.29982444e-01
2.25088 1.29420853e-01
2.26128 1.28862327e-01
2.27173 1.28305508e-01
2.28222 1.27749078e-01
2.29277 1.27191871e-01
2.30336 1.26632724e-01
2.31400 1.26070667e-01
2.32470 1.25504769e-01
2.33544 1.24934254e-01
2.34623 1.24358423e-01
2.35707 1.23776772e-01
2.36796 1.23188875e-01
2.37890 1.22594459e-01
2.38989 1.21993330e-01
2.40094 1.21385528e-01
2.41203 1.20771053e-01
2.42317 1.20150136e-01
2.43437 1.19523051e-01
2.44562 1.18890184e-01
2.45692 1.18252002e-01
2.46827 1.17609047e-01
2.47967 1.16961863e-01
2.49113 1.16311187e-01
2.50264 1.15657640e-01
2.51420 1.15001997e-01
2.52582 1.14344958e-01
2.53749 1.13687376e-01
2.54921 1.13029948e-01
2.56099 1.12373530e-01
2.57283 1.11718819e-01
2.58471 1.11066591e-01
2.59666 1.10417583e-01
2.60865 1.09772494e-01
2.62071 1.09132062e-01
2.63281 1.08496828e-01
2.64498 1.07867492e-01
2.65720 1.07244597e-01
2.66948 1.06628647e-01
2.68181 1.06020108e-01
2.69420 1.05419484e-01
2.70665 1.04827085e-01
2.71916 1.04243262e-01
2.73172 1.03668323e-01
2.74434 1.03102503e-01
2.75702 1.02545956e-01
2.76976 1.01998876e-01
2.78256 1.01461340e-01
2.79542 1.00933389e-01
2.80833 1.00414982e-01
2.82131 9.99061588e-02
2.83434 9.94067252e-02
2.84744 9.89166424e-02
2.86060 9.84356776e-02
2.87381 9.79636368e-02
2.88709 9.75002872e-02
2.90043 9.70453572e-02
2.91383 9.65984976e-02
2.92729 9.61593980e-02
2.94082 9.57276704e-02
2.95441 9.53029268e-02
2.96806 9.48847404e-02
2.98177 9.44727232e-02
2.99555 9.40663320e-02
3.00939 9.36651788e-02
3.02330 9.32687592e-02
3.03726 9.28766076e-02
3.05130 9.24881808e-02
3.06540 9.21030520e-02
3.07956 9.17206780e-02
3.09379 9.13405932e-02
3.10808 9.09622544e-02
3.12244 9.05852736e-02
3.13687 9.02091464e-02
3.15136 8.98334072e-02
3.16592 8.94575904e-02
3.18055 8.90813468e-02
3.19525 8.87042108e-02
3.21001 8.83257944e-02
3.22484 8.79457872e-02
3.23974 8.75638400e-02
3.25471 8.71796036e-02
3.26975 8.67928064e-02
3.28486 8.64031768e-02
3.30003 8.60105208e-02
3.31528 8.56145668e-02
3.33060 8.52151984e-02
3.34599 8.48122216e-02
3.36145 8.44055200e-02
3.37698 8.39949772e-02
3.39258 8.35805544e-02
3.40826 8.31622128e-02
3.42401 8.27398748e-02
3.43983 8.23135404e-02
3.45572 8.18833260e-02
3.47169 8.14491540e-02
3.48773 8.10111796e-02
3.50384 8.05694416e-02
3.52003 8.01240176e-02
3.53630 7.96751016e-02
3.55263 7.92227712e-02
3.56905 7.87671816e-02
3.58554 7.83085268e-02
3.60211 7.78469232e-02
3.61875 7.73825648e-02
3.63547 7.69156844e-02
3.65227 7.64464372e-02
3.66914 7.59750560e-02
3.68609 7.55016960e-02
3.70313 7.50266288e-02
3.72024 7.45500484e-02
3.73743 7.40721488e-02
3.75469 7.35931240e-02
3.77204 7.31132844e-02
3.78947 7.26327464e-02
3.80698 7.21517816e-02
3.82457 7.16706228e-02
3.84224 7.11893864e-02
3.85999 7.07083440e-02
3.87783 7.02276896e-02
3.89575 6.97476172e-02
3.91375 6.92683208e-02
3.93183 6.87899556e-02
3.94999 6.83127156e-02
3.96825 6.78367948e-02
3.98658 6.73623872e-02
4.00500 6.68895704e-02
4.02351 6.64185384e-02
4.04210 6.59494852e-02
4.06077 6.54824884e-02
4.07953 6.50177032e-02
4.09838 6.45552460e-02
4.11732 6.40953108e-02
4.13634 6.36378976e-02
4.15545 6.31832004e-02
4.17465 6.27312580e-02
4.19394 6.22822256e-02
4.21332 6.18361808e-02
4.23279 6.13931624e-02
4.25235 6.09532868e-02
4.27199 6.05165928e-02
4.29173 6.00831580e-02
4.31156 5.96530600e-02
4.33148 5.92263376e-02
4.35150 5.88030296e-02
4.37160 5.83832136e-02
4.39180 5.79668508e-02
4.41209 5.75540576e-02
4.43248 5.71448340e-02
4.45296 5.67391412e-02
4.47353 5.63370956e-02
4.49420 5.59386584e-02
4.51497 5.55438296e-02
4.53583 5.51526868e-02
4.55679 5.47651524e-02
4.57784 5.43812264e-02
4.59899 5.40009864e-02
4.62024 5.36243548e-02
4.64159 5.32513316e-02
4.66303 5.28819556e-02
4.68458 5.25161492e-02
4.70622 5.21539124e-02
4.72797 5.17952452e-02
4.74981 5.14401088e-02
4.77176 5.10885032e-02
4.79381 5.07403896e-02
4.81596 5.03957292e-02
4.83821 5.00545220e-02
4.86056 4.97166904e-02
4.88302 4.93822732e-02
4.90558 4.90511540e-02
4.92825 4.87233716e-02
4.95102 4.83988484e-02
4.97390 4.80775844e-02
4.99688 4.77595020e-02
5.01997 4.74446012e-02
5.04316 4.71328432e-02
5.06646 4.68241504e-02
5.08987 4.65185228e-02
5.11339 4.62158828e-02
5.13701 4.59162304e-02
5.16075 4.56195268e-02
5.18459 4.53257332e-02
5.20855 4.50347720e-02
5.23261 4.47466044e-02
5.25679 4.44612304e-02
5.28108 4.41786112e-02
5.30548 4.38986692e-02
5.32999 4.36214044e-02
5.35462 4.33467392e-02
5.37936 4.30746736e-02
5.40422 4.28051300e-02
5.42919 4.25381084e-02
5.45427 4.22735312e-02
5.47947 4.20113984e-02
5.50479 4.17516324e-02
5.53022 4.14942332e-02
5.55578 4.12391620e-02
5.58145 4.09863412e-02
5.60724 4.07357708e-02
5.63314 4.04874120e-02
5.65917 4.02412260e-02
5.68532 3.99972128e-02
5.71159 3.97552560e-02
5.73798 3.95154332e-02
5.76449 3.92775892e-02
5.79112 3.90418016e-02
5.81788 3.88079540e-02
5.84476 3.85760852e-02
5.87177 3.83461215e-02
5.89890 3.81180434e-02
5.92615 3.78918239e-02
5.95353 3.76674358e-02
5.98104 3.74448518e-02
6.00868 3.72240410e-02
6.03644 3.70049762e-02
6.06433 3.67876341e-02
6.09235 3.65719915e-02
6.12050 3.63580134e-02
6.14878 3.61456881e-02
6.17719 3.59349808e-02
6.20573 3.57258721e-02
6.23440 3.55183426e-02
6.26321 3.53123650e-02
6.29215 3.51079162e-02
6.32122 3.49049805e-02
6.35043 3.47035309e-02
6.37977 3.45035518e-02
6.40924 3.43050239e-02
6.43886 3.41079199e-02
6.46861 3.39122321e-02
6.49850 3.37179333e-02
6.52852 3.35250081e-02
6.55869 3.33334370e-02
6.58899 3.31432044e-02
6.61943 3.29542950e-02
6.65002 3.27666931e-02
6.68074 3.25803794e-02
6.71161 3.47534626e-02
6.74262 3.56767086e-02
6.77378 3.68362117e-02
6.80507 3.85757127e-02
6.83652 3.88848944e-02
6.86810 3.81790021e-02
6.89984 3.91390344e-02
6.93172 3.80770435e-02
6.96375 3.86139268e-02
6.99592 3.68349080e-02
7.02824 3.76568977e-02
7.06072 3.83639190e-02
7.09334 4.18376132e-02
7.12612 4.35413600e-02
7.15904 4.26579228e-02
7.19212 4.10320476e-02
7.22535 3.97335668e-02
7.25873 4.51770128e-02
7.29227 4.17844960e-02
7.32597 4.54056612e-02
7.35981 4.67850400e-02
7.39382 4.91924248e-02
7.42798 4.78888612e-02
7.46230 4.69583596e-02
7.49678 4.75552588e-02
7.53142 4.84003228e-02
7.56622 4.83886828e-02
7.60118 5.03619732e-02
7.63630 5.15713304e-02
7.67158 5.24653212e-02
7.70703 5.34752076e-02
7.74264 5.31482012e-02
7.77841 5.52127492e-02
7.81435 5.59239532e-02
7.85046 5.57609932e-02
7.88673 5.83703320e-02
7.92317 6.66936304e-02
7.95978 7.32746536e-02
7.99655 7.55678888e-02
8.03350 7.27157396e-02
8.07062 7.13152536e-02
8.10791 6.90958936e-02
8.14537 6.49505404e-02
8.18301 6.17311880e-02
8.22082 5.96412648e-02
8.25880 5.79032576e-02
8.29696 5.59769152e-02
8.33529 5.55979556e-02
8.37381 5.85903668e-02
8.41250 6.33424744e-02
8.45137 7.13942504e-02
8.49042 6.24063856e-02
8.52964 5.52236132e-02
8.56906 5.91017896e-02
8.60865 5.52081320e-02
8.64842 5.70496576e-02
8.68838 6.13391916e-02
8.72853 6.63362048e-02
8.76886 7.14194704e-02
8.80937 7.73276240e-02
8.85008 8.54955672e-02
8.89097 9.58201308e-02
8.93205 1.05163714e-01
8.97332 1.10380064e-01
9.01478 1.29114100e-01
9.05643 1.45173731e-01
9.09827 1.64441888e-01
9.14031 1.87886051e-01
9.18254 2.15575128e-01
9.22497 2.57474200e-01
9.26759 2.94764919e-01
9.31041 3.39990044e-01
9.35343 3.87084941e-01
9.39665 4.36896924e-01
9.44007 4.88436904e-01
9.48368 5.39247444e-01
9.52750 5.91111792e-01
9.57152 6.44370612e-01
9.61575 6.94590616e-01
9.66018 7.43379676e-01
9.70481 7.91389244e-01
9.74965 8.37516236e-01
9.79470 8.81092516e-01
9.83995 9.22245736e-01
9.88542 9.60949512e-01
9.93109 9.97052136e-01
9.97698 1.03053615e+00
10.02308 1.05990775e+00
10.06939 1.08542069e+00
10.11591 1.10834567e+00
10.16265 1.12858142e+00
10.20961 1.14353960e+00
10.25678 1.15608984e+00
10.30417 1.16518573e+00
10.35178 1.17070774e+00
10.39961 1.17277656e+00
10.44766 1.17335002e+00
10.49593 1.17128742e+00
10.54443 1.16696820e+00
10.59315 1.16079357e+00
10.64209 1.15493166e+00
10.69126 1.14795930e+00
10.74066 1.13989046e+00
10.79029 1.13070882e+00
10.84014 1.12147947e+00
10.89023 1.11104498e+00
10.94055 1.09967232e+00
10.99110 1.08993080e+00
11.04188 1.08046011e+00
11.09290 1.07106042e+00
11.14415 1.06161184e+00
11.19564 1.05172366e+00
11.24737 1.04160191e+00
11.29934 1.03137268e+00
11.35155 1.02343303e+00
11.40400 1.01424442e+00
11.45669 1.00439620e+00
11.50962 9.95215344e-01
11.56280 9.84994648e-01
11.61623 9.73664272e-01
11.66990 9.60011328e-01
11.72382 9.47205000e-01
11.77799 9.34665228e-01
11.83241 9.22007116e-01
11.88708 9.07881200e-01
11.94200 8.93271448e-01
11.99718 8.78504944e-01
12.05261 8.62177904e-01
12.10830 8.45138884e-01
12.16424 8.27245100e-01
12.22045 8.07585140e-01
12.27691 7.87402932e-01
12.33363 7.70117532e-01
12.39062 7.49426268e-01
12.44787 7.25857984e-01
12.50539 7.03215856e-01
12.56317 6.80690516e-01
12.62121 6.57848568e-01
12.67953 6.34533260e-01
12.73811 6.11549692e-01
12.79697 5.88968480e-01
12.85610 5.65697792e-01
12.91550 5.41950640e-01
12.97517 5.18628348e-01
13.03512 4.96101844e-01
13.09535 4.74193036e-01
13.15586 4.55058040e-01
13.21664 4.38049672e-01
13.27771 4.27513532e-01
13.33906 4.18156136e-01
13.40069 4.09795124e-01
13.46261 4.02659804e-01
13.52481 3.96705944e-01
13.58730 3.94032236e-01
13.65008 3.92464328e-01
13.71315 3.94415580e-01
13.77651 3.96425808e-01
13.84016 3.98551272e-01
13.90411 4.01166392e-01
13.96835 4.04185420e-01
14.03289 4.05297428e-01
14.09773 4.05884472e-01
14.16287 4.05493368e-01
14.22830 4.05547300e-01
14.29405 4.07389136e-01
14.36009 4.08085596e-01
14.42644 4.06929744e-01
14.49310 4.06123480e-01
14.56006 4.05597352e-01
14.62733 4.02167432e-01
14.69492 3.97576228e-01
14.76281 3.94344964e-01
14.83103 3.91376764e-01
14.89955 3.84506875e-01
14.96839 3.77731735e-01
15.03755 3.72497150e-01
15.10703 3.67316108e-01
15.17683 3.62127345e-01
15.24696 3.57175767e-01
15.31740 3.52827490e-01
15.38818 3.47759007e-01
15.45928 3.40876430e-01
15.53071 3.34234724e-01
15.60246 3.27937057e-01
15.67455 3.21662321e-01
15.74698 3.15329152e-01
15.81973 3.09092362e-01
15.89283 3.02925917e-01
15.96626 2.97423806e-01
16.04003 2.93130042e-01
16.11414 2.89359730e-01
16.18860 2.86766881e-01
16.26340 2.83039831e-01
16.33854 2.75601638e-01
16.41403 2.68971028e-01
16.48987 2.65770533e-01
16.56606 2.62789374e-01
16.64260 2.62687679e-01
16.71950 2.62587730e-01
16.79675 2.61575787e-01
16.87436 2.60509214e-01
16.95232 2.60032983e-01
17.03065 2.59700389e-01
17.10934 2.58467092e-01
17.18839 2.56749766e-01
17.26781 2.57100440e-01
17.34759 2.59819544e-01
17.42775 2.62424576e-01
17.50827 2.64660465e-01
17.58917 2.66934222e-01
17.67044 2.69702253e-01
17.75208 2.72496552e-01
17.83410 2.78972388e-01
17.91650 2.86590613e-01
17.99929 2.93823476e-01
18.08245 3.00680367e-01
18.16600 3.07557628e-01
18.24993 3.14102180e-01
18.33425 3.20787032e-01
18.41897 3.30015456e-01
18.50407 3.39772376e-01
18.58957 3.50016507e-01
18.67546 3.60735783e-01
18.76175 3.71733721e-01
18.84843 3.82814341e-01
18.93552 3.94237488e-01
19.02301 4.05646240e-01
19.11091 4.17293612e-01
19.19921 4.28103292e-01
19.28792 4.37126620e-01
19.37703 4.46343172e-01
19.46656 4.53777640e-01
19.55651 4.61143820e-01
19.64687 4.68035864e-01
19.73764 4.74255892e-01
19.82884 4.80539552e-01
19.92046 4.83216364e-01
20.01250 4.85601788e-01
20.10496 4.88283644e-01
20.19786 4.91446620e-01
20.29118 4.94609984e-01
20.38493 4.95100416e-01
20.47912 4.95002252e-01
20.57374 4.94916892e-01
20.66880 4.94933964e-01
20.76430 4.94925816e-01
20.86024 4.94493972e-01
20.95662 4.93771904e-01
21.05345 4.93029272e-01
21.15073 4.91005852e-01
21.24845 4.88877672e-01
21.34663 4.86711080e-01
21.44526 4.84466500e-01
21.54435 4.82209504e-01
21.64389 4.79873356e-01
21.74389 4.77468144e-01
21.84436 4.75060604e-01
21.94529 4.72379524e-01
22.04669 4.69603384e-01
22.14855 4.66823752e-01
22.25089 4.62940648e-01
22.35370 4.59019908e-01
22.45698 4.55178708e-01
22.56074 4.51806212e-01
22.66498 4.48446908e-01
22.76970 4.44892440e-01
22.87491 4.40703204e-01
22.98060 4.36539576e-01
23.08678 4.32421732e-01
23.19345 4.28371788e-01
23.30061 4.24351332e-01
23.40827 4.20108164e-01
23.51643 4.15489024e-01
23.62508 4.10915280e-01
23.73424 4.06485484e-01
23.84390 4.02255896e-01
23.95407 3.98065496e-01
24.06475 3.93845996e-01
24.17594 3.89542688e-01
24.28764 3.85282642e-01
24.39986 3.81100390e-01
24.51260 3.77052076e-01
24.62586 3.73045161e-01
24.73964 3.69013026e-01
24.85395 3.64659976e-01
24.96878 3.60357212e-01
25.08415 3.56104150e-01
25.20005 3.52629454e-01
25.31648 3.49199224e-01
25.43346 3.45802672e-01
25.55097 3.42404568e-01
25.66903 3.39030016e-01
25.78763 3.35689103e-01
25.90678 3.32662315e-01
26.02648 3.29931299e-01
26.14673 3.27223408e-01
26.26754 3.24666333e-01
26.38891 3.22644853e-01
26.51084 3.20636837e-01
26.63333 3.18642129e-01
26.75638 3.17080157e-01
26.88001 3.15609521e-01
27.00421 3.14146567e-01
27.12898 3.12926384e-01
27.25433 3.12037903e-01
27.38025 3.11152953e-01
27.50676 3.10271456e-01
27.63385 3.10073304e-01
27.76153 3.09914185e-01
27.88980 3.09756230e-01
28.01867 3.09746142e-01
28.14812 3.09939910e-01
28.27818 3.10134880e-01
28.40884 3.10331052e-01
28.54010 3.10955577e-01
28.67196 3.11667402e-01
28.80444 3.12381788e-01
28.93753 3.13076463e-01
29.07123 3.13676427e-01
29.20556 3.14276198e-01
29.34050 3.14875735e-01
29.47606 3.15612392e-01
29.61225 3.16499554e-01
29.74908 3.17389083e-01
29.88653 3.18281017e-01
30.02462 3.18874502e-01
30.16334 3.19343516e-01
30.30271 3.19812298e-01
30.44272 3.20280730e-01
30.58338 3.20242551e-01
30.72469 3.20122892e-01
30.86665 3.19998771e-01
31.00927 3.19870110e-01
31.15254 3.19322215e-01
31.29648 3.18753136e-01
31.44108 3.18180680e-01
31.58635 3.17604888e-01
31.73230 3.16867882e-01
31.87891 3.16124086e-01
32.02621 3.15376954e-01
32.17418 3.14626562e-01
32.32284 3.13566507e-01
32.47218 3.12479331e-01
32.62222 3.11390486e-01
32.77295 3.10300051e-01
32.92437 3.08943176e-01
33.07650 3.07517548e-01
33.22933 3.06093355e-01
33.38286 3.04670637e-01
33.53710 3.03064744e-01
33.69206 3.01329064e-01
33.84773 2.99598778e-01
34.00412 2.97873924e-01
34.16123 2.96111628e-01
34.31907 2.94247793e-01
34.47764 2.92391562e-01
34.63694 2.90543052e-01
34.79698 2.88702148e-01
34.95776 2.86813170e-01
35.11928 2.84926946e-01
35.28154 2.83049608e-01
35.44456 2.81181194e-01
35.60833 2.79211900e-01
35.77285 2.77107233e-01
35.93814 2.75015215e-01
36.10419 2.72935845e-01
36.27100 2.70869008e-01
36.43859 2.68876046e-01
36.60695 2.66905122e-01
36.77609 2.64946227e-01
36.94601 2.62999282e-01
37.11672 2.61044344e-01
37.28821 2.59020070e-01
37.46050 2.57009493e-01
37.63358 2.55012457e-01
37.80747 2.53028962e-01
37.98215 2.51019937e-01
38.15765 2.48973198e-01
38.33395 2.46941358e-01
38.51107 2.44924263e-01
38.68901 2.42921834e-01
38.86777 2.40985636e-01
39.04735 2.39104961e-01
39.22777 2.37237556e-01
39.40902 2.35383382e-01
39.59110 2.33542322e-01
39.77403 2.31685509e-01
39.95780 2.29820160e-01
40.14242 2.27968391e-01
40.32790 2.26130164e-01
40.51423 2.24305400e-01
40.70142 2.22515090e-01
40.88948 2.20762572e-01
41.07841 2.19022935e-01
41.26821 2.17296141e-01
41.45888 2.15582034e-01
41.65044 2.13877162e-01
41.84289 2.12173804e-01
42.03622 2.10483132e-01
42.23044 2.08804955e-01
42.42556 2.07139232e-01
42.62159 2.05485925e-01
42.81852 2.03808097e-01
43.01636 2.02138067e-01
43.21511 2.00480958e-01
43.41478 1.98836692e-01
43.61538 1.97205113e-01
43.81690 1.95567636e-01
44.01935 1.93913515e-01
44.22274 1.92272585e-01
44.42707 1.90644809e-01
44.63234 1.89029992e-01
44.83856 1.87428134e-01
45.04573 1.85829651e-01
45.25386 1.84241179e-01
45.46295 1.82665783e-01
45.67301 1.81103384e-01
45.88404 1.79553829e-01
46.09604 1.78017116e-01
46.30903 1.76545316e-01
46.52300 1.75087095e-01
46.73795 1.73640476e-01
46.95390 1.72205342e-01
47.17085 1.70781653e-01
47.38880 1.69369333e-01
47.60775 1.67973736e-01
47.82772 1.66589158e-01
48.04870 1.65215560e-01
48.27071 1.63852827e-01
48.49374 1.62500918e-01
48.71780 1.61159680e-01
48.94290 1.59729357e-01
49.16904 1.58301439e-01
49.39622 1.56885860e-01
49.62445 1.55482464e-01
49.85373 1.54091174e-01
50.08408 1.52711872e-01
50.31549 1.51339904e-01
50.54797 1.49977171e-01
50.78152 1.48626426e-01
51.01615 1.47287516e-01
51.25187 1.45960323e-01
51.48867 1.44644809e-01
51.72657 1.43361383e-01
51.96557 1.42208868e-01
52.20568 1.41065354e-01
52.44689 1.39930842e-01
52.68921 1.38805254e-01
52.93266 1.37688512e-01
53.17723 1.36580501e-01
53.42293 1.35459491e-01
53.66977 1.34323156e-01
53.91775 1.33196093e-01
54.16687 1.32078265e-01
54.41714 1.30969555e-01
54.66857 1.29869924e-01
54.92116 1.28779295e-01
55.17492 1.27631203e-01
55.42986 1.26446018e-01
55.68596 1.25271542e-01
55.94326 1.24107736e-01
56.20174 1.22954445e-01
56.46141 1.21811630e-01
56.72229 1.20679174e-01
56.98437 1.19639179e-01
57.24766 1.18700103e-01
57.51217 1.17768243e-01
57.77790 1.16843639e-01
58.04486 1.15926136e-01
58.31305 1.15015771e-01
58.58248 1.14112430e-01
58.85316 1.13182820e-01
59.12508 1.12008344e-01
59.39827 1.10845819e-01
59.67271 1.09695127e-01
59.94843 1.08556114e-01
60.22541 1.07428742e-01
60.50368 1.06312815e-01
60.78323 1.05208256e-01
61.06408 1.04178660e-01
61.34622 1.03221270e-01
61.62966 1.02272532e-01
61.91442 1.01332330e-01
62.20049 1.00400626e-01
62.48788 9.94772636e-02
62.77660 9.85622432e-02
63.06666 9.76554872e-02
63.35805 9.67717008e-02
63.65079 9.59050640e-02
63.94488 9.50461872e-02
64.24034 9.41949152e-02
64.53715 9.33512092e-02
64.83534 9.25150304e-02
65.13491 9.16863012e-02
65.43586 9.08649440e-02
65.73820 9.00124304e-02
66.04194 8.91166936e-02
66.34708 8.82296868e-02
66.65363 8.73513712e-02
66.96160 8.64816692e-02
67.27099 8.56204256e-02
67.58181 8.47676404e-02
67.89407 8.39231972e-02
68.20777 8.30870184e-02
68.52292 8.22686876e-02
68.83952 8.14592420e-02
69.15759 8.06576340e-02
69.47713 7.98639024e-02
69.79814 7.90778920e-02
70.12064 7.82995252e-02
70.44462 7.75287632e-02
70.77011 7.67655284e-02
71.09709 7.60101700e-02
71.42559 7.52686244e-02
71.75561 7.45342568e-02
72.08715 7.38069896e-02
72.42022 7.30867840e-02
72.75484 7.23735236e-02
73.09099 7.16672084e-02
73.42870 7.09677220e-02
73.76798 7.02750256e-02
74.10882 6.95890416e-02
74.45123 6.89124472e-02
74.79523 6.82429144e-02
75.14081 6.75799000e-02
75.48799 6.69232488e-02
75.83678 6.62729608e-02
76.18718 6.56289584e-02
76.53919 6.49911640e-02
76.89284 6.43595776e-02
77.24811 6.37340440e-02
77.60503 6.31153004e-02
77.96360 6.25056360e-02
78.32383 6.19018304e-02
78.68572 6.13038448e-02
79.04928 6.07116016e-02
79.41452 6.01250620e-02
79.78145 5.95441484e-02
80.15007 5.89688608e-02
80.52040 5.83990440e-02
80.89243 5.78347756e-02
81.26619 5.72763660e-02
81.64168 5.67275788e-02
82.01889 5.61840684e-02
82.39786 5.56457572e-02
82.77857 5.51125676e-02
83.16104 5.45844608e-02
83.54528 5.40613980e-02
83.93129 5.35433792e-02
84.31909 5.30302492e-02
84.70868 5.25220468e-02
85.10007 5.20186944e-02
85.49327 5.15218992e-02
85.88829 5.10314284e-02
86.28513 5.05456136e-02
86.68380 5.00644160e-02
87.08431 4.95877968e-02
87.48668 4.91156784e-02
87.89091 4.86480608e-02
88.29700 4.81849052e-02
88.70497 4.77261340e-02
89.11482 4.72717084e-02
89.52657 4.68215896e-02
89.94022 4.63769416e-02
90.35578 4.59383852e-02
90.77327 4.55039416e-02
91.19268 4.50736108e-02
91.61402 4.46473152e-02
92.03732 4.42250936e-02
92.46257 4.38068296e-02
92.88979 4.33924844e-02
93.31898 4.29820968e-02
93.75015 4.25755892e-02
94.18332 4.21728840e-02
94.61848 4.17739812e-02
95.05566 4.13803164e-02
95.49486 4.09911524e-02
95.93608 4.06055968e-02
96.37935 4.02236884e-02
96.82466 3.98453496e-02
97.27203 3.94705416e-02
97.72147 3.90993032e-02
98.17298 3.87315258e-02
98.62658 3.83672093e-02
99.08228 3.80063150e-02
99.54008 3.76488118e-02
100.00000 3.72946686e-02
