        2000  2.000000 3.030000
0.10000 1.23415617e+00
0.10035 1.23346775e+00
0.10069 1.23269611e+00
0.10104 1.23197861e+00
0.10139 1.23128130e+00
0.10174 1.23054360e+00
0.10210 1.22983337e+00
0.10245 1.22917162e+00
0.10280 1.22849936e+00
0.10316 1.22792326e+00
0.10352 1.22713707e+00
0.10387 1.22679933e+00
0.10423 1.22594285e+00
0.10459 1.22553966e+00
0.10496 1.22484720e+00
0.10532 1.22422100e+00
0.10568 1.22358914e+00
0.10605 1.22282478e+00
0.10642 1.22210889e+00
0.10679 1.22134210e+00
0.10716 1.22046703e+00
0.10753 1.21974306e+00
0.10790 1.21887204e+00
0.10827 1.21805838e+00
0.10865 1.21728190e+00
0.10902 1.21637694e+00
0.10940 1.21569822e+00
0.10978 1.21478518e+00
0.11016 1.21404020e+00
0.11054 1.21319180e+00
0.11092 1.21244117e+00
0.11131 1.21166226e+00
0.11169 1.21077426e+00
0.11208 1.21012059e+00
0.11247 1.20928997e+00
0.11286 1.20856196e+00
0.11325 1.20782991e+00
0.11364 1.20708898e+00
0.11403 1.20645146e+00
0.11443 1.20558610e+00
0.11482 1.20500434e+00
0.11522 1.20418906e+00
0.11562 1.20339399e+00
0.11602 1.20251004e+00
0.11642 1.20180142e+00
0.11682 1.20083667e+00
0.11723 1.19990909e+00
0.11763 1.19905261e+00
0.11804 1.19822522e+00
0.11845 1.19714977e+00
0.11886 1.19651710e+00
0.11927 1.19544812e+00
0.11968 1.19470072e+00
0.12010 1.19389918e+00
0.12051 1.19298857e+00
0.12093 1.19231954e+00
0.12135 1.19132490e+00
0.12177 1.19071001e+00
0.12219 1.18983252e+00
0.12262 1.18901563e+00
0.12304 1.18833610e+00
0.12347 1.18747558e+00
0.12389 1.18677182e+00
0.12432 1.18595170e+00
0.12475 1.18529641e+00
0.12518 1.18442377e+00
0.12562 1.18361496e+00
0.12605 1.18285706e+00
0.12649 1.18207814e+00
0.12693 1.18095260e+00
0.12737 1.18027630e+00
0.12781 1.17922590e+00
0.12825 1.17819651e+00
0.12869 1.17734165e+00
0.12914 1.17622095e+00
0.12959 1.17541295e+00
0.13003 1.17419449e+00
0.13048 1.17345113e+00
0.13094 1.17246052e+00
0.13139 1.17131801e+00
0.13184 1.17080331e+00
0.13230 1.16951698e+00
0.13276 1.16868231e+00
0.13322 1.16799066e+00
0.13368 1.16687562e+00
0.13414 1.16613630e+00
0.13461 1.16506732e+00
0.13507 1.16438698e+00
0.13554 1.16345778e+00
0.13601 1.16248818e+00
0.13648 1.16179573e+00
0.13695 1.16071382e+00
0.13743 1.15986542e+00
0.13790 1.15901136e+00
0.13838 1.15805307e+00
0.13886 1.15691702e+00
0.13934 1.15597086e+00
0.13982 1.15501822e+00
0.14031 1.15381269e+00
0.14079 1.15285521e+00
0.14128 1.15176037e+00
0.14177 1.15058311e+00
0.14226 1.14963856e+00
0.14275 1.14864068e+00
0.14324 1.14748362e+00
0.14374 1.14657786e+00
0.14424 1.14557755e+00
0.14474 1.14452877e+00
0.14524 1.14371915e+00
0.14574 1.14267764e+00
0.14625 1.14175006e+00
0.14675 1.14095418e+00
0.14726 1.13996195e+00
0.14777 1.13895518e+00
0.14828 1.13830798e+00
0.14879 1.13746766e+00
0.14931 1.13629363e+00
0.14983 1.13557128e+00
0.15034 1.13478752e+00
0.15087 1.13372338e+00
0.15139 1.13281438e+00
0.15191 1.13194982e+00
0.15244 1.13078873e+00
0.15297 1.12971409e+00
0.15349 1.12900709e+00
0.15403 1.12772075e+00
0.15456 1.12643118e+00
0.15509 1.12577590e+00
0.15563 1.12452107e+00
0.15617 1.12325574e+00
0.15671 1.12252774e+00
0.15725 1.12131654e+00
0.15780 1.12016676e+00
0.15834 1.11930301e+00
0.15889 1.11816777e+00
0.15944 1.11711414e+00
0.15999 1.11618170e+00
0.16055 1.11520079e+00
0.16110 1.11417625e+00
0.16166 1.11309272e+00
0.16222 1.11214009e+00
0.16278 1.11127795e+00
0.16335 1.11025422e+00
0.16391 1.10921998e+00
0.16448 1.10811706e+00
0.16505 1.10705777e+00
0.16562 1.10617220e+00
0.16619 1.10509514e+00
0.16677 1.10375628e+00
0.16734 1.10258872e+00
0.16792 1.10159488e+00
0.16851 1.10040954e+00
0.16909 1.09910543e+00
0.16967 1.09784334e+00
0.17026 1.09667982e+00
0.17085 1.09556235e+00
0.17144 1.09429541e+00
0.17204 1.09293878e+00
0.17263 1.09182050e+00
0.17323 1.09076606e+00
0.17383 1.08959931e+00
0.17443 1.08837277e+00
0.17503 1.08710825e+00
0.17564 1.08612410e+00
0.17625 1.08528459e+00
0.17686 1.08407017e+00
0.17747 1.08279918e+00
0.17808 1.08188938e+00
0.17870 1.08093351e+00
0.17932 1.07988473e+00
0.17994 1.07889735e+00
0.18056 1.07777585e+00
0.18119 1.07654203e+00
0.18182 1.07553284e+00
0.18244 1.07464404e+00
0.18308 1.07358798e+00
0.18371 1.07225074e+00
0.18435 1.07093370e+00
0.18498 1.06998107e+00
0.18562 1.06894118e+00
0.18627 1.06762494e+00
0.18691 1.06639678e+00
0.18756 1.06537547e+00
0.18821 1.06414246e+00
0.18886 1.06286906e+00
0.18951 1.06185906e+00
0.19017 1.06079330e+00
0.19083 1.05950939e+00
0.19149 1.05845253e+00
0.19215 1.05754514e+00
0.19282 1.05639698e+00
0.19348 1.05515508e+00
0.19415 1.05418952e+00
0.19483 1.05343808e+00
0.19550 1.05226890e+00
0.19618 1.05102054e+00
0.19686 1.05007518e+00
0.19754 1.04917750e+00
0.19822 1.04804872e+00
0.19891 1.04687954e+00
0.19960 1.04585015e+00
0.20029 1.04472057e+00
0.20098 1.04358937e+00
0.20168 1.04247918e+00
0.20237 1.04121385e+00
0.20307 1.03997599e+00
0.20378 1.03873571e+00
0.20448 1.03758997e+00
0.20519 1.03647978e+00
0.20590 1.03530252e+00
0.20661 1.03384166e+00
0.20733 1.03247533e+00
0.20805 1.03146775e+00
0.20877 1.03043270e+00
0.20949 1.02906961e+00
0.21021 1.02772994e+00
0.21094 1.02668358e+00
0.21167 1.02569782e+00
0.21240 1.02448582e+00
0.21314 1.02310495e+00
0.21388 1.02186144e+00
0.21462 1.02094517e+00
0.21536 1.02006122e+00
0.21611 1.01865206e+00
0.21685 1.01718312e+00
0.21760 1.01619413e+00
0.21836 1.01523988e+00
0.21911 1.01385012e+00
0.21987 1.01251611e+00
0.22063 1.01143178e+00
0.22140 1.01013413e+00
0.22216 1.00863448e+00
0.22293 1.00738450e+00
0.22370 1.00634784e+00
0.22448 1.00496131e+00
0.22526 1.00348106e+00
0.22604 1.00226986e+00
0.22682 1.00101262e+00
0.22760 9.99589728e-01
0.22839 9.98295312e-01
0.22918 9.97105936e-01
0.22998 9.95875352e-01
0.23077 9.94557504e-01
0.23157 9.93169360e-01
0.23237 9.91971904e-01
0.23318 9.91024120e-01
0.23398 9.89823432e-01
0.23479 9.88361760e-01
0.23561 9.87009976e-01
0.23642 9.85891704e-01
0.23724 9.84867968e-01
0.23806 9.83617992e-01
0.23889 9.82130464e-01
0.23971 9.81022696e-01
0.24054 9.80152480e-01
0.24137 9.78701312e-01
0.24221 9.76964112e-01
0.24305 9.75732720e-01
0.24389 9.74867352e-01
0.24473 9.73700600e-01
0.24558 9.72028848e-01
0.24643 9.70453248e-01
0.24728 9.69480416e-01
0.24814 9.68615048e-01
0.24900 9.67068536e-01
0.24986 9.65323256e-01
0.25073 9.64183976e-01
0.25159 9.63315376e-01
0.25246 9.62184984e-01
0.25334 9.60758056e-01
0.25422 9.59265680e-01
0.25510 9.58006816e-01
0.25598 9.57019440e-01
0.25687 9.56081352e-01
0.25775 9.54945304e-01
0.25865 9.53574128e-01
0.25954 9.52263552e-01
0.26044 9.51062864e-01
0.26134 9.49760368e-01
0.26225 9.48562104e-01
0.26315 9.47677344e-01
0.26406 9.46600280e-01
0.26498 9.45209712e-01
0.26590 9.43910448e-01
0.26682 9.42663704e-01
0.26774 9.41270712e-01
0.26867 9.40096688e-01
0.26960 9.39171528e-01
0.27053 9.37979728e-01
0.27147 9.36610168e-01
0.27241 9.35249496e-01
0.27335 9.33917104e-01
0.27430 9.32752776e-01
0.27525 9.31866400e-01
0.27620 9.30916192e-01
0.27715 9.29537744e-01
0.27811 9.28117280e-01
0.27908 9.26977192e-01
0.28004 9.25862152e-01
0.28101 9.24681664e-01
0.28198 9.23571472e-01
0.28296 9.22562280e-01
0.28394 9.21516728e-01
0.28492 9.20365328e-01
0.28591 9.19147672e-01
0.28690 9.17828208e-01
0.28789 9.16569344e-01
0.28889 9.15543992e-01
0.28989 9.14554192e-01
0.29089 9.13319568e-01
0.29190 9.11912032e-01
0.29291 9.10717808e-01
0.29392 9.09592264e-01
0.29494 9.08368144e-01
0.29596 9.07257952e-01
0.29699 9.06230176e-01
0.29801 9.04972120e-01
0.29905 9.03461160e-01
0.30008 9.02165128e-01
0.30112 9.01105840e-01
0.30216 8.99874448e-01
0.30321 8.98659216e-01
0.30426 8.97720320e-01
0.30531 8.96753144e-01
0.30637 8.95237336e-01
0.30743 8.93593056e-01
0.30849 8.92608104e-01
0.30956 8.91879288e-01
0.31063 8.90575176e-01
0.31171 8.88866256e-01
0.31279 8.87637288e-01
0.31387 8.86732328e-01
0.31496 8.85428216e-01
0.31605 8.83884936e-01
0.31714 8.82693136e-01
0.31824 8.81724344e-01
0.31934 8.80326504e-01
0.32044 8.78772720e-01
0.32155 8.77644752e-01
0.32267 8.76633136e-01
0.32378 8.75080968e-01
0.32490 8.73077936e-01
0.32603 8.71629192e-01
0.32716 8.70954512e-01
0.32829 8.70166712e-01
0.32943 8.68615352e-01
0.33057 8.66778768e-01
0.33171 8.65363960e-01
0.33286 8.64248920e-01
0.33401 8.62940768e-01
0.33517 8.61437888e-01
0.33633 8.60081256e-01
0.33749 8.58894304e-01
0.33866 8.57475456e-01
0.33983 8.55799664e-01
0.34101 8.54389704e-01
0.34219 8.53337688e-01
0.34337 8.52112760e-01
0.34456 8.50436160e-01
0.34576 8.48769256e-01
0.34695 8.47671992e-01
0.34815 8.46849448e-01
0.34936 8.45381312e-01
0.35057 8.43139112e-01
0.35178 8.41090024e-01
0.35300 8.39920040e-01
0.35422 8.39394032e-01
0.35545 8.38661984e-01
0.35668 8.37024168e-01
0.35791 8.34869232e-01
0.35915 8.33071432e-01
0.36039 8.31820648e-01
0.36164 8.30839736e-01
0.36289 8.29780448e-01
0.36415 8.28254136e-01
0.36541 8.26432904e-01
0.36668 8.24869424e-01
0.36795 8.23729336e-01
0.36922 8.22815488e-01
0.37050 8.21843464e-01
0.37178 8.20313920e-01
0.37307 8.18340784e-01
0.37436 8.16531672e-01
0.37565 8.15210592e-01
0.37695 8.14274120e-01
0.37826 8.13621256e-01
0.37957 8.12738112e-01
0.38088 8.11063128e-01
0.38220 8.08927584e-01
0.38352 8.07062074e-01
0.38485 8.06058861e-01
0.38618 8.05747296e-01
0.38752 8.05240599e-01
0.38886 8.03623630e-01
0.39021 8.01398721e-01
0.39156 7.99683579e-01
0.39291 7.98779427e-01
0.39427 7.98164297e-01
0.39564 7.97019846e-01
0.39701 7.95409744e-01
0.39838 7.94047214e-01
0.39976 7.93266605e-01
0.40115 7.92631598e-01
0.40253 7.91569724e-01
0.40393 7.90044139e-01
0.40533 7.88337078e-01
0.40673 7.86929057e-01
0.40814 7.85994524e-01
0.40955 7.85045043e-01
0.41097 7.84025428e-01
0.41239 7.83315196e-01
0.41382 7.82563756e-01
0.41525 7.81318143e-01
0.41669 7.79784559e-01
0.41813 7.78286689e-01
0.41958 7.77115412e-01
0.42103 7.76563629e-01
0.42249 7.76422067e-01
0.42395 7.75568900e-01
0.42542 7.73466322e-01
0.42689 7.71480582e-01
0.42837 7.70855998e-01
0.42985 7.70940838e-01
0.43134 7.70825536e-01
0.43283 7.69649411e-01
0.43433 7.67068498e-01
0.43583 7.64704209e-01
0.43734 7.64222641e-01
0.43886 7.65323460e-01
0.44037 7.65923158e-01
0.44190 7.64499058e-01
0.44343 7.61694166e-01
0.44496 7.59257723e-01
0.44650 7.58240532e-01
0.44805 7.58598395e-01
0.44960 7.59276954e-01
0.45116 7.58477680e-01
0.45272 7.56048105e-01
0.45429 7.54074161e-01
0.45586 7.53346314e-01
0.45744 7.53346880e-01
0.45902 7.53436406e-01
0.46061 7.52561989e-01
0.46220 7.50332555e-01
0.46380 7.48122998e-01
0.46541 7.47273225e-01
0.46702 7.47447753e-01
0.46864 7.47591496e-01
0.47026 7.46995434e-01
0.47189 7.45478738e-01
0.47352 7.43263525e-01
0.47516 7.41419588e-01
0.47680 7.40948120e-01
0.47845 7.41033687e-01
0.48011 7.40311901e-01
0.48177 7.38904042e-01
0.48344 7.37658429e-01
0.48511 7.36555913e-01
0.48679 7.35598433e-01
0.48848 7.35189342e-01
0.49017 7.34827439e-01
0.49186 7.33288199e-01
0.49357 7.30951625e-01
0.49528 7.29210062e-01
0.49699 7.28403354e-01
0.49871 7.28107303e-01
0.50044 7.28041370e-01
0.50217 7.27789840e-01
0.50391 7.26464316e-01
0.50565 7.24098977e-01
0.50740 7.21853222e-01
0.50916 7.20378945e-01
0.51092 7.19694488e-01
0.51269 7.19548482e-01
0.51446 7.19385670e-01
0.51625 7.18572742e-01
0.51803 7.16848550e-01
0.51983 7.14713168e-01
0.52163 7.12932578e-01
0.52343 7.11756130e-01
0.52524 7.10968250e-01
0.52706 7.10405235e-01
0.52889 7.09762067e-01
0.53072 7.08507566e-01
0.53255 7.06633653e-01
0.53440 7.04684434e-01
0.53625 7.03076837e-01
0.53810 7.01977876e-01
0.53997 7.01206963e-01
0.54183 7.00412699e-01
0.54371 6.99517678e-01
0.54559 6.98384215e-01
0.54748 6.96795849e-01
0.54938 6.94942216e-01
0.55128 6.93210187e-01
0.55319 6.91741486e-01
0.55510 6.90550090e-01
0.55702 6.89488782e-01
0.55895 6.88348694e-01
0.56089 6.87115039e-01
0.56283 6.85790081e-01
0.56478 6.84358062e-01
0.56673 6.82822135e-01
0.56869 6.81307620e-01
0.57066 6.79943393e-01
0.57264 6.78809284e-01
0.57462 6.77755006e-01
0.57661 6.76403222e-01
0.57860 6.74728884e-01
0.58061 6.73013338e-01
0.58262 6.71414387e-01
0.58463 6.69968148e-01
0.58666 6.68603759e-01
0.58869 6.67293587e-01
0.59073 6.66183961e-01
0.59277 6.65264780e-01
0.59482 6.63995816e-01
0.59688 6.62085946e-01
0.59895 6.60116204e-01
0.60102 6.58576318e-01
0.60310 6.57424514e-01
0.60519 6.56266730e-01
0.60728 6.54884970e-01
0.60939 6.53526641e-01
0.61150 6.52169686e-01
0.61361 6.50704701e-01
0.61574 6.49165622e-01
0.61787 6.47480619e-01
0.62001 6.45945662e-01
0.62215 6.44834258e-01
0.62431 6.43976566e-01
0.62647 6.42885523e-01
0.62864 6.41128608e-01
0.63081 6.39071036e-01
0.63300 6.37301193e-01
0.63519 6.36044187e-01
0.63739 6.35106746e-01
0.63959 6.34085757e-01
0.64181 6.32706501e-01
0.64403 6.31292178e-01
0.64626 6.30243717e-01
0.64849 6.29156310e-01
0.65074 6.27382023e-01
0.65299 6.25256660e-01
0.65525 6.23657386e-01
0.65752 6.22794038e-01
0.65980 6.22228357e-01
0.66208 6.21426255e-01
0.66437 6.19870451e-01
0.66667 6.17830574e-01
0.66898 6.16179911e-01
0.67130 6.15269861e-01
0.67362 6.14524319e-01
0.67595 6.13131974e-01
0.67829 6.11445516e-01
0.68064 6.10147949e-01
0.68299 6.09323708e-01
0.68536 6.08759482e-01
0.68773 6.07764187e-01
0.69011 6.06120392e-01
0.69250 6.04357982e-01
0.69490 6.02893563e-01
0.69730 6.02214439e-01
0.69972 6.02028357e-01
0.70214 6.01103358e-01
0.70457 5.99493742e-01
0.70701 5.97558420e-01
0.70946 5.96208252e-01
0.71191 5.96075902e-01
0.71438 5.95751894e-01
0.71685 5.94098726e-01
0.71933 5.92222146e-01
0.72182 5.90841354e-01
0.72432 5.90217578e-01
0.72683 5.90207478e-01
0.72934 5.89923790e-01
0.73187 5.88964532e-01
0.73440 5.87235089e-01
0.73694 5.85253954e-01
0.73949 5.84240075e-01
0.74205 5.84492575e-01
0.74462 5.84597373e-01
0.74720 5.83131984e-01
0.74979 5.81277462e-01
0.75238 5.80171553e-01
0.75499 5.79835829e-01
0.75760 5.80095924e-01
0.76022 5.79765452e-01
0.76285 5.78177894e-01
0.76549 5.76265277e-01
0.76814 5.75086486e-01
0.77080 5.74680627e-01
0.77347 5.74890707e-01
0.77615 5.75201060e-01
0.77884 5.74442752e-01
0.78153 5.72719207e-01
0.78424 5.70879068e-01
0.78695 5.69563159e-01
0.78968 5.69849999e-01
0.79241 5.71323872e-01
0.79515 5.71164534e-01
0.79790 5.68635737e-01
0.80067 5.66830907e-01
0.80344 5.66885366e-01
0.80622 5.67410243e-01
0.80901 5.67725202e-01
0.81181 5.67421798e-01
0.81462 5.65997213e-01
0.81744 5.63594382e-01
0.82027 5.62061122e-01
0.82311 5.62397977e-01
0.82596 5.63344145e-01
0.82882 5.63975193e-01
0.83169 5.63622016e-01
0.83457 5.62164546e-01
0.83745 5.60060433e-01
0.84035 5.58117839e-01
0.84326 5.58154118e-01
0.84618 5.60435264e-01
0.84911 5.62129882e-01
0.85205 5.60866898e-01
0.85500 5.57847078e-01
0.85796 5.55767610e-01
0.86093 5.55319574e-01
0.86391 5.56305899e-01
0.86690 5.58258754e-01
0.86990 5.59007609e-01
0.87291 5.57215142e-01
0.87593 5.53811361e-01
0.87897 5.51675574e-01
0.88201 5.52174191e-01
0.88506 5.53981041e-01
0.88813 5.55522139e-01
0.89120 5.55575467e-01
0.89428 5.54152741e-01
0.89738 5.52410289e-01
0.90049 5.50470442e-01
0.90360 5.49017901e-01
0.90673 5.49385056e-01
0.90987 5.51432770e-01
0.91302 5.52958436e-01
0.91618 5.52322298e-01
0.91935 5.49983865e-01
0.92253 5.47025130e-01
0.92573 5.44834077e-01
0.92893 5.45326391e-01
0.93215 5.48689772e-01
0.93537 5.51824570e-01
0.93861 5.51154253e-01
0.94186 5.46806162e-01
0.94512 5.42306087e-01
0.94839 5.40809348e-01
0.95168 5.42895038e-01
0.95497 5.46841553e-01
0.95828 5.49565725e-01
0.96159 5.48262825e-01
0.96492 5.44027046e-01
0.96826 5.40304106e-01
0.97161 5.39025203e-01
0.97498 5.40534790e-01
0.97835 5.43512835e-01
0.98174 5.45365094e-01
0.98514 5.43977920e-01
0.98855 5.40065988e-01
0.99197 5.36496648e-01
0.99540 5.35205868e-01
0.99885 5.36209970e-01
1.00231 5.38350200e-01
1.00578 5.40065746e-01
1.00926 5.40343374e-01
1.01275 5.38796943e-01
1.01626 5.36211424e-01
1.01978 5.34290162e-01
1.02330 5.33676243e-01
1.02685 5.33645782e-01
1.03040 5.33990959e-01
1.03397 5.34828613e-01
1.03755 5.35536340e-01
1.04114 5.35275114e-01
1.04474 5.33700806e-01
1.04836 5.30957081e-01
1.05199 5.28239777e-01
1.05563 5.27204082e-01
1.05928 5.28315082e-01
1.06295 5.30538860e-01
1.06663 5.32017096e-01
1.07032 5.31013560e-01
1.07403 5.27377156e-01
1.07775 5.23148892e-01
1.08148 5.20935861e-01
1.08522 5.21783534e-01
1.08898 5.24872437e-01
1.09275 5.28039878e-01
1.09653 5.28818062e-01
1.10032 5.26349057e-01
1.10413 5.22329176e-01
1.10796 5.19128607e-01
1.11179 5.17806315e-01
1.11564 5.18225263e-01
1.11950 5.19646697e-01
1.12338 5.20740486e-01
1.12726 5.19976926e-01
1.13117 5.17260754e-01
1.13508 5.14200454e-01
1.13901 5.12193220e-01
1.14295 5.11562334e-01
1.14691 5.12171727e-01
1.15088 5.13655458e-01
1.15487 5.14967165e-01
1.15886 5.14749409e-01
1.16287 5.12719147e-01
1.16690 5.09873694e-01
1.17094 5.07454058e-01
1.17499 5.06343381e-01
1.17906 5.06722979e-01
1.18314 5.07917122e-01
1.18724 5.08759058e-01
1.19135 5.08285651e-01
1.19547 5.06419333e-01
1.19961 5.03908230e-01
1.20376 5.01704168e-01
1.20793 5.00474877e-01
1.21211 5.00200884e-01
1.21630 5.00162666e-01
1.22052 4.99580259e-01
1.22474 4.98212800e-01
1.22898 4.96330241e-01
1.23323 4.94420856e-01
1.23750 4.92949165e-01
1.24179 4.92087837e-01
1.24609 4.91644649e-01
1.25040 4.91365323e-01
1.25473 4.91147810e-01
1.25907 4.90952920e-01
1.26343 4.90702440e-01
1.26780 4.90303934e-01
1.27219 4.89718538e-01
1.27659 4.88897530e-01
1.28101 4.87756068e-01
1.28545 4.86340775e-01
1.28990 4.84877002e-01
1.29436 4.83560932e-01
1.29884 4.82364769e-01
1.30334 4.81104935e-01
1.30785 4.79642698e-01
1.31238 4.77985247e-01
1.31692 4.76325050e-01
1.32148 4.74978679e-01
1.32605 4.74124462e-01
1.33064 4.73602413e-01
1.33525 4.73057982e-01
1.33987 4.72256123e-01
1.34451 4.71198774e-01
1.34916 4.70021680e-01
1.35383 4.68897025e-01
1.35852 4.67965643e-01
1.36322 4.67237554e-01
1.36794 4.66573136e-01
1.37268 4.65806990e-01
1.37743 4.64871892e-01
1.38220 4.63810907e-01
1.38698 4.62723258e-01
1.39178 4.61709138e-01
1.39660 4.60799249e-01
1.40144 4.59899137e-01
1.40629 4.58832658e-01
1.41115 4.57477399e-01
1.41604 4.55868671e-01
1.42094 4.54176638e-01
1.42586 4.52596271e-01
1.43080 4.51223156e-01
1.43575 4.49983280e-01
1.44072 4.48689430e-01
1.44571 4.47202629e-01
1.45071 4.45563762e-01
1.45573 4.43973295e-01
1.46077 4.42650195e-01
1.46583 4.41691342e-01
1.47090 4.41021186e-01
1.47599 4.40450415e-01
1.48110 4.39802480e-01
1.48623 4.39023568e-01
1.49137 4.38195934e-01
1.49654 4.37450392e-01
1.50172 4.36852068e-01
1.50692 4.36339230e-01
1.51213 4.35747694e-01
1.51737 4.34905111e-01
1.52262 4.33732461e-01
1.52789 4.32284444e-01
1.53318 4.30704642e-01
1.53849 4.29133406e-01
1.54381 4.27631818e-01
1.54916 4.26165783e-01
1.55452 4.24654823e-01
1.55990 4.23048277e-01
1.56530 4.21373454e-01
1.57072 4.19723034e-01
1.57615 4.18196883e-01
1.58161 4.16842271e-01
1.58709 4.15631726e-01
1.59258 4.14487355e-01
1.59809 4.13331673e-01
1.60362 4.12134136e-01
1.60918 4.10922782e-01
1.61475 4.09756838e-01
1.62034 4.08682279e-01
1.62594 4.07701529e-01
1.63157 4.06776126e-01
1.63722 4.05855976e-01
1.64289 4.04911990e-01
1.64857 4.03948692e-01
1.65428 4.02991293e-01
1.66001 4.02059750e-01
1.66575 4.01150507e-01
1.67152 4.00237790e-01
1.67731 3.99287825e-01
1.68311 3.98275239e-01
1.68894 3.97190014e-01
1.69478 3.96034574e-01
1.70065 3.94816272e-01
1.70654 3.93541248e-01
1.71245 3.92214270e-01
1.71837 3.90840427e-01
1.72432 3.89426750e-01
1.73029 3.87981562e-01
1.73628 3.86513102e-01
1.74229 3.85028887e-01
1.74832 3.83537238e-01
1.75437 3.82048902e-01
1.76045 3.80578342e-01
1.76654 3.79141638e-01
1.77266 3.77753978e-01
1.77879 3.76425950e-01
1.78495 3.75162399e-01
1.79113 3.73963893e-01
1.79733 3.72829542e-01
1.80355 3.71759184e-01
1.80979 3.70753951e-01
1.81606 3.69812550e-01
1.82234 3.68928679e-01
1.82865 3.68088763e-01
1.83498 3.67274057e-01
1.84133 3.66464522e-01
1.84771 3.65642624e-01
1.85410 3.64794547e-01
1.86052 3.63908979e-01
1.86696 3.62975174e-01
1.87342 3.61982142e-01
1.87991 3.60920268e-01
1.88642 3.59784462e-01
1.89295 3.58575290e-01
1.89950 3.57299539e-01
1.90607 3.55967551e-01
1.91267 3.54591042e-01
1.91929 3.53180759e-01
1.92594 3.51746882e-01
1.93260 3.50299431e-01
1.93929 3.48848586e-01
1.94601 3.47404933e-01
1.95274 3.45977843e-01
1.95950 3.44574751e-01
1.96629 3.43200666e-01
1.97309 3.41858821e-01
1.97992 3.40551315e-01
1.98678 3.39280089e-01
1.99365 3.38046758e-01
2.00055 3.36852857e-01
2.00748 3.35699114e-01
2.01443 3.34585286e-01
2.02140 3.33510565e-01
2.02840 3.32473578e-01
2.03542 3.31472708e-01
2.04247 3.30506098e-01
2.04954 3.29571322e-01
2.05663 3.28665474e-01
2.06375 3.27784511e-01
2.07090 3.26923910e-01
2.07806 3.26078096e-01
2.08526 3.25240685e-01
2.09247 3.24405051e-01
2.09972 3.23564085e-01
2.10699 3.22710918e-01
2.11428 3.21839086e-01
2.12160 3.20942529e-01
2.12894 3.20016238e-01
2.13631 3.19056091e-01
2.14371 3.18059181e-01
2.15113 3.17023567e-01
2.15857 3.15948766e-01
2.16605 3.14835422e-01
2.17354 3.13685234e-01
2.18107 3.12500545e-01
2.18862 3.11284586e-01
2.19619 3.10040993e-01
2.20380 3.08773806e-01
2.21143 3.07487470e-01
2.21908 3.06186752e-01
2.22676 3.04876580e-01
2.23447 3.03561883e-01
2.24220 3.02247752e-01
2.24997 3.00939277e-01
2.25775 2.99641225e-01
2.26557 2.98358444e-01
2.27341 2.97095459e-01
2.28128 2.95856553e-01
2.28918 2.94645603e-01
2.29710 2.93466004e-01
2.30505 2.92320745e-01
2.31303 2.91212007e-01
2.32104 2.90141407e-01
2.32908 2.89109834e-01
2.33714 2.88117125e-01
2.34523 2.87162634e-01
2.35335 2.86244666e-01
2.36149 2.85360875e-01
2.36967 2.84507950e-01
2.37787 2.83682013e-01
2.38610 2.82878457e-01
2.39436 2.82092354e-01
2.40265 2.81318209e-01
2.41097 2.80550528e-01
2.41931 2.79783655e-01
2.42769 2.79012258e-01
2.43609 2.78231164e-01
2.44452 2.77435688e-01
2.45298 2.76621790e-01
2.46148 2.75786156e-01
2.47000 2.74926202e-01
2.47855 2.74040068e-01
2.48713 2.73126786e-01
2.49574 2.72186031e-01
2.50438 2.71218209e-01
2.51304 2.70224611e-01
2.52174 2.69206612e-01
2.53047 2.68166393e-01
2.53923 2.67106378e-01
2.54802 2.66029233e-01
2.55684 2.64937867e-01
2.56569 2.63835270e-01
2.57457 2.62724351e-01
2.58349 2.61608261e-01
2.59243 2.60489746e-01
2.60140 2.59371798e-01
2.61041 2.58256919e-01
2.61944 2.57147858e-01
2.62851 2.56046797e-01
2.63761 2.54955997e-01
2.64674 2.53877398e-01
2.65590 2.52812938e-01
2.66510 2.51764074e-01
2.67432 2.50732338e-01
2.68358 2.49718945e-01
2.69287 2.48724943e-01
2.70219 2.47751222e-01
2.71154 2.46798267e-01
2.72093 2.45866643e-01
2.73035 2.44956512e-01
2.73980 2.44067793e-01
2.74928 2.43200324e-01
2.75880 2.42353540e-01
2.76835 2.41526714e-01
2.77793 2.40718875e-01
2.78755 2.39928813e-01
2.79720 2.39154991e-01
2.80688 2.38395956e-01
2.81660 2.37649606e-01
2.82635 2.36914165e-01
2.83613 2.36187288e-01
2.84595 2.35466875e-01
2.85580 2.34750664e-01
2.86569 2.34036311e-01
2.87561 2.33321554e-01
2.88556 2.32604212e-01
2.89555 2.31882183e-01
2.90557 2.31153610e-01
2.91563 2.30416794e-01
2.92572 2.29670041e-01
2.93585 2.28912137e-01
2.94601 2.28141951e-01
2.95621 2.27358676e-01
2.96644 2.26561665e-01
2.97671 2.25750514e-01
2.98702 2.24925142e-01
2.99736 2.24085630e-01
3.00773 2.23232220e-01
3.01814 2.22365398e-01
3.02859 2.21485809e-01
3.03907 2.20594262e-01
3.04960 2.19691726e-01
3.06015 2.18779170e-01
3.07074 2.17857889e-01
3.08137 2.16929174e-01
3.09204 2.15994237e-01
3.10274 2.15054694e-01
3.11348 2.14111839e-01
3.12426 2.13167368e-01
3.13508 2.12222654e-01
3.14593 2.11279314e-01
3.15682 2.10338883e-01
3.16775 2.09402896e-01
3.17871 2.08472969e-01
3.18972 2.07550394e-01
3.20076 2.06636627e-01
3.21184 2.05733122e-01
3.22295 2.04841090e-01
3.23411 2.03961743e-01
3.24531 2.03096133e-01
3.25654 2.02245309e-01
3.26781 2.01410079e-01
3.27912 2.00591252e-01
3.29047 1.99789312e-01
3.30187 1.99004825e-01
3.31330 1.98238033e-01
3.32476 1.97489017e-01
3.33627 1.96757938e-01
3.34782 1.96044474e-01
3.35941 1.95348302e-01
3.37104 1.94669016e-01
3.38271 1.94005810e-01
3.39442 1.93358036e-01
3.40617 1.92724645e-01
3.41796 1.92104666e-01
3.42979 1.91496808e-01
3.44166 1.90899938e-01
3.45358 1.90312522e-01
3.46553 1.89733186e-01
3.47753 1.89160476e-01
3.48957 1.88592775e-01
3.50164 1.88028630e-01
3.51377 1.87466504e-01
3.52593 1.86904863e-01
3.53814 1.86342334e-01
3.55038 1.85777299e-01
3.56267 1.85208629e-01
3.57500 1.84635030e-01
3.58738 1.84055370e-01
3.59980 1.83468601e-01
3.61226 1.82873751e-01
3.62476 1.82270094e-01
3.63731 1.81657065e-01
3.64990 1.81034016e-01
3.66254 1.80400544e-01
3.67521 1.79756568e-01
3.68794 1.79101765e-01
3.70070 1.78436215e-01
3.71351 1.77760000e-01
3.72637 1.77073442e-01
3.73927 1.76376785e-01
3.75221 1.75670512e-01
3.76520 1.74955190e-01
3.77823 1.74231302e-01
3.79131 1.73499658e-01
3.80443 1.72760985e-01
3.81760 1.72016009e-01
3.83082 1.71265619e-01
3.84408 1.70510705e-01
3.85739 1.69752235e-01
3.87074 1.68991018e-01
3.88414 1.68228024e-01
3.89758 1.67464222e-01
3.91107 1.66700581e-01
3.92461 1.65938071e-01
3.93820 1.65177420e-01
3.95183 1.64419758e-01
3.96551 1.63665733e-01
3.97924 1.62916313e-01
3.99301 1.62172306e-01
4.00683 1.61434279e-01
4.02070 1.60703201e-01
4.03462 1.59979556e-01
4.04859 1.59263910e-01
4.06260 1.58556991e-01
4.07667 1.57859122e-01
4.09078 1.57170867e-01
4.10494 1.56492551e-01
4.11915 1.55824497e-01
4.13341 1.55166946e-01
4.14771 1.54520142e-01
4.16207 1.53884085e-01
4.17648 1.53259016e-01
4.19094 1.52644855e-01
4.20545 1.52041602e-01
4.22000 1.51449177e-01
4.23461 1.50867336e-01
4.24927 1.50295918e-01
4.26398 1.49734682e-01
4.27874 1.49183222e-01
4.29355 1.48641296e-01
4.30841 1.48108420e-01
4.32332 1.47584190e-01
4.33829 1.47068120e-01
4.35331 1.46559726e-01
4.36838 1.46058362e-01
4.38350 1.45563624e-01
4.39867 1.45074865e-01
4.41390 1.44591438e-01
4.42918 1.44112779e-01
4.44451 1.43638241e-01
4.45990 1.43167258e-01
4.47533 1.42699264e-01
4.49083 1.42233533e-01
4.50637 1.41769498e-01
4.52197 1.41306676e-01
4.53762 1.40844419e-01
4.55333 1.40382243e-01
4.56909 1.39919582e-01
4.58491 1.39456033e-01
4.60078 1.38991110e-01
4.61670 1.38524328e-01
4.63269 1.38055446e-01
4.64872 1.37584058e-01
4.66481 1.37109924e-01
4.68096 1.36632719e-01
4.69717 1.36152202e-01
4.71343 1.35668290e-01
4.72974 1.35180743e-01
4.74611 1.34689560e-01
4.76254 1.34194741e-01
4.77903 1.33696043e-01
4.79557 1.33193710e-01
4.81217 1.32687740e-01
4.82883 1.32178215e-01
4.84555 1.31665216e-01
4.86232 1.31148904e-01
4.87915 1.30629522e-01
4.89604 1.30107311e-01
4.91299 1.29582354e-01
4.92999 1.29054972e-01
4.94706 1.28525490e-01
4.96418 1.27994149e-01
4.98137 1.27461273e-01
4.99861 1.26927185e-01
5.01591 1.26392127e-01
5.03328 1.25856504e-01
5.05070 1.25320558e-01
5.06818 1.24784773e-01
5.08573 1.24249311e-01
5.10333 1.23714658e-01
5.12100 1.23181054e-01
5.13873 1.22648825e-01
5.15651 1.22118373e-01
5.17436 1.21589941e-01
5.19228 1.21063852e-01
5.21025 1.20540430e-01
5.22828 1.20019997e-01
5.24638 1.19502715e-01
5.26454 1.18988908e-01
5.28277 1.18478898e-01
5.30105 1.17972767e-01
5.31940 1.17470838e-01
5.33782 1.16973352e-01
5.35629 1.16480391e-01
5.37484 1.15992278e-01
5.39344 1.15509014e-01
5.41211 1.15030920e-01
5.43084 1.14557917e-01
5.44965 1.14090327e-01
5.46851 1.13628070e-01
5.48744 1.13171389e-01
5.50643 1.12720202e-01
5.52550 1.12274670e-01
5.54462 1.11834795e-01
5.56381 1.11400576e-01
5.58308 1.10972013e-01
5.60240 1.10549106e-01
5.62179 1.10131774e-01
5.64125 1.09720098e-01
5.66078 1.09313997e-01
5.68038 1.08913310e-01
5.70004 1.08517955e-01
5.71977 1.08128014e-01
5.73957 1.07743164e-01
5.75944 1.07363485e-01
5.77938 1.06988654e-01
5.79938 1.06618670e-01
5.81946 1.06253374e-01
5.83960 1.05892602e-01
5.85982 1.05536112e-01
5.88010 1.05183824e-01
5.90045 1.04835495e-01
5.92088 1.04490964e-01
5.94137 1.04149988e-01
5.96194 1.03812486e-01
5.98258 1.03478136e-01
6.00329 1.03146775e-01
6.02407 1.02818242e-01
6.04492 1.02492295e-01
6.06585 1.02168610e-01
6.08684 1.01847107e-01
6.10791 1.01527543e-01
6.12906 1.01209676e-01
6.15027 1.00893263e-01
6.17156 1.00578143e-01
6.19293 1.00264074e-01
6.21436 9.99508120e-02
6.23588 9.96382776e-02
6.25746 9.93260664e-02
6.27912 9.90141784e-02
6.30086 9.87022904e-02
6.32267 9.83903216e-02
6.34455 9.80779488e-02
6.36652 9.77651720e-02
6.38856 9.74516680e-02
6.41067 9.71372752e-02
6.43286 9.68219936e-02
6.45513 9.65055000e-02
6.47747 9.61877944e-02
6.49990 9.58687152e-02
6.52240 9.55480200e-02
6.54497 9.52257896e-02
6.56763 9.49017816e-02
6.59037 9.45759152e-02
6.61318 9.42481096e-02
6.63607 9.39183648e-02
6.65904 9.35865192e-02
6.68209 9.32524920e-02
6.70522 9.57159224e-02
6.72843 9.70916232e-02
6.75172 9.41344240e-02
6.77510 9.14264120e-02
6.79855 9.77987848e-02
6.82208 9.40949128e-02
6.84570 8.93748192e-02
6.86939 8.98859600e-02
6.89317 9.50246784e-02
6.91704 9.98164416e-02
6.94098 9.94134920e-02
6.96500 9.51283448e-02
6.98911 1.02491245e-01
7.01331 1.01082820e-01
7.03759 9.92653856e-02
7.06195 9.51854704e-02
7.08639 9.51264056e-02
7.11092 1.04700317e-01
7.13554 9.61982176e-02
7.16024 9.71413960e-02
7.18502 9.45494936e-02
7.20990 9.34685512e-02
7.23485 9.44979432e-02
7.25990 9.27749640e-02
7.28503 9.78234288e-02
7.31025 9.66821288e-02
7.33555 9.97708704e-02
7.36094 1.05319891e-01
7.38642 1.05924275e-01
7.41199 1.03173116e-01
7.43765 9.77393968e-02
7.46340 9.08435208e-02
7.48923 8.73881896e-02
7.51516 9.37374536e-02
7.54117 9.83870088e-02
7.56727 9.52679672e-02
7.59347 9.25368464e-02
7.61975 9.37721168e-02
7.64613 9.73980168e-02
7.67260 9.34843072e-02
7.69916 9.52510800e-02
7.72581 1.01003878e-01
7.75255 1.03305951e-01
7.77939 1.03985075e-01
7.80632 1.05818750e-01
7.83334 1.07016934e-01
7.86046 1.05171058e-01
7.88767 9.96273696e-02
7.91497 1.02915930e-01
7.94237 1.06769120e-01
7.96986 1.00013351e-01
7.99745 1.01174690e-01
8.02513 9.94009680e-02
8.05291 9.81648088e-02
8.08079 1.06081431e-01
8.10876 1.05616589e-01
8.13683 1.06501026e-01
8.16500 1.09339934e-01
8.19326 1.05032890e-01
8.22162 1.05674846e-01
8.25008 1.07303531e-01
8.27864 1.07062828e-01
8.30730 1.04265047e-01
8.33605 1.09233924e-01
8.36491 1.20624058e-01
8.39386 1.15059927e-01
8.42292 1.20792930e-01
8.45208 1.29992737e-01
8.48133 1.31855823e-01
8.51069 1.33398053e-01
8.54016 1.34027081e-01
8.56972 1.33210678e-01
8.59938 1.43938494e-01
8.62915 1.48079170e-01
8.65902 1.42800749e-01
8.68899 1.49822673e-01
8.71907 1.55320305e-01
8.74925 1.59649892e-01
8.77954 1.71840430e-01
8.80993 1.76380340e-01
8.84043 1.74868249e-01
8.87103 1.80435046e-01
8.90174 1.94774218e-01
8.93255 2.17832922e-01
8.96347 2.44085569e-01
8.99450 2.46122294e-01
9.02563 2.26166230e-01
9.05688 2.83109787e-01
9.08823 3.37246838e-01
9.11969 3.80442194e-01
9.15126 4.18199873e-01
9.18294 4.60415045e-01
9.21472 5.10101793e-01
9.24662 5.61022438e-01
9.27863 6.14996110e-01
9.31075 6.72055131e-01
9.34298 7.31678098e-01
9.37532 7.94042931e-01
9.40777 8.56736136e-01
9.44034 9.17433096e-01
9.47302 9.75032992e-01
9.50581 1.03146048e+00
9.53871 1.08757689e+00
9.57173 1.14101478e+00
9.60487 1.19224844e+00
9.63811 1.24262482e+00
9.67148 1.29009805e+00
9.70495 1.33748078e+00
9.73855 1.38413551e+00
9.77226 1.42894800e+00
9.80609 1.47356253e+00
9.84003 1.51637279e+00
9.87409 1.55892934e+00
9.90827 1.60046782e+00
9.94257 1.64024727e+00
9.97699 1.67951850e+00
10.01153 1.71546480e+00
10.04618 1.75018537e+00
10.08096 1.78216924e+00
10.11585 1.81199171e+00
10.15087 1.84040503e+00
10.18601 1.86521871e+00
10.22127 1.88838407e+00
10.25665 1.90698181e+00
10.29215 1.92352076e+00
10.32778 1.93770439e+00
10.36353 1.94999407e+00
10.39941 1.96138849e+00
10.43540 1.96909034e+00
10.47153 1.97600117e+00
10.50777 1.98046860e+00
10.54415 1.98369414e+00
10.58065 1.98502814e+00
10.61727 1.98497158e+00
10.65403 1.98409490e+00
10.69091 1.98146890e+00
10.72791 1.97857788e+00
10.76505 1.97341718e+00
10.80231 1.96796238e+00
10.83971 1.96009569e+00
10.87723 1.95216840e+00
10.91488 1.94379671e+00
10.95266 1.93444169e+00
10.99058 1.92391183e+00
11.02862 1.91153004e+00
11.06680 1.89792494e+00
11.10511 1.88441518e+00
11.14355 1.87092642e+00
11.18212 1.85628950e+00
11.22083 1.84138998e+00
11.25967 1.82323261e+00
11.29865 1.80489828e+00
11.33776 1.79058860e+00
11.37701 1.77615530e+00
11.41639 1.76095601e+00
11.45591 1.74514345e+00
11.49556 1.72696102e+00
11.53536 1.70809422e+00
11.57529 1.68746679e+00
11.61536 1.66582774e+00
11.65556 1.64159744e+00
11.69591 1.61614382e+00
11.73640 1.58817975e+00
11.77702 1.55888652e+00
11.81779 1.52689134e+00
11.85870 1.49502139e+00
11.89975 1.46366372e+00
11.94094 1.43022706e+00
11.98227 1.39199170e+00
12.02375 1.35342747e+00
12.06537 1.31400434e+00
12.10714 1.27586998e+00
12.14905 1.24193074e+00
12.19110 1.20730956e+00
12.23330 1.16795107e+00
12.27565 1.12974156e+00
12.31814 1.09835561e+00
12.36078 1.06746173e+00
12.40357 1.03642079e+00
12.44651 1.00595677e+00
12.48959 9.78662528e-01
12.53283 9.52233656e-01
12.57621 9.21024656e-01
12.61974 8.89002000e-01
12.66343 8.60139432e-01
12.70726 8.33342920e-01
12.75125 8.09169176e-01
12.79539 7.87668781e-01
12.83968 7.64429327e-01
12.88413 7.36936400e-01
12.92873 7.10564250e-01
12.97348 6.86764448e-01
13.01839 6.63757698e-01
13.06345 6.39752503e-01
13.10867 6.16465378e-01
13.15405 5.98933798e-01
13.19959 5.83912674e-01
13.24528 5.74408331e-01
13.29113 5.70707610e-01
13.33713 5.66016847e-01
13.38330 5.57638453e-01
13.42963 5.49471027e-01
13.47612 5.54297777e-01
13.52277 5.59871118e-01
13.56958 5.60345010e-01
13.61655 5.58297215e-01
13.66368 5.59488126e-01
13.71098 5.66373094e-01
13.75844 5.73217986e-01
13.80607 5.76112484e-01
13.85386 5.79055220e-01
13.90182 5.84372264e-01
13.94994 5.90808226e-01
13.99823 5.95255054e-01
14.04668 5.95518220e-01
14.09531 5.95789223e-01
14.14410 6.04062012e-01
14.19306 6.12897734e-01
14.24219 6.15758216e-01
14.29149 6.13607078e-01
14.34096 6.11583846e-01
14.39060 6.10355120e-01
14.44042 6.09136010e-01
14.49041 6.06590244e-01
14.54057 6.03448174e-01
14.59090 6.01301318e-01
14.64141 6.02599047e-01
14.69209 6.03909623e-01
14.74295 6.03772506e-01
14.79398 6.03126671e-01
14.84519 6.02264535e-01
14.89658 6.00662514e-01
14.94814 5.99088126e-01
14.99989 5.82144042e-01
15.05181 5.59416942e-01
15.10392 5.40348869e-01
15.15620 5.37338826e-01
15.20866 5.34349630e-01
15.26131 5.32734681e-01
15.31414 5.32110824e-01
15.36715 5.31504178e-01
15.42034 5.27453270e-01
15.47372 5.23391454e-01
15.52729 5.19947838e-01
15.58103 5.17539190e-01
15.63497 5.15162297e-01
15.68909 5.12341246e-01
15.74340 5.09372977e-01
15.79790 5.06465631e-01
15.85258 5.04050519e-01
15.90746 5.01663606e-01
15.96252 5.00971231e-01
16.01778 5.03201392e-01
16.07323 5.05462661e-01
16.12886 5.09062462e-01
16.18470 5.13418229e-01
16.24072 5.17824334e-01
16.29694 5.19819690e-01
16.35335 5.21583473e-01
16.40996 5.24375598e-01
16.46677 5.33649418e-01
16.52377 5.43096634e-01
16.58097 5.51432609e-01
16.63836 5.57381994e-01
16.69596 5.63411209e-01
16.75375 5.71346738e-01
16.81175 5.81138325e-01
16.86994 5.91102985e-01
16.92834 5.99861139e-01
16.98694 6.08053774e-01
17.04574 6.16366640e-01
17.10474 6.29407194e-01
17.16395 6.44006623e-01
17.22337 6.58941614e-01
17.28299 6.68916940e-01
17.34281 6.78305658e-01
17.40285 6.87834806e-01
17.46309 7.02497743e-01
17.52354 7.17797870e-01
17.58420 7.33428064e-01
17.64507 7.49210324e-01
17.70615 7.65322975e-01
17.76744 7.81778703e-01
17.82894 7.98820070e-01
17.89066 8.16231904e-01
17.95259 8.34015176e-01
18.01473 8.51540696e-01
18.07709 8.69390224e-01
18.13967 8.87611432e-01
18.20246 9.03864352e-01
18.26547 9.20087376e-01
18.32870 9.36598048e-01
18.39214 9.54167200e-01
18.45581 9.72268824e-01
18.51969 9.90701728e-01
18.58380 1.00792263e+00
18.64813 1.02460702e+00
18.71268 1.04155482e+00
18.77746 1.05743041e+00
18.84246 1.07213439e+00
18.90768 1.08701371e+00
18.97313 1.10086283e+00
19.03881 1.11193082e+00
19.10472 1.12302466e+00
19.17085 1.13394074e+00
19.23721 1.14188661e+00
19.30380 1.14981066e+00
19.37062 1.15770806e+00
19.43768 1.16099662e+00
19.50496 1.16300450e+00
19.57248 1.16491784e+00
19.64023 1.16478452e+00
19.70822 1.16248899e+00
19.77644 1.16009246e+00
19.84490 1.15711822e+00
19.91359 1.15114629e+00
19.98252 1.14513234e+00
20.05169 1.13907638e+00
20.12110 1.13213728e+00
20.19076 1.12490002e+00
20.26065 1.11764095e+00
20.33078 1.10962236e+00
20.40116 1.10012351e+00
20.47178 1.09065294e+00
20.54264 1.08120985e+00
20.61375 1.07199784e+00
20.68511 1.06285451e+00
20.75671 1.05374835e+00
20.82856 1.04433192e+00
20.90066 1.03434019e+00
20.97301 1.02440826e+00
21.04561 1.01453692e+00
21.11846 1.00727866e+00
21.19157 1.00065144e+00
21.26492 9.94039576e-01
21.33853 9.86765152e-01
21.41240 9.77018248e-01
21.48652 9.67344064e-01
21.56090 9.57741792e-01
21.63553 9.49652096e-01
21.71043 9.42683904e-01
21.78558 9.35752880e-01
21.86099 9.28858216e-01
21.93666 9.22015264e-01
22.01260 9.15211096e-01
22.08880 9.08444096e-01
22.16526 9.01869400e-01
22.24199 8.96199664e-01
22.31898 8.90559824e-01
22.39624 8.84949072e-01
22.47377 8.79663136e-01
22.55156 8.74905632e-01
22.62962 8.70168328e-01
22.70796 8.65451224e-01
22.78656 8.60339816e-01
22.86544 8.54897128e-01
22.94459 8.49482720e-01
23.02402 8.44098208e-01
23.10372 8.40327272e-01
23.18369 8.37420896e-01
23.26394 8.34525832e-01
23.34447 8.31640464e-01
23.42528 8.29377256e-01
23.50637 8.27363720e-01
23.58774 8.25355840e-01
23.66939 8.23352808e-01
23.75133 8.20305032e-01
23.83354 8.16865376e-01
23.91604 8.13438648e-01
23.99883 8.10024848e-01
24.08191 8.07682537e-01
24.16527 8.05856861e-01
24.24892 8.04036679e-01
24.33286 8.02221992e-01
24.41709 8.00394296e-01
24.50161 7.98558278e-01
24.58642 7.96727754e-01
24.67153 7.94902562e-01
24.75693 7.93347082e-01
24.84263 7.92182026e-01
24.92863 7.91020122e-01
25.01492 7.89861450e-01
25.10151 7.88848218e-01
25.18840 7.88480013e-01
25.27559 7.88115282e-01
25.36309 7.87753944e-01
25.45088 7.87396081e-01
25.53898 7.87160872e-01
25.62739 7.86942793e-01
25.71610 7.86727865e-01
25.80512 7.86516007e-01
25.89444 7.86233692e-01
25.98408 7.85891504e-01
26.07403 7.85551174e-01
26.16428 7.85212703e-01
26.25485 7.85005451e-01
26.34574 7.85713421e-01
26.43694 7.86424784e-01
26.52845 7.87139379e-01
26.62028 7.87857287e-01
26.71243 7.88895890e-01
26.80489 7.90119687e-01
26.89768 7.91348655e-01
26.99079 7.92582714e-01
27.08422 7.93849173e-01
27.17798 7.95433257e-01
27.27205 7.97022674e-01
27.36646 7.98617504e-01
27.46119 8.00217748e-01
27.55625 8.02085117e-01
27.65164 8.04278998e-01
27.74736 8.06479506e-01
27.84341 8.08686800e-01
27.93979 8.10900720e-01
28.03650 8.12998288e-01
28.13355 8.15056264e-01
28.23094 8.17115856e-01
28.32867 8.19177064e-01
28.42673 8.21240696e-01
28.52513 8.23084552e-01
28.62387 8.24917904e-01
28.72295 8.26750448e-01
28.82238 8.28581376e-01
28.92215 8.30408264e-01
29.02227 8.32203640e-01
29.12273 8.33990128e-01
29.22354 8.35766920e-01
29.32470 8.37534824e-01
29.42621 8.39160520e-01
29.52807 8.40023464e-01
29.63029 8.40869440e-01
29.73286 8.41699256e-01
29.83578 8.42512104e-01
29.93906 8.43248192e-01
30.04269 8.43519680e-01
30.14669 8.43775008e-01
30.25104 8.44015792e-01
30.35576 8.44239608e-01
30.46084 8.44448072e-01
30.56628 8.43113256e-01
30.67209 8.41750160e-01
30.77826 8.40364440e-01
30.88481 8.38956904e-01
30.99172 8.37526744e-01
31.09900 8.35434024e-01
31.20665 8.33144152e-01
31.31467 8.30838120e-01
31.42307 8.28515120e-01
31.53184 8.26176768e-01
31.64099 8.23389168e-01
31.75052 8.20103840e-01
31.86043 8.16809624e-01
31.97072 8.13505712e-01
32.08139 8.10192912e-01
32.19244 8.06866861e-01
32.30388 8.03459202e-01
32.41570 8.00045321e-01
32.52791 7.96625380e-01
32.64051 7.93199622e-01
32.75349 7.89768369e-01
32.86687 7.85505280e-01
32.98064 7.80572440e-01
33.09481 7.75650185e-01
33.20937 7.70738757e-01
33.32433 7.65838479e-01
33.43968 7.60949514e-01
33.55544 7.56250994e-01
33.67159 7.51580269e-01
33.78815 7.46924492e-01
33.90511 7.42283502e-01
34.02247 7.37657621e-01
34.14024 7.32913206e-01
34.25842 7.27654096e-01
34.37701 7.22418983e-01
34.49601 7.17208030e-01
34.61542 7.12021235e-01
34.73525 7.06858681e-01
34.85549 7.01897157e-01
34.97614 6.97280164e-01
35.09721 6.92683129e-01
35.21871 6.88105970e-01
35.34062 6.83548850e-01
35.46295 6.79011769e-01
35.58571 6.74030368e-01
35.70889 6.68344795e-01
35.83250 6.62697037e-01
35.95654 6.57086850e-01
36.08101 6.51514236e-01
36.20590 6.45979032e-01
36.33123 6.40709256e-01
36.45700 6.36018816e-01
36.58320 6.31357141e-01
36.70983 6.26724069e-01
36.83691 6.22119600e-01
36.96442 6.17543492e-01
37.09238 6.12968354e-01
37.22077 6.08062501e-01
37.34962 6.03190018e-01
37.47890 5.98350906e-01
37.60864 5.93544922e-01
37.73883 5.88771986e-01
37.86946 5.84031854e-01
38.00055 5.79514649e-01
38.13209 5.75105070e-01
38.26409 5.70724982e-01
38.39654 5.66374145e-01
38.52946 5.62052476e-01
38.66283 5.57759895e-01
38.79667 5.53445337e-01
38.93096 5.48966835e-01
39.06573 5.44520734e-01
39.20096 5.40106873e-01
39.33665 5.35725089e-01
39.47282 5.31375221e-01
39.60946 5.27057026e-01
39.74657 5.22944468e-01
39.88416 5.19000054e-01
40.02222 5.15082628e-01
40.16076 5.11192108e-01
40.29978 5.07328171e-01
40.43928 5.03490898e-01
40.57926 4.99679966e-01
40.71973 4.95874286e-01
40.86069 4.92088806e-01
41.00213 4.88330718e-01
41.14406 4.84599858e-01
41.28648 4.80896067e-01
41.42940 4.77219102e-01
41.57281 4.73568881e-01
41.71672 4.70036143e-01
41.86113 4.66555198e-01
42.00603 4.63098655e-01
42.15144 4.59666352e-01
42.29735 4.56258289e-01
42.44377 4.52874223e-01
42.59069 4.49513913e-01
42.73812 4.46223090e-01
42.88606 4.42982445e-01
43.03451 4.39764100e-01
43.18348 4.36568137e-01
43.33297 4.33394232e-01
43.48297 4.30242386e-01
43.63349 4.27112436e-01
43.78453 4.23956307e-01
43.93609 4.20711379e-01
44.08818 4.17490449e-01
44.24079 4.14293435e-01
44.39394 4.11120096e-01
44.54761 4.07970350e-01
44.70182 4.04844037e-01
44.85655 4.01740913e-01
45.01183 3.98819993e-01
45.16764 3.95964036e-01
45.32399 3.93128198e-01
45.48089 3.90312399e-01
45.63832 3.87516477e-01
45.79630 3.84740350e-01
45.95483 3.81983778e-01
46.11391 3.79249910e-01
46.27353 3.76581813e-01
46.43371 3.73932300e-01
46.59445 3.71301290e-01
46.75574 3.68688622e-01
46.91759 3.66094296e-01
47.08000 3.63517988e-01
47.24297 3.60959779e-01
47.40650 3.58423790e-01
47.57060 3.55932807e-01
47.73527 3.53459034e-01
47.90051 3.51002230e-01
48.06633 3.48562312e-01
48.23271 3.46139120e-01
48.39967 3.43732654e-01
48.56721 3.41342751e-01
48.73533 3.38969332e-01
48.90403 3.36174864e-01
49.07332 3.33395506e-01
49.24319 3.30638448e-01
49.41365 3.27903530e-01
49.58470 3.25190589e-01
49.75634 3.22499383e-01
49.92858 3.19829832e-01
50.10141 3.17181693e-01
50.27484 3.14810617e-01
50.44887 3.12630148e-01
50.62350 3.10464870e-01
50.79874 3.08314620e-01
50.97458 3.06179399e-01
51.15104 3.04059046e-01
51.32810 3.01953478e-01
51.50578 2.99862536e-01
51.68407 2.97786218e-01
51.86298 2.95831990e-01
52.04250 2.93895698e-01
52.22265 2.91972335e-01
52.40343 2.90061819e-01
52.58482 2.88163989e-01
52.76685 2.86278763e-01
52.94951 2.84406142e-01
53.13280 2.82545965e-01
53.31672 2.80707684e-01
53.50128 2.79057748e-01
53.68648 2.77417589e-01
53.87232 2.75787287e-01
54.05880 2.74166601e-01
54.24593 2.72555530e-01
54.43371 2.70954154e-01
54.62214 2.69362233e-01
54.81122 2.67779765e-01
55.00095 2.66206750e-01
55.19134 2.64279509e-01
55.38239 2.62309201e-01
55.57410 2.60353518e-01
55.76647 2.58412459e-01
55.95951 2.56485864e-01
56.15322 2.54573570e-01
56.34760 2.52675578e-01
56.54265 2.50791646e-01
56.73838 2.48921853e-01
56.93479 2.47208004e-01
57.13187 2.45741726e-01
57.32964 2.44284337e-01
57.52809 2.42835754e-01
57.72723 2.41395979e-01
57.92705 2.39964930e-01
58.12757 2.38542527e-01
58.32879 2.37128689e-01
58.53070 2.35723496e-01
58.73331 2.34326787e-01
58.93662 2.32713696e-01
59.14063 2.30939328e-01
59.34535 2.29178373e-01
59.55078 2.27430750e-01
59.75692 2.25696458e-01
59.96377 2.23975257e-01
60.17134 2.22267064e-01
60.37963 2.20571799e-01
60.58864 2.18889462e-01
60.79837 2.17219811e-01
61.00883 2.15638151e-01
61.22002 2.14175994e-01
61.43194 2.12723614e-01
61.64459 2.11281092e-01
61.85797 2.09848346e-01
62.07210 2.08425216e-01
62.28697 2.07011782e-01
62.50258 2.05607801e-01
62.71894 2.04213354e-01
62.93605 2.02828281e-01
63.15390 2.01452580e-01
63.37252 1.99888454e-01
63.59189 1.98311076e-01
63.81201 1.96746222e-01
64.03290 1.95193731e-01
64.25456 1.93653522e-01
64.47698 1.92125513e-01
64.70017 1.90609543e-01
64.92414 1.89105613e-01
65.14888 1.87613560e-01
65.37440 1.86133385e-01
65.60070 1.84664845e-01
65.82778 1.83306758e-01
66.05565 1.81962570e-01
66.28430 1.80628400e-01
66.51375 1.79304169e-01
66.74400 1.77989876e-01
66.97504 1.76685360e-01
67.20688 1.75390540e-01
67.43952 1.74105416e-01
67.67297 1.72829907e-01
67.90722 1.71563852e-01
68.14229 1.70307331e-01
68.37817 1.69065678e-01
68.61486 1.67836790e-01
68.85238 1.66616872e-01
69.09072 1.65406003e-01
69.32988 1.64204022e-01
69.56987 1.63010930e-01
69.81069 1.61826563e-01
70.05235 1.60651004e-01
70.29484 1.59484010e-01
70.53817 1.58325661e-01
70.78235 1.57175796e-01
71.02737 1.56034415e-01
71.27323 1.54898529e-01
71.51995 1.53770238e-01
71.76752 1.52650350e-01
72.01595 1.51538622e-01
72.26524 1.50435218e-01
72.51539 1.49339893e-01
72.76641 1.48252729e-01
73.01830 1.47173483e-01
73.27106 1.46102318e-01
73.52469 1.45038990e-01
73.77920 1.43983499e-01
74.03460 1.42935766e-01
74.29087 1.41894496e-01
74.54804 1.40859448e-01
74.80609 1.39832076e-01
75.06504 1.38812299e-01
75.32488 1.37800037e-01
75.58563 1.36795370e-01
75.84727 1.35798055e-01
76.10982 1.34808094e-01
76.37328 1.33825485e-01
76.63766 1.32850148e-01
76.90295 1.31882002e-01
77.16915 1.30921048e-01
77.43628 1.29967204e-01
77.70433 1.29020066e-01
77.97331 1.28079797e-01
78.24322 1.27146557e-01
78.51407 1.26220104e-01
78.78585 1.25300600e-01
79.05857 1.24387802e-01
79.33224 1.23481792e-01
79.60686 1.22582488e-01
79.88242 1.21689890e-01
80.15894 1.20803757e-01
80.43642 1.19924249e-01
80.71486 1.19051286e-01
80.99426 1.18184706e-01
81.27463 1.17324751e-01
81.55596 1.16472473e-01
81.83828 1.15626497e-01
82.12157 1.14786662e-01
82.40584 1.13953129e-01
82.69109 1.13125737e-01
82.97733 1.12304405e-01
83.26457 1.11489133e-01
83.55279 1.10679840e-01
83.84202 1.09876526e-01
84.13225 1.09079192e-01
84.42348 1.08287675e-01
84.71572 1.07501976e-01
85.00897 1.06722094e-01
85.30323 1.05947950e-01
85.59852 1.05179784e-01
85.89482 1.04417194e-01
86.19215 1.03660259e-01
86.49052 1.02908900e-01
86.78991 1.02163116e-01
87.09034 1.01422746e-01
87.39181 1.00687870e-01
87.69432 9.99584072e-02
87.99789 9.92342776e-02
88.30250 9.85154808e-02
88.60816 9.78019360e-02
88.91489 9.70936432e-02
89.22267 9.63906024e-02
89.53153 9.56926520e-02
89.84145 9.50000344e-02
90.15244 9.43131536e-02
90.46451 9.36312824e-02
90.77766 9.29544208e-02
91.09190 9.22824880e-02
91.40722 9.16155648e-02
91.72363 9.09534896e-02
92.04114 9.02962624e-02
92.35975 8.96438832e-02
92.67946 8.89962712e-02
93.00028 8.83533456e-02
93.32221 8.77151872e-02
93.64525 8.70817152e-02
93.96941 8.64529296e-02
94.29469 8.58286688e-02
94.62110 8.52090136e-02
94.94864 8.45941256e-02
95.27731 8.39840856e-02
95.60712 8.33784088e-02
95.93807 8.27771760e-02
96.27017 8.21803872e-02
96.60342 8.15879616e-02
96.93782 8.09998184e-02
97.27338 8.04159980e-02
97.61010 7.98364519e-02
97.94798 7.92611398e-02
98.28704 7.86900292e-02
98.62727 7.81230879e-02
98.96867 7.75602917e-02
99.31126 7.70016082e-02
99.65504 7.64469970e-02
100.00000 7.58964419e-02
