        2000  0.100000 4.000000
0.10000 9.92773867e-01
0.10035 9.90684800e-01
0.10069 9.88588800e-01
0.10104 9.86483200e-01
0.10139 9.84368000e-01
0.10174 9.82242133e-01
0.10210 9.80104533e-01
0.10245 9.77955200e-01
0.10280 9.75793067e-01
0.10316 9.73618667e-01
0.10352 9.71431467e-01
0.10387 9.69232000e-01
0.10423 9.67019733e-01
0.10459 9.64796267e-01
0.10496 9.62561600e-01
0.10532 9.60316800e-01
0.10568 9.58063467e-01
0.10605 9.55801600e-01
0.10642 9.53533867e-01
0.10679 9.51260800e-01
0.10716 9.48984000e-01
0.10753 9.46705067e-01
0.10790 9.44426133e-01
0.10827 9.42147733e-01
0.10865 9.39872000e-01
0.10902 9.37600000e-01
0.10940 9.35333333e-01
0.10978 9.33073067e-01
0.11016 9.30820267e-01
0.11054 9.28576000e-01
0.11092 9.26340267e-01
0.11131 9.24114133e-01
0.11169 9.21897600e-01
0.11208 9.19691200e-01
0.11247 9.17493867e-01
0.11286 9.15306667e-01
0.11325 9.13128000e-01
0.11364 9.10958400e-01
0.11403 9.08795733e-01
0.11443 9.06640000e-01
0.11482 9.04490133e-01
0.11522 9.02345067e-01
0.11562 9.00203200e-01
0.11602 8.98064000e-01
0.11642 8.95926400e-01
0.11682 8.93788267e-01
0.11723 8.91649600e-01
0.11763 8.89508800e-01
0.11804 8.87364800e-01
0.11845 8.85217067e-01
0.11886 8.83065067e-01
0.11927 8.80907200e-01
0.11968 8.78744000e-01
0.12010 8.76574933e-01
0.12051 8.74399467e-01
0.12093 8.72218133e-01
0.12135 8.70030400e-01
0.12177 8.67836800e-01
0.12219 8.65637867e-01
0.12262 8.63434133e-01
0.12304 8.61226133e-01
0.12347 8.59013867e-01
0.12389 8.56799467e-01
0.12432 8.54582933e-01
0.12475 8.52364800e-01
0.12518 8.50146667e-01
0.12562 8.47929067e-01
0.12605 8.45712533e-01
0.12649 8.43498667e-01
0.12693 8.41287467e-01
0.12737 8.39080000e-01
0.12781 8.36876800e-01
0.12825 8.34678400e-01
0.12869 8.32485867e-01
0.12914 8.30298667e-01
0.12959 8.28117867e-01
0.13003 8.25943467e-01
0.13048 8.23774933e-01
0.13094 8.21613333e-01
0.13139 8.19458133e-01
0.13184 8.17309333e-01
0.13230 8.15166400e-01
0.13276 8.13029333e-01
0.13322 8.10897067e-01
0.13368 8.08770667e-01
0.13414 8.06648533e-01
0.13461 8.04530133e-01
0.13507 8.02415467e-01
0.13554 8.00303467e-01
0.13601 7.98194133e-01
0.13648 7.96086933e-01
0.13695 7.93980267e-01
0.13743 7.91874667e-01
0.13790 7.89769600e-01
0.13838 7.87664000e-01
0.13886 7.85557333e-01
0.13934 7.83449600e-01
0.13982 7.81340267e-01
0.14031 7.79229333e-01
0.14079 7.77115733e-01
0.14128 7.75000000e-01
0.14177 7.72881600e-01
0.14226 7.70760533e-01
0.14275 7.68637333e-01
0.14324 7.66510933e-01
0.14374 7.64382400e-01
0.14424 7.62251200e-01
0.14474 7.60118400e-01
0.14524 7.57983467e-01
0.14574 7.55847467e-01
0.14625 7.53709867e-01
0.14675 7.51572267e-01
0.14726 7.49434667e-01
0.14777 7.47297067e-01
0.14828 7.45161067e-01
0.14879 7.43026133e-01
0.14931 7.40893867e-01
0.14983 7.38764267e-01
0.15034 7.36638400e-01
0.15087 7.34516267e-01
0.15139 7.32398933e-01
0.15191 7.30287467e-01
0.15244 7.28181867e-01
0.15297 7.26082133e-01
0.15349 7.23989867e-01
0.15403 7.21905067e-01
0.15456 7.19828800e-01
0.15509 7.17760000e-01
0.15563 7.15700800e-01
0.15617 7.13650133e-01
0.15671 7.11608533e-01
0.15725 7.09576533e-01
0.15780 7.07554133e-01
0.15834 7.05541333e-01
0.15889 7.03538133e-01
0.15944 7.01544533e-01
0.15999 6.99560533e-01
0.16055 6.97585067e-01
0.16110 6.95619200e-01
0.16166 6.93661333e-01
0.16222 6.91712000e-01
0.16278 6.89770667e-01
0.16335 6.87836267e-01
0.16391 6.85909333e-01
0.16448 6.83988267e-01
0.16505 6.82073067e-01
0.16562 6.80163200e-01
0.16619 6.78257600e-01
0.16677 6.76356267e-01
0.16734 6.74458667e-01
0.16792 6.72563200e-01
0.16851 6.70670400e-01
0.16909 6.68778667e-01
0.16967 6.66888000e-01
0.17026 6.64997867e-01
0.17085 6.63107733e-01
0.17144 6.61217067e-01
0.17204 6.59325333e-01
0.17263 6.57431467e-01
0.17323 6.55536533e-01
0.17383 6.53638933e-01
0.17443 6.51738667e-01
0.17503 6.49835733e-01
0.17564 6.47930133e-01
0.17625 6.46021333e-01
0.17686 6.44109333e-01
0.17747 6.42194133e-01
0.17808 6.40275733e-01
0.17870 6.38354667e-01
0.17932 6.36430400e-01
0.17994 6.34503467e-01
0.18056 6.32573867e-01
0.18119 6.30642133e-01
0.18182 6.28708800e-01
0.18244 6.26773333e-01
0.18308 6.24836800e-01
0.18371 6.22899200e-01
0.18435 6.20961600e-01
0.18498 6.19024000e-01
0.18562 6.17086933e-01
0.18627 6.15150933e-01
0.18691 6.13216000e-01
0.18756 6.11283733e-01
0.18821 6.09353600e-01
0.18886 6.07426667e-01
0.18951 6.05502933e-01
0.19017 6.03583467e-01
0.19083 6.01668267e-01
0.19149 5.99758400e-01
0.19215 5.97853333e-01
0.19282 5.95954667e-01
0.19348 5.94061867e-01
0.19415 5.92175467e-01
0.19483 5.90296000e-01
0.19550 5.88423467e-01
0.19618 5.86558933e-01
0.19686 5.84701867e-01
0.19754 5.82852267e-01
0.19822 5.81011200e-01
0.19891 5.79178133e-01
0.19960 5.77353067e-01
0.20029 5.75536533e-01
0.20098 5.73728533e-01
0.20168 5.71928533e-01
0.20237 5.70137067e-01
0.20307 5.68353600e-01
0.20378 5.66578667e-01
0.20448 5.64811733e-01
0.20519 5.63052267e-01
0.20590 5.61300800e-01
0.20661 5.59556800e-01
0.20733 5.57819733e-01
0.20805 5.56090133e-01
0.20877 5.54366933e-01
0.20949 5.52650667e-01
0.21021 5.50940267e-01
0.21094 5.49235733e-01
0.21167 5.47537067e-01
0.21240 5.45843733e-01
0.21314 5.44155200e-01
0.21388 5.42471467e-01
0.21462 5.40792000e-01
0.21536 5.39116800e-01
0.21611 5.37445867e-01
0.21685 5.35778133e-01
0.21760 5.34113600e-01
0.21836 5.32452053e-01
0.21911 5.30793493e-01
0.21987 5.29137547e-01
0.22063 5.27484000e-01
0.22140 5.25832640e-01
0.22216 5.24183307e-01
0.22293 5.22535893e-01
0.22370 5.20890240e-01
0.22448 5.19246293e-01
0.22526 5.17603947e-01
0.22604 5.15963093e-01
0.22682 5.14323733e-01
0.22760 5.12685867e-01
0.22839 5.11049493e-01
0.22918 5.09414667e-01
0.22998 5.07781333e-01
0.23077 5.06149653e-01
0.23157 5.04519733e-01
0.23237 5.02891573e-01
0.23318 5.01265387e-01
0.23398 4.99641280e-01
0.23479 4.98019413e-01
0.23561 4.96399947e-01
0.23642 4.94783040e-01
0.23724 4.93168907e-01
0.23806 4.91557813e-01
0.23889 4.89949867e-01
0.23971 4.88345333e-01
0.24054 4.86744427e-01
0.24137 4.85147360e-01
0.24221 4.83554400e-01
0.24305 4.81965813e-01
0.24389 4.80381813e-01
0.24473 4.78802560e-01
0.24558 4.77228373e-01
0.24643 4.75659467e-01
0.24728 4.74096107e-01
0.24814 4.72538453e-01
0.24900 4.70986720e-01
0.24986 4.69441173e-01
0.25073 4.67902027e-01
0.25159 4.66369387e-01
0.25246 4.64843573e-01
0.25334 4.63324640e-01
0.25422 4.61812800e-01
0.25510 4.60308213e-01
0.25598 4.58810987e-01
0.25687 4.57321333e-01
0.25775 4.55839307e-01
0.25865 4.54365013e-01
0.25954 4.52898560e-01
0.26044 4.51440000e-01
0.26134 4.49989387e-01
0.26225 4.48546827e-01
0.26315 4.47112320e-01
0.26406 4.45685920e-01
0.26498 4.44267520e-01
0.26590 4.42857280e-01
0.26682 4.41455040e-01
0.26774 4.40060800e-01
0.26867 4.38674507e-01
0.26960 4.37296160e-01
0.27053 4.35925600e-01
0.27147 4.34562773e-01
0.27241 4.33207573e-01
0.27335 4.31859893e-01
0.27430 4.30519627e-01
0.27525 4.29186560e-01
0.27620 4.27860587e-01
0.27715 4.26541600e-01
0.27811 4.25229387e-01
0.27908 4.23923733e-01
0.28004 4.22624480e-01
0.28101 4.21331467e-01
0.28198 4.20044480e-01
0.28296 4.18763307e-01
0.28394 4.17487680e-01
0.28492 4.16217440e-01
0.28591 4.14952320e-01
0.28690 4.13692160e-01
0.28789 4.12436640e-01
0.28889 4.11185547e-01
0.28989 4.09938667e-01
0.29089 4.08695787e-01
0.29190 4.07456533e-01
0.29291 4.06220800e-01
0.29392 4.04988267e-01
0.29494 4.03758720e-01
0.29596 4.02531947e-01
0.29699 4.01307627e-01
0.29801 4.00085600e-01
0.29905 3.98865547e-01
0.30008 3.97647307e-01
0.30112 3.96430613e-01
0.30216 3.95215253e-01
0.30321 3.94000960e-01
0.30426 3.92787627e-01
0.30531 3.91574933e-01
0.30637 3.90362773e-01
0.30743 3.89150880e-01
0.30849 3.87939040e-01
0.30956 3.86727147e-01
0.31063 3.85514987e-01
0.31171 3.84302347e-01
0.31279 3.83089173e-01
0.31387 3.81875200e-01
0.31496 3.80660320e-01
0.31605 3.79444427e-01
0.31714 3.78227360e-01
0.31824 3.77009013e-01
0.31934 3.75789280e-01
0.32044 3.74568053e-01
0.32155 3.73345280e-01
0.32267 3.72120747e-01
0.32378 3.70894560e-01
0.32490 3.69666507e-01
0.32603 3.68436587e-01
0.32716 3.67204747e-01
0.32829 3.65970933e-01
0.32943 3.64735147e-01
0.33057 3.63497333e-01
0.33171 3.62257493e-01
0.33286 3.61015627e-01
0.33401 3.59771733e-01
0.33517 3.58525813e-01
0.33633 3.57277920e-01
0.33749 3.56028000e-01
0.33866 3.54776160e-01
0.33983 3.53522347e-01
0.34101 3.52266720e-01
0.34219 3.51009280e-01
0.34337 3.49750080e-01
0.34456 3.48489227e-01
0.34576 3.47226720e-01
0.34695 3.45962667e-01
0.34815 3.44697173e-01
0.34936 3.43430293e-01
0.35057 3.42162133e-01
0.35178 3.40892800e-01
0.35300 3.39622400e-01
0.35422 3.38350987e-01
0.35545 3.37078720e-01
0.35668 3.35805653e-01
0.35791 3.34531947e-01
0.35915 3.33257707e-01
0.36039 3.31983040e-01
0.36164 3.30708107e-01
0.36289 3.29432960e-01
0.36415 3.28157813e-01
0.36541 3.26882720e-01
0.36668 3.25607840e-01
0.36795 3.24333280e-01
0.36922 3.23059200e-01
0.37050 3.21785707e-01
0.37178 3.20512960e-01
0.37307 3.19241067e-01
0.37436 3.17970133e-01
0.37565 3.16700373e-01
0.37695 3.15431840e-01
0.37826 3.14164640e-01
0.37957 3.12898987e-01
0.38088 3.11634987e-01
0.38220 3.10372747e-01
0.38352 3.09112373e-01
0.38485 3.07854027e-01
0.38618 3.06597813e-01
0.38752 3.05343840e-01
0.38886 3.04092267e-01
0.39021 3.02843200e-01
0.39156 3.01596747e-01
0.39291 3.00353013e-01
0.39427 2.99112107e-01
0.39564 2.97874133e-01
0.39701 2.96639200e-01
0.39838 2.95407467e-01
0.39976 2.94178987e-01
0.40115 2.92953867e-01
0.40253 2.91732160e-01
0.40393 2.90514080e-01
0.40533 2.89299573e-01
0.40673 2.88088853e-01
0.40814 2.86881920e-01
0.40955 2.85678933e-01
0.41097 2.84479893e-01
0.41239 2.83284907e-01
0.41382 2.82094080e-01
0.41525 2.80907467e-01
0.41669 2.79725120e-01
0.41813 2.78547147e-01
0.41958 2.77373547e-01
0.42103 2.76204480e-01
0.42249 2.75039893e-01
0.42395 2.73879947e-01
0.42542 2.72724587e-01
0.42689 2.71573973e-01
0.42837 2.70428053e-01
0.42985 2.69286987e-01
0.43134 2.68150720e-01
0.43283 2.67019307e-01
0.43433 2.65892800e-01
0.43583 2.64771253e-01
0.43734 2.63654667e-01
0.43886 2.62543093e-01
0.44037 2.61436533e-01
0.44190 2.60335093e-01
0.44343 2.59238667e-01
0.44496 2.58147413e-01
0.44650 2.57061227e-01
0.44805 2.55980160e-01
0.44960 2.54904320e-01
0.45116 2.53833600e-01
0.45272 2.52768053e-01
0.45429 2.51707680e-01
0.45586 2.50652480e-01
0.45744 2.49602507e-01
0.45902 2.48557707e-01
0.46061 2.47518133e-01
0.46220 2.46483733e-01
0.46380 2.45454507e-01
0.46541 2.44430507e-01
0.46702 2.43411627e-01
0.46864 2.42397973e-01
0.47026 2.41389493e-01
0.47189 2.40386133e-01
0.47352 2.39387893e-01
0.47516 2.38394827e-01
0.47680 2.37406880e-01
0.47845 2.36424000e-01
0.48011 2.35446240e-01
0.48177 2.34473493e-01
0.48344 2.33505813e-01
0.48511 2.32543200e-01
0.48679 2.31585547e-01
0.48848 2.30632907e-01
0.49017 2.29685227e-01
0.49186 2.28742453e-01
0.49357 2.27804587e-01
0.49528 2.26871627e-01
0.49699 2.25943520e-01
0.49871 2.25020267e-01
0.50044 2.24101813e-01
0.50217 2.23188160e-01
0.50391 2.22279200e-01
0.50565 2.21374987e-01
0.50740 2.20475520e-01
0.50916 2.19580640e-01
0.51092 2.18690453e-01
0.51269 2.17804800e-01
0.51446 2.16923787e-01
0.51625 2.16047307e-01
0.51803 2.15175307e-01
0.51983 2.14307787e-01
0.52163 2.13444693e-01
0.52343 2.12586080e-01
0.52524 2.11731787e-01
0.52706 2.10881867e-01
0.52889 2.10036213e-01
0.53072 2.09194933e-01
0.53255 2.08357813e-01
0.53440 2.07524960e-01
0.53625 2.06696267e-01
0.53810 2.05871733e-01
0.53997 2.05051360e-01
0.54183 2.04235040e-01
0.54371 2.03422773e-01
0.54559 2.02614507e-01
0.54748 2.01810240e-01
0.54938 2.01009920e-01
0.55128 2.00213547e-01
0.55319 1.99421013e-01
0.55510 1.98632427e-01
0.55702 1.97847573e-01
0.55895 1.97066560e-01
0.56089 1.96289333e-01
0.56283 1.95515787e-01
0.56478 1.94745973e-01
0.56673 1.93979840e-01
0.56869 1.93217333e-01
0.57066 1.92458400e-01
0.57264 1.91703093e-01
0.57462 1.90951307e-01
0.57661 1.90203040e-01
0.57860 1.89458293e-01
0.58061 1.88717013e-01
0.58262 1.87979093e-01
0.58463 1.87244640e-01
0.58666 1.86513547e-01
0.58869 1.85785813e-01
0.59073 1.85061387e-01
0.59277 1.84340267e-01
0.59482 1.83622400e-01
0.59688 1.82907787e-01
0.59895 1.82196373e-01
0.60102 1.81488160e-01
0.60310 1.80783093e-01
0.60519 1.80081173e-01
0.60728 1.79382347e-01
0.60939 1.78686667e-01
0.61150 1.77993973e-01
0.61361 1.77304373e-01
0.61574 1.76617760e-01
0.61787 1.75934133e-01
0.62001 1.75253493e-01
0.62215 1.74575840e-01
0.62431 1.73901067e-01
0.62647 1.73229173e-01
0.62864 1.72560160e-01
0.63081 1.71894080e-01
0.63300 1.71230773e-01
0.63519 1.70570293e-01
0.63739 1.69912587e-01
0.63959 1.69257707e-01
0.64181 1.68605547e-01
0.64403 1.67956160e-01
0.64626 1.67309493e-01
0.64849 1.66665493e-01
0.65074 1.66024160e-01
0.65299 1.65385547e-01
0.65525 1.64749547e-01
0.65752 1.64116160e-01
0.65980 1.63485387e-01
0.66208 1.62857227e-01
0.66437 1.62231627e-01
0.66667 1.61608587e-01
0.66898 1.60988107e-01
0.67130 1.60370133e-01
0.67362 1.59754667e-01
0.67595 1.59141707e-01
0.67829 1.58531200e-01
0.68064 1.57923200e-01
0.68299 1.57317600e-01
0.68536 1.56714507e-01
0.68773 1.56113760e-01
0.69011 1.55515467e-01
0.69250 1.54919520e-01
0.69490 1.54326027e-01
0.69730 1.53734827e-01
0.69972 1.53146027e-01
0.70214 1.52559520e-01
0.70457 1.51975360e-01
0.70701 1.51393547e-01
0.70946 1.50813973e-01
0.71191 1.50236747e-01
0.71438 1.49661760e-01
0.71685 1.49089067e-01
0.71933 1.48518613e-01
0.72182 1.47950400e-01
0.72432 1.47384427e-01
0.72683 1.46820640e-01
0.72934 1.46259093e-01
0.73187 1.45699733e-01
0.73440 1.45142560e-01
0.73694 1.44587573e-01
0.73949 1.44034720e-01
0.74205 1.43484053e-01
0.74462 1.42935520e-01
0.74720 1.42389173e-01
0.74979 1.41844907e-01
0.75238 1.41302720e-01
0.75499 1.40762720e-01
0.75760 1.40224747e-01
0.76022 1.39688907e-01
0.76285 1.39155147e-01
0.76549 1.38623413e-01
0.76814 1.38093813e-01
0.77080 1.37566187e-01
0.77347 1.37040640e-01
0.77615 1.36517173e-01
0.77884 1.35995680e-01
0.78153 1.35476213e-01
0.78424 1.34958773e-01
0.78695 1.34443307e-01
0.78968 1.33929867e-01
0.79241 1.33418347e-01
0.79515 1.32908853e-01
0.79790 1.32401333e-01
0.80067 1.31895787e-01
0.80344 1.31392213e-01
0.80622 1.30890560e-01
0.80901 1.30390827e-01
0.81181 1.29893013e-01
0.81462 1.29397173e-01
0.81744 1.28903253e-01
0.82027 1.28411200e-01
0.82311 1.27921067e-01
0.82596 1.27432853e-01
0.82882 1.26946507e-01
0.83169 1.26462027e-01
0.83457 1.25979467e-01
0.83745 1.25498720e-01
0.84035 1.25019893e-01
0.84326 1.24542880e-01
0.84618 1.24067733e-01
0.84911 1.23594453e-01
0.85205 1.23122933e-01
0.85500 1.22653333e-01
0.85796 1.22185493e-01
0.86093 1.21719467e-01
0.86391 1.21255307e-01
0.86690 1.20792907e-01
0.86990 1.20332267e-01
0.87291 1.19873493e-01
0.87593 1.19416427e-01
0.87897 1.18961173e-01
0.88201 1.18507733e-01
0.88506 1.18056000e-01
0.88813 1.17606027e-01
0.89120 1.17157867e-01
0.89428 1.16711413e-01
0.89738 1.16266667e-01
0.90049 1.15823680e-01
0.90360 1.15382453e-01
0.90673 1.14942933e-01
0.90987 1.14505120e-01
0.91302 1.14069013e-01
0.91618 1.13634613e-01
0.91935 1.13201920e-01
0.92253 1.12770880e-01
0.92573 1.12341600e-01
0.92893 1.11913920e-01
0.93215 1.11488000e-01
0.93537 1.11063680e-01
0.93861 1.10641067e-01
0.94186 1.10220053e-01
0.94512 1.09800747e-01
0.94839 1.09383093e-01
0.95168 1.08967040e-01
0.95497 1.08552640e-01
0.95828 1.08139893e-01
0.96159 1.07728747e-01
0.96492 1.07319200e-01
0.96826 1.06911307e-01
0.97161 1.06504960e-01
0.97498 1.06100267e-01
0.97835 1.05697173e-01
0.98174 1.05295627e-01
0.98514 1.04895680e-01
0.98855 1.04497333e-01
0.99197 1.04100533e-01
0.99540 1.03705333e-01
0.99885 1.03311680e-01
1.00231 1.02919573e-01
1.00578 1.02529013e-01
1.00926 1.02140000e-01
1.01275 1.01752533e-01
1.01626 1.01366613e-01
1.01978 1.00982187e-01
1.02330 1.00599307e-01
1.02685 1.00217920e-01
1.03040 9.98380800e-02
1.03397 9.94597333e-02
1.03755 9.90828800e-02
1.04114 9.87075733e-02
1.04474 9.83337067e-02
1.04836 9.79613333e-02
1.05199 9.75904533e-02
1.05563 9.72210133e-02
1.05928 9.68530667e-02
1.06295 9.64866133e-02
1.06663 9.61215467e-02
1.07032 9.57579733e-02
1.07403 9.53958933e-02
1.07775 9.50352000e-02
1.08148 9.46759467e-02
1.08522 9.43181333e-02
1.08898 9.39617600e-02
1.09275 9.36067733e-02
1.09653 9.32532267e-02
1.10032 9.29010667e-02
1.10413 9.25503467e-02
1.10796 9.22010133e-02
1.11179 9.18530667e-02
1.11564 9.15065067e-02
1.11950 9.11613333e-02
1.12338 9.08175467e-02
1.12726 9.04751467e-02
1.13117 9.01340800e-02
1.13508 8.97944000e-02
1.13901 8.94560533e-02
1.14295 8.91190933e-02
1.14691 8.87834667e-02
1.15088 8.84491733e-02
1.15487 8.81162133e-02
1.15886 8.77845867e-02
1.16287 8.74542933e-02
1.16690 8.71253333e-02
1.17094 8.67977067e-02
1.17499 8.64713600e-02
1.17906 8.61462933e-02
1.18314 8.58225600e-02
1.18724 8.55001600e-02
1.19135 8.51789867e-02
1.19547 8.48591467e-02
1.19961 8.45405867e-02
1.20376 8.42232533e-02
1.20793 8.39072533e-02
1.21211 8.35924800e-02
1.21630 8.32789333e-02
1.22052 8.29667200e-02
1.22474 8.26556800e-02
1.22898 8.23459733e-02
1.23323 8.20374400e-02
1.23750 8.17301867e-02
1.24179 8.14241067e-02
1.24609 8.11193067e-02
1.25040 8.08156800e-02
1.25473 8.05133333e-02
1.25907 8.02121600e-02
1.26343 7.99121600e-02
1.26780 7.96133867e-02
1.27219 7.93158400e-02
1.27659 7.90194667e-02
1.28101 7.87242667e-02
1.28545 7.84302933e-02
1.28990 7.81374400e-02
1.29436 7.78458133e-02
1.29884 7.75553067e-02
1.30334 7.72659733e-02
1.30785 7.69778133e-02
1.31238 7.66907733e-02
1.31692 7.64049067e-02
1.32148 7.61202133e-02
1.32605 7.58366400e-02
1.33064 7.55541867e-02
1.33525 7.52728533e-02
1.33987 7.49926400e-02
1.34451 7.47136000e-02
1.34916 7.44356267e-02
1.35383 7.41587733e-02
1.35852 7.38830400e-02
1.36322 7.36084267e-02
1.36794 7.33348800e-02
1.37268 7.30624533e-02
1.37743 7.27910933e-02
1.38220 7.25208000e-02
1.38698 7.22516267e-02
1.39178 7.19834667e-02
1.39660 7.17164267e-02
1.40144 7.14504533e-02
1.40629 7.11855467e-02
1.41115 7.09216533e-02
1.41604 7.06588267e-02
1.42094 7.03970667e-02
1.42586 7.01363733e-02
1.43080 6.98766933e-02
1.43575 6.96180267e-02
1.44072 6.93604267e-02
1.44571 6.91038400e-02
1.45071 6.88482667e-02
1.45573 6.85937067e-02
1.46077 6.83401600e-02
1.46583 6.80876267e-02
1.47090 6.78361067e-02
1.47599 6.75856000e-02
1.48110 6.73360533e-02
1.48623 6.70875200e-02
1.49137 6.68399467e-02
1.49654 6.65933867e-02
1.50172 6.63477867e-02
1.50692 6.61032000e-02
1.51213 6.58595733e-02
1.51737 6.56169067e-02
1.52262 6.53751467e-02
1.52789 6.51344000e-02
1.53318 6.48946133e-02
1.53849 6.46557867e-02
1.54381 6.44178667e-02
1.54916 6.41809067e-02
1.55452 6.39448533e-02
1.55990 6.37098133e-02
1.56530 6.34756267e-02
1.57072 6.32424000e-02
1.57615 6.30100800e-02
1.58161 6.27787200e-02
1.58709 6.25482133e-02
1.59258 6.23186667e-02
1.59809 6.20899733e-02
1.60362 6.18622400e-02
1.60918 6.16353600e-02
1.61475 6.14093867e-02
1.62034 6.11843200e-02
1.62594 6.09601600e-02
1.63157 6.07368533e-02
1.63722 6.05144000e-02
1.64289 6.02928533e-02
1.64857 6.00722133e-02
1.65428 5.98523733e-02
1.66001 5.96334400e-02
1.66575 5.94153600e-02
1.67152 5.91981333e-02
1.67731 5.89817600e-02
1.68311 5.87662400e-02
1.68894 5.85515733e-02
1.69478 5.83377067e-02
1.70065 5.81247467e-02
1.70654 5.79125867e-02
1.71245 5.77012267e-02
1.71837 5.74907200e-02
1.72432 5.72810667e-02
1.73029 5.70722133e-02
1.73628 5.68641600e-02
1.74229 5.66569067e-02
1.74832 5.64505067e-02
1.75437 5.62449067e-02
1.76045 5.60401067e-02
1.76654 5.58361067e-02
1.77266 5.56329067e-02
1.77879 5.54304533e-02
1.78495 5.52288533e-02
1.79113 5.50280000e-02
1.79733 5.48279467e-02
1.80355 5.46286400e-02
1.80979 5.44301333e-02
1.81606 5.42324267e-02
1.82234 5.40354667e-02
1.82865 5.38392533e-02
1.83498 5.36438400e-02
1.84133 5.34491733e-02
1.84771 5.32552427e-02
1.85410 5.30620800e-02
1.86052 5.28696640e-02
1.86696 5.26779947e-02
1.87342 5.24870720e-02
1.87991 5.22968853e-02
1.88642 5.21074347e-02
1.89295 5.19187200e-02
1.89950 5.17307360e-02
1.90607 5.15434773e-02
1.91267 5.13569440e-02
1.91929 5.11711307e-02
1.92594 5.09860373e-02
1.93260 5.08016587e-02
1.93929 5.06179893e-02
1.94601 5.04350293e-02
1.95274 5.02527787e-02
1.95950 5.00712267e-02
1.96629 4.98903787e-02
1.97309 4.97102240e-02
1.97992 4.95307627e-02
1.98678 4.93519947e-02
1.99365 4.91739093e-02
2.00055 4.89965120e-02
2.00748 4.88197973e-02
2.01443 4.86437600e-02
2.02140 4.84684000e-02
2.02840 4.82937173e-02
2.03542 4.81196960e-02
2.04247 4.79463467e-02
2.04954 4.77736640e-02
2.05663 4.76016427e-02
2.06375 4.74302773e-02
2.07090 4.72595680e-02
2.07806 4.70895147e-02
2.08526 4.69201120e-02
2.09247 4.67513547e-02
2.09972 4.65832427e-02
2.10699 4.64157760e-02
2.11428 4.62489440e-02
2.12160 4.60827520e-02
2.12894 4.59171947e-02
2.13631 4.57522667e-02
2.14371 4.55879680e-02
2.15113 4.54242987e-02
2.15857 4.52612480e-02
2.16605 4.50988213e-02
2.17354 4.49370080e-02
2.18107 4.47758187e-02
2.18862 4.46152320e-02
2.19619 4.44552640e-02
2.20380 4.42958987e-02
2.21143 4.41371413e-02
2.21908 4.39789867e-02
2.22676 4.38214293e-02
2.23447 4.36644747e-02
2.24220 4.35081067e-02
2.24997 4.33523360e-02
2.25775 4.31971573e-02
2.26557 4.30425653e-02
2.27341 4.28885547e-02
2.28128 4.27351307e-02
2.28918 4.25822880e-02
2.29710 4.24300160e-02
2.30505 4.22783253e-02
2.31303 4.21272053e-02
2.32104 4.19766560e-02
2.32908 4.18266773e-02
2.33714 4.16772587e-02
2.34523 4.15284107e-02
2.35335 4.13801173e-02
2.36149 4.12323840e-02
2.36967 4.10852107e-02
2.37787 4.09385867e-02
2.38610 4.07925173e-02
2.39436 4.06469920e-02
2.40265 4.05020213e-02
2.41097 4.03575893e-02
2.41931 4.02137013e-02
2.42769 4.00703573e-02
2.43609 3.99275467e-02
2.44452 3.97852747e-02
2.45298 3.96435360e-02
2.46148 3.95023253e-02
2.47000 3.93616480e-02
2.47855 3.92214933e-02
2.48713 3.90818667e-02
2.49574 3.89427573e-02
2.50438 3.88041760e-02
2.51304 3.86661067e-02
2.52174 3.85285547e-02
2.53047 3.83915200e-02
2.53923 3.82549973e-02
2.54802 3.81189813e-02
2.55684 3.79834720e-02
2.56569 3.78484693e-02
2.57457 3.77139733e-02
2.58349 3.75799733e-02
2.59243 3.74464747e-02
2.60140 3.73134720e-02
2.61041 3.71809707e-02
2.61944 3.70489547e-02
2.62851 3.69174347e-02
2.63761 3.67864000e-02
2.64674 3.66558560e-02
2.65590 3.65257973e-02
2.66510 3.63962187e-02
2.67432 3.62671200e-02
2.68358 3.61385067e-02
2.69287 3.60103627e-02
2.70219 3.58826987e-02
2.71154 3.57555093e-02
2.72093 3.56287893e-02
2.73035 3.55025387e-02
2.73980 3.53767573e-02
2.74928 3.52514400e-02
2.75880 3.51265867e-02
2.76835 3.50021920e-02
2.77793 3.48782613e-02
2.78755 3.47547893e-02
2.79720 3.46317707e-02
2.80688 3.45092053e-02
2.81660 3.43870987e-02
2.82635 3.42654400e-02
2.83613 3.41442293e-02
2.84595 3.40234613e-02
2.85580 3.39031467e-02
2.86569 3.37832693e-02
2.87561 3.36638347e-02
2.88556 3.35448427e-02
2.89555 3.34262880e-02
2.90557 3.33081707e-02
2.91563 3.31904853e-02
2.92572 3.30732320e-02
2.93585 3.29564107e-02
2.94601 3.28400213e-02
2.95621 3.27240587e-02
2.96644 3.26085173e-02
2.97671 3.24934080e-02
2.98702 3.23787147e-02
2.99736 3.22644480e-02
3.00773 3.21505920e-02
3.01814 3.20371627e-02
3.02859 3.19241440e-02
3.03907 3.18115413e-02
3.04960 3.16993493e-02
3.06015 3.15875680e-02
3.07074 3.14761973e-02
3.08137 3.13652320e-02
3.09204 3.12546773e-02
3.10274 3.11445227e-02
3.11348 3.10347733e-02
3.12426 3.09254240e-02
3.13508 3.08164747e-02
3.14593 3.07079200e-02
3.15682 3.05997653e-02
3.16775 3.04920053e-02
3.17871 3.03846400e-02
3.18972 3.02776640e-02
3.20076 3.01710773e-02
3.21184 3.00648800e-02
3.22295 2.99590667e-02
3.23411 2.98536427e-02
3.24531 2.97486027e-02
3.25654 2.96439413e-02
3.26781 2.95396640e-02
3.27912 2.94357653e-02
3.29047 2.93322453e-02
3.30187 2.92291040e-02
3.31330 2.91263360e-02
3.32476 2.90239413e-02
3.33627 2.89219147e-02
3.34782 2.88202613e-02
3.35941 2.87189813e-02
3.37104 2.86180640e-02
3.38271 2.85175147e-02
3.39442 2.84173280e-02
3.40617 2.83175093e-02
3.41796 2.82180480e-02
3.42979 2.81189493e-02
3.44166 2.80202080e-02
3.45358 2.79218240e-02
3.46553 2.78238027e-02
3.47753 2.77261280e-02
3.48957 2.76288107e-02
3.50164 2.75318453e-02
3.51377 2.74352320e-02
3.52593 2.73389653e-02
3.53814 2.72430507e-02
3.55038 2.71474773e-02
3.56267 2.70522560e-02
3.57500 2.69573707e-02
3.58738 2.68628320e-02
3.59980 2.67686347e-02
3.61226 2.66747787e-02
3.62476 2.65812640e-02
3.63731 2.64880800e-02
3.64990 2.63952373e-02
3.66254 2.63027253e-02
3.67521 2.62105493e-02
3.68794 2.61187040e-02
3.70070 2.60271893e-02
3.71351 2.59360053e-02
3.72637 2.58451520e-02
3.73927 2.57546240e-02
3.75221 2.56644213e-02
3.76520 2.55745440e-02
3.77823 2.54849920e-02
3.79131 2.53957547e-02
3.80443 2.53068480e-02
3.81760 2.52182560e-02
3.83082 2.51299787e-02
3.84408 2.50420213e-02
3.85739 2.49543840e-02
3.87074 2.48670560e-02
3.88414 2.47800480e-02
3.89758 2.46933440e-02
3.91107 2.46069600e-02
3.92461 2.45208800e-02
3.93820 2.44351093e-02
3.95183 2.43496480e-02
3.96551 2.42644907e-02
3.97924 2.41796427e-02
3.99301 2.40950933e-02
4.00683 2.40108533e-02
4.02070 2.39269067e-02
4.03462 2.38432693e-02
4.04859 2.37599253e-02
4.06260 2.36768853e-02
4.07667 2.35941387e-02
4.09078 2.35116853e-02
4.10494 2.34295307e-02
4.11915 2.33476693e-02
4.13341 2.32661013e-02
4.14771 2.31848267e-02
4.16207 2.31038400e-02
4.17648 2.30231413e-02
4.19094 2.29427360e-02
4.20545 2.28626133e-02
4.22000 2.27827787e-02
4.23461 2.27032267e-02
4.24927 2.26239627e-02
4.26398 2.25449760e-02
4.27874 2.24662773e-02
4.29355 2.23878560e-02
4.30841 2.23097120e-02
4.32332 2.22318507e-02
4.33829 2.21542667e-02
4.35331 2.20769600e-02
4.36838 2.19999253e-02
4.38350 2.19231680e-02
4.39867 2.18466827e-02
4.41390 2.17704693e-02
4.42918 2.16945280e-02
4.44451 2.16188587e-02
4.45990 2.15434560e-02
4.47533 2.14683200e-02
4.49083 2.13934560e-02
4.50637 2.13188587e-02
4.52197 2.12445227e-02
4.53762 2.11704533e-02
4.55333 2.10966453e-02
4.56909 2.10231040e-02
4.58491 2.09498187e-02
4.60078 2.08768000e-02
4.61670 2.08040373e-02
4.63269 2.07315307e-02
4.64872 2.06592853e-02
4.66481 2.05872960e-02
4.68096 2.05155573e-02
4.69717 2.04440800e-02
4.71343 2.03728533e-02
4.72974 2.03018773e-02
4.74611 2.02311573e-02
4.76254 2.01606880e-02
4.77903 2.00904640e-02
4.79557 2.00204960e-02
4.81217 1.99507680e-02
4.82883 1.98812960e-02
4.84555 1.98120640e-02
4.86232 1.97430773e-02
4.87915 1.96743360e-02
4.89604 1.96058400e-02
4.91299 1.95375840e-02
4.92999 1.94695733e-02
4.94706 1.94017973e-02
4.96418 1.93342667e-02
4.98137 1.92669760e-02
4.99861 1.91999200e-02
5.01591 1.91330987e-02
5.03328 1.90665173e-02
5.05070 1.90001707e-02
5.06818 1.89340640e-02
5.08573 1.88681813e-02
5.10333 1.88025387e-02
5.12100 1.87371253e-02
5.13873 1.86719467e-02
5.15651 1.86069920e-02
5.17436 1.85422720e-02
5.19228 1.84777813e-02
5.21025 1.84135147e-02
5.22828 1.83494773e-02
5.24638 1.82856640e-02
5.26454 1.82220747e-02
5.28277 1.81587147e-02
5.30105 1.80955733e-02
5.31940 1.80326613e-02
5.33782 1.79699627e-02
5.35629 1.79074933e-02
5.37484 1.78452427e-02
5.39344 1.77832053e-02
5.41211 1.77213920e-02
5.43084 1.76597973e-02
5.44965 1.75984160e-02
5.46851 1.75372533e-02
5.48744 1.74763093e-02
5.50643 1.74155787e-02
5.52550 1.73550560e-02
5.54462 1.72947520e-02
5.56381 1.72346613e-02
5.58308 1.71747787e-02
5.60240 1.71151093e-02
5.62179 1.70556480e-02
5.64125 1.69964000e-02
5.66078 1.69373547e-02
5.68038 1.68785227e-02
5.70004 1.68198933e-02
5.71977 1.67614773e-02
5.73957 1.67032587e-02
5.75944 1.66452480e-02
5.77938 1.65874453e-02
5.79938 1.65298400e-02
5.81946 1.64724373e-02
5.83960 1.64152427e-02
5.85982 1.63582453e-02
5.88010 1.63014453e-02
5.90045 1.62448480e-02
5.92088 1.61884480e-02
5.94137 1.61322507e-02
5.96194 1.60762453e-02
5.98258 1.60204373e-02
6.00329 1.59648320e-02
6.02407 1.59094133e-02
6.04492 1.58541920e-02
6.06585 1.57991680e-02
6.08684 1.57443360e-02
6.10791 1.56896960e-02
6.12906 1.56352427e-02
6.15027 1.55809867e-02
6.17156 1.55269173e-02
6.19293 1.54730400e-02
6.21436 1.54193547e-02
6.23588 1.53658560e-02
6.25746 1.53125387e-02
6.27912 1.52594133e-02
6.30086 1.52064747e-02
6.32267 1.51537227e-02
6.34455 1.51011520e-02
6.36652 1.50487680e-02
6.38856 1.49965707e-02
6.41067 1.49445493e-02
6.43286 1.48927147e-02
6.45513 1.48410613e-02
6.47747 1.47895893e-02
6.49990 1.47382987e-02
6.52240 1.46871840e-02
6.54497 1.46362507e-02
6.56763 1.45854987e-02
6.59037 1.45349173e-02
6.61318 1.44845173e-02
6.63607 1.44342987e-02
6.65904 1.43842507e-02
6.68209 1.43343733e-02
6.70522 1.42846773e-02
6.72843 1.42351520e-02
6.75172 1.41858027e-02
6.77510 1.41366240e-02
6.79855 1.40876213e-02
6.82208 1.40387840e-02
6.84570 1.39901227e-02
6.86939 1.39416267e-02
6.89317 1.38933067e-02
6.91704 1.38451520e-02
6.94098 1.37971627e-02
6.96500 1.37493440e-02
6.98911 1.37016960e-02
7.01331 1.36542080e-02
7.03759 1.36068907e-02
7.06195 1.35597387e-02
7.08639 1.35127520e-02
7.11092 1.34659253e-02
7.13554 1.34192693e-02
7.16024 1.33727680e-02
7.18502 1.33264373e-02
7.20990 1.32802613e-02
7.23485 1.32342507e-02
7.25990 1.31884000e-02
7.28503 1.31427093e-02
7.31025 1.30971787e-02
7.33555 1.30518080e-02
7.36094 1.30065920e-02
7.38642 1.29615360e-02
7.41199 1.29166400e-02
7.43765 1.28718987e-02
7.46340 1.28273120e-02
7.48923 1.27828853e-02
7.51516 1.27386080e-02
7.54117 1.26944907e-02
7.56727 1.26505227e-02
7.59347 1.26067093e-02
7.61975 1.25630507e-02
7.64613 1.25195413e-02
7.67260 1.24761867e-02
7.69916 1.24329867e-02
7.72581 1.23899307e-02
7.75255 1.23470293e-02
7.77939 1.23042720e-02
7.80632 1.22935467e-02
7.83334 1.23874773e-02
7.86046 1.24821067e-02
7.88767 1.25774400e-02
7.91497 1.26734827e-02
7.94237 1.27702453e-02
7.96986 1.28677227e-02
7.99745 1.29659307e-02
8.02513 1.31042080e-02
8.05291 1.32479893e-02
8.08079 1.33933280e-02
8.10876 1.35402347e-02
8.13683 1.36887413e-02
8.16500 1.38388480e-02
8.19326 1.39905867e-02
8.22162 1.41352853e-02
8.25008 1.42787093e-02
8.27864 1.44235627e-02
8.30730 1.45698560e-02
8.33605 1.47176000e-02
8.36491 1.48668160e-02
8.39386 1.50175147e-02
8.42292 1.51810507e-02
8.45208 1.53494080e-02
8.48133 1.55196000e-02
8.51069 1.56916373e-02
8.54016 1.58655413e-02
8.56972 1.60413387e-02
8.59938 1.62190453e-02
8.62915 1.64104320e-02
8.65902 1.66042827e-02
8.68899 1.68003787e-02
8.71907 1.69987413e-02
8.74925 1.71993973e-02
8.77954 1.74023733e-02
8.80993 1.76192000e-02
8.84043 1.78627093e-02
8.87103 1.81095253e-02
8.90174 1.83596853e-02
8.93255 1.86132320e-02
8.96347 1.88702187e-02
8.99450 1.91306880e-02
9.02563 1.93987787e-02
9.05688 1.96714293e-02
9.08823 1.99478133e-02
9.11969 2.02279893e-02
9.15126 2.05120053e-02
9.18294 2.07999147e-02
9.21472 2.11156693e-02
9.24662 2.14643307e-02
9.27863 2.18186240e-02
9.31075 2.21786400e-02
9.34298 2.25444747e-02
9.37532 2.29162187e-02
9.40777 2.33102827e-02
9.44034 2.37638613e-02
9.47302 2.42260640e-02
9.50581 2.46970613e-02
9.53871 2.51770080e-02
9.57173 2.56660693e-02
9.60487 2.61680960e-02
9.63811 2.67015147e-02
9.67148 2.72455307e-02
9.70495 2.78003413e-02
9.73855 2.83661493e-02
9.77226 2.89431680e-02
9.80609 2.95565440e-02
9.84003 3.02990933e-02
9.87409 3.10598133e-02
9.90827 3.18391253e-02
9.94257 3.26374507e-02
9.97699 3.34552053e-02
10.01153 3.43337280e-02
10.04618 3.53186187e-02
10.08096 3.63308053e-02
10.11585 3.73709760e-02
10.15087 3.84397920e-02
10.18601 3.95379520e-02
10.22127 4.07770133e-02
10.25665 4.21287573e-02
10.29215 4.35233973e-02
10.32778 4.49620853e-02
10.36353 4.64459840e-02
10.39941 4.79762613e-02
10.43540 4.96498507e-02
10.47153 5.13808053e-02
10.50777 5.31692000e-02
10.54415 5.50166933e-02
10.58065 5.69250667e-02
10.61727 5.87825600e-02
10.65403 6.05677867e-02
10.69091 6.24065067e-02
10.72791 6.43005333e-02
10.76505 6.62517867e-02
10.80231 6.82286933e-02
10.83971 6.97426133e-02
10.87723 7.12930133e-02
10.91488 7.28811200e-02
10.95266 7.45082133e-02
10.99058 7.61757867e-02
11.02862 7.74484267e-02
11.06680 7.85998933e-02
11.10511 7.97720533e-02
11.14355 8.09653867e-02
11.18212 8.21804267e-02
11.22083 8.32746667e-02
11.25967 8.42622933e-02
11.29865 8.52645333e-02
11.33776 8.62816533e-02
11.37701 8.73138133e-02
11.41639 8.81939200e-02
11.45591 8.88473067e-02
11.49556 8.95061333e-02
11.53536 9.01702933e-02
11.57529 9.08396800e-02
11.61536 9.13929067e-02
11.65556 9.17523733e-02
11.69591 9.21121600e-02
11.73640 9.24722667e-02
11.77702 9.28324800e-02
11.81779 9.31219200e-02
11.85870 9.33194133e-02
11.89975 9.35161600e-02
11.94094 9.37122133e-02
11.98227 9.39074133e-02
12.02375 9.40787733e-02
12.06537 9.42323200e-02
12.10714 9.43852267e-02
12.14905 9.45373867e-02
12.19110 9.46888533e-02
12.23330 9.48395200e-02
12.27565 9.49893867e-02
12.31814 9.51383467e-02
12.36078 9.52864533e-02
12.40357 9.54336533e-02
12.44651 9.55798400e-02
12.48959 9.57250133e-02
12.53283 9.58048533e-02
12.57621 9.58632000e-02
12.61974 9.59203733e-02
12.66343 9.59763200e-02
12.70726 9.60310933e-02
12.75125 9.60845867e-02
12.79539 9.61368000e-02
12.83968 9.61877333e-02
12.88413 9.62373333e-02
12.92873 9.62856000e-02
12.97348 9.63324267e-02
13.01839 9.63548800e-02
13.06345 9.63427733e-02
13.10867 9.63293333e-02
13.15405 9.63145600e-02
13.19959 9.62984533e-02
13.24528 9.62809600e-02
13.29113 9.62620267e-02
13.33713 9.62417600e-02
13.38330 9.62200000e-02
13.42963 9.61968533e-02
13.47612 9.61722133e-02
13.52277 9.61225067e-02
13.56958 9.60466133e-02
13.61655 9.59695467e-02
13.66368 9.58912533e-02
13.71098 9.58117333e-02
13.75844 9.57309333e-02
13.80607 9.56489067e-02
13.85386 9.55656000e-02
13.90182 9.54810133e-02
13.94994 9.53952000e-02
13.99823 9.53080533e-02
14.04668 9.52219733e-02
14.09531 9.51349867e-02
14.14410 9.50469333e-02
14.19306 9.49578667e-02
14.24219 9.48676800e-02
14.29149 9.47764800e-02
14.34096 9.46842133e-02
14.39060 9.45908267e-02
14.44042 9.44963733e-02
14.49041 9.44008533e-02
14.54057 9.43413333e-02
14.59090 9.42892800e-02
14.64141 9.42358933e-02
14.69209 9.41811733e-02
14.74295 9.41251200e-02
14.79398 9.40677333e-02
14.84519 9.40089600e-02
14.89658 9.39488000e-02
14.94814 9.38872533e-02
14.99989 9.38243200e-02
15.05181 9.37215467e-02
15.10392 9.36169067e-02
15.15620 9.35105067e-02
15.20866 9.34023467e-02
15.26131 9.32924267e-02
15.31414 9.31806933e-02
15.36715 9.30671467e-02
15.42034 9.29517867e-02
15.47372 9.28346667e-02
15.52729 9.26716800e-02
15.58103 9.24643733e-02
15.63497 9.22553067e-02
15.68909 9.20444267e-02
15.74340 9.18317867e-02
15.79790 9.16173333e-02
15.85258 9.14011200e-02
15.90746 9.11831467e-02
15.96252 9.09634133e-02
16.01778 9.07157867e-02
16.07323 9.04114133e-02
16.12886 9.01057600e-02
16.18470 8.97988267e-02
16.24072 8.94906667e-02
16.29694 8.91812267e-02
16.35335 8.88706133e-02
16.40996 8.85587200e-02
16.46677 8.82456533e-02
16.52377 8.79023467e-02
16.58097 8.75176533e-02
16.63836 8.71324800e-02
16.69596 8.67468267e-02
16.75375 8.63607467e-02
16.81175 8.59742933e-02
16.86994 8.55873600e-02
16.92834 8.52001067e-02
16.98694 8.48124267e-02
17.04574 8.43764800e-02
17.10474 8.39270400e-02
17.16395 8.34779200e-02
17.22337 8.30291200e-02
17.28299 8.25807467e-02
17.34281 8.21327467e-02
17.40285 8.16851733e-02
17.46309 8.12379733e-02
17.52354 8.07566400e-02
17.58420 8.02223467e-02
17.64507 7.96898667e-02
17.70615 7.91591467e-02
17.76744 7.86302933e-02
17.82894 7.81032000e-02
17.89066 7.75779200e-02
17.95259 7.70545067e-02
18.01473 7.65161600e-02
18.07709 7.59264000e-02
18.13967 7.53397867e-02
18.20246 7.47563200e-02
18.26547 7.41760000e-02
18.32870 7.35988267e-02
18.39214 7.30248000e-02
18.45581 7.24538667e-02
18.51969 7.18649600e-02
18.58380 7.12326933e-02
18.64813 7.06050667e-02
18.71268 6.99819733e-02
18.77746 6.93634133e-02
18.84246 6.87493333e-02
18.90768 6.81397867e-02
18.97313 6.75346667e-02
19.03881 6.69210133e-02
19.10472 6.63034667e-02
19.17085 6.56910400e-02
19.23721 6.50836267e-02
19.30380 6.44812800e-02
19.37062 6.38838933e-02
19.43768 6.32914667e-02
19.50496 6.27026667e-02
19.57248 6.21023467e-02
19.64023 6.15074667e-02
19.70822 6.09179200e-02
19.77644 6.03337067e-02
19.84490 5.97547200e-02
19.91359 5.91809600e-02
19.98252 5.86123733e-02
20.05169 5.80888533e-02
20.12110 5.75832533e-02
20.19076 5.70819200e-02
20.26065 5.65848533e-02
20.33078 5.60919467e-02
20.40116 5.56032533e-02
20.47178 5.51187200e-02
20.54264 5.46382933e-02
20.61375 5.41618667e-02
20.68511 5.36895467e-02
20.75671 5.32212000e-02
20.82856 5.27568267e-02
20.90066 5.22963840e-02
20.97301 5.18398453e-02
21.04561 5.14422987e-02
21.11846 5.10801920e-02
21.19157 5.07206080e-02
21.26492 5.03635200e-02
21.33853 5.00089227e-02
21.41240 4.96567840e-02
21.48652 4.93070987e-02
21.56090 4.89598453e-02
21.63553 4.86150080e-02
21.71043 4.82725707e-02
21.78558 4.79325173e-02
21.86099 4.75948320e-02
21.93666 4.72594987e-02
22.01260 4.69412587e-02
22.08880 4.66990667e-02
22.16526 4.64581227e-02
22.24199 4.62184107e-02
22.31898 4.59799360e-02
22.39624 4.57426827e-02
22.47377 4.55066507e-02
22.55156 4.52718347e-02
22.62962 4.50382240e-02
22.70796 4.48058133e-02
22.78656 4.45745973e-02
22.86544 4.43445707e-02
22.94459 4.41157280e-02
23.02402 4.39071147e-02
23.10372 4.37433333e-02
23.18369 4.35801600e-02
23.26394 4.34175840e-02
23.34447 4.32556107e-02
23.42528 4.30942293e-02
23.50637 4.29334453e-02
23.58774 4.27732533e-02
23.66939 4.26136480e-02
23.75133 4.24546293e-02
23.83354 4.22961973e-02
23.91604 4.21383520e-02
23.99883 4.19810880e-02
24.08191 4.18578453e-02
24.16527 4.17354027e-02
24.24892 4.16132693e-02
24.33286 4.14914507e-02
24.41709 4.13699467e-02
24.50161 4.12487520e-02
24.58642 4.11278720e-02
24.67153 4.10073013e-02
24.75693 4.08870400e-02
24.84263 4.07670880e-02
24.92863 4.06474453e-02
25.01492 4.05256160e-02
25.10151 4.03921227e-02
25.18840 4.02589493e-02
25.27559 4.01260907e-02
25.36309 3.99935467e-02
25.45088 3.98613173e-02
25.53898 3.97294027e-02
25.62739 3.95978027e-02
25.71610 3.94665173e-02
25.80512 3.93355467e-02
25.89444 3.92048853e-02
25.98408 3.90745387e-02
26.07403 3.89214453e-02
26.16428 3.87638347e-02
26.25485 3.86066880e-02
26.34574 3.84500053e-02
26.43694 3.82937867e-02
26.52845 3.81380320e-02
26.62028 3.79827413e-02
26.71243 3.78279093e-02
26.80489 3.76735413e-02
26.89768 3.75196320e-02
26.99079 3.73661867e-02
27.08422 3.71693547e-02
27.17798 3.69685867e-02
27.27205 3.67686933e-02
27.36646 3.65696800e-02
27.46119 3.63715360e-02
27.55625 3.61742667e-02
27.65164 3.59778667e-02
27.74736 3.57823307e-02
27.84341 3.55876587e-02
27.93979 3.53938507e-02
28.03650 3.51900693e-02
28.13355 3.49695093e-02
28.23094 3.47501493e-02
28.32867 3.45319893e-02
28.42673 3.43150240e-02
28.52513 3.40992480e-02
28.62387 3.38846507e-02
28.72295 3.36712320e-02
28.82238 3.34589813e-02
28.92215 3.32478987e-02
29.02227 3.30324747e-02
29.12273 3.27991573e-02
29.22354 3.25673547e-02
29.32470 3.23370507e-02
29.42621 3.21082347e-02
29.52807 3.18809067e-02
29.63029 3.16550560e-02
29.73286 3.14306667e-02
29.83578 3.12077333e-02
29.93906 3.09862560e-02
30.04269 3.07590667e-02
30.14669 3.05232960e-02
30.25104 3.02892480e-02
30.35576 3.00569013e-02
30.46084 2.98262453e-02
30.56628 2.95972747e-02
30.67209 2.93699680e-02
30.77826 2.91443200e-02
30.88481 2.89203147e-02
30.99172 2.86979467e-02
31.09900 2.84772000e-02
31.20665 2.82580640e-02
31.31467 2.80405280e-02
31.42307 2.78245813e-02
31.53184 2.76102080e-02
31.64099 2.73974027e-02
31.75052 2.71861547e-02
31.86043 2.69764533e-02
31.97072 2.67682827e-02
32.08139 2.65596213e-02
32.19244 2.63518133e-02
32.30388 2.61455840e-02
32.41570 2.59409173e-02
32.52791 2.57378080e-02
32.64051 2.55362453e-02
32.75349 2.53362080e-02
32.86687 2.51376960e-02
32.98064 2.49406880e-02
33.09481 2.47451840e-02
33.20937 2.45511627e-02
33.32433 2.43586187e-02
33.43968 2.41675413e-02
33.55544 2.39779147e-02
33.67159 2.37897333e-02
33.78815 2.36029867e-02
33.90511 2.34176640e-02
34.02247 2.32360320e-02
34.14024 2.30653653e-02
34.25842 2.28959307e-02
34.37701 2.27277173e-02
34.49601 2.25607093e-02
34.61542 2.23949120e-02
34.73525 2.22303040e-02
34.85549 2.20668853e-02
34.97614 2.19046400e-02
35.09721 2.17435680e-02
35.21871 2.15836587e-02
35.34062 2.14249013e-02
35.46295 2.12672853e-02
35.58571 2.11108107e-02
35.70889 2.09554667e-02
35.83250 2.08012427e-02
35.95654 2.06481280e-02
36.08101 2.05027147e-02
36.20590 2.03618240e-02
36.33123 2.02218933e-02
36.45700 2.00829067e-02
36.58320 1.99448587e-02
36.70983 1.98077493e-02
36.83691 1.96715680e-02
36.96442 1.95363093e-02
37.09238 1.94019680e-02
37.22077 1.92685387e-02
37.34962 1.91360107e-02
37.47890 1.90043840e-02
37.60864 1.88736480e-02
37.73883 1.87437973e-02
37.86946 1.86148320e-02
38.00055 1.84867893e-02
38.13209 1.83707520e-02
38.26409 1.82554400e-02
38.39654 1.81408373e-02
38.52946 1.80269547e-02
38.66283 1.79137707e-02
38.79667 1.78012960e-02
38.93096 1.76895200e-02
39.06573 1.75784373e-02
39.20096 1.74680427e-02
39.33665 1.73583360e-02
39.47282 1.72493120e-02
39.60946 1.71409653e-02
39.74657 1.70332907e-02
39.88416 1.69262880e-02
40.02222 1.68223200e-02
40.16076 1.67313013e-02
40.29978 1.66407733e-02
40.43928 1.65507307e-02
40.57926 1.64611733e-02
40.71973 1.63720960e-02
40.86069 1.62834987e-02
41.00213 1.61953760e-02
41.14406 1.61077280e-02
41.28648 1.60205547e-02
41.42940 1.59338453e-02
41.57281 1.58476053e-02
41.71672 1.57618293e-02
41.86113 1.56765173e-02
42.00603 1.55916587e-02
42.15144 1.55072587e-02
42.29735 1.54233120e-02
42.44377 1.53398187e-02
42.59069 1.52567787e-02
42.73812 1.51741813e-02
42.88606 1.50920267e-02
43.03451 1.50103147e-02
43.18348 1.49290453e-02
43.33297 1.48482080e-02
43.48297 1.47678133e-02
43.63349 1.46878453e-02
43.78453 1.46083093e-02
43.93609 1.45292053e-02
44.08818 1.44505227e-02
44.24079 1.43722667e-02
44.39394 1.42944267e-02
44.54761 1.42170133e-02
44.70182 1.41400107e-02
44.85655 1.40634240e-02
45.01183 1.39881227e-02
45.16764 1.39237173e-02
45.32399 1.38596107e-02
45.48089 1.37957973e-02
45.63832 1.37322773e-02
45.79630 1.36690507e-02
45.95483 1.36061120e-02
46.11391 1.35434613e-02
46.27353 1.34811040e-02
46.43371 1.34190240e-02
46.59445 1.33572373e-02
46.75574 1.32957280e-02
46.91759 1.32345067e-02
47.08000 1.31735627e-02
47.24297 1.31129013e-02
47.40650 1.30525120e-02
47.57060 1.29924053e-02
47.73527 1.29325760e-02
47.90051 1.28730187e-02
48.06633 1.28137333e-02
48.23271 1.27547253e-02
48.39967 1.26959840e-02
48.56721 1.26375093e-02
48.73533 1.25793120e-02
48.90403 1.25213760e-02
49.07332 1.24637067e-02
49.24319 1.24062987e-02
49.41365 1.23491627e-02
49.58470 1.22922827e-02
49.75634 1.22356640e-02
49.92858 1.21793067e-02
50.10141 1.21279467e-02
50.27484 1.20801333e-02
50.44887 1.20325067e-02
50.62350 1.19850667e-02
50.79874 1.19378133e-02
50.97458 1.18907467e-02
51.15104 1.18438613e-02
51.32810 1.17971627e-02
51.50578 1.17506453e-02
51.68407 1.17043093e-02
51.86298 1.16581600e-02
52.04250 1.16121867e-02
52.22265 1.15663947e-02
52.40343 1.15207787e-02
52.58482 1.14753493e-02
52.76685 1.14300907e-02
52.94951 1.13850133e-02
53.13280 1.13401120e-02
53.31672 1.12953867e-02
53.50128 1.12508373e-02
53.68648 1.12064587e-02
53.87232 1.11622560e-02
54.05880 1.11182293e-02
54.24593 1.10743733e-02
54.43371 1.10306880e-02
54.62214 1.09871787e-02
54.81122 1.09438347e-02
55.00095 1.09006613e-02
55.19134 1.08576587e-02
55.38239 1.08148267e-02
55.57410 1.07721600e-02
55.76647 1.07296640e-02
55.95951 1.06873280e-02
56.15322 1.06451627e-02
56.34760 1.06031627e-02
56.54265 1.05613280e-02
56.73838 1.05196533e-02
56.93479 1.04781440e-02
57.13187 1.04368000e-02
57.32964 1.03956160e-02
57.52809 1.03545920e-02
57.72723 1.03137333e-02
57.92705 1.02730293e-02
58.12757 1.02324907e-02
58.32879 1.01921067e-02
58.53070 1.01518827e-02
58.73331 1.01118133e-02
58.93662 1.00719040e-02
59.14063 1.00321547e-02
59.34535 9.99255467e-03
59.55078 9.95311467e-03
59.75692 9.91382933e-03
59.96377 9.87469333e-03
60.17134 9.83883200e-03
60.37963 9.80376000e-03
60.58864 9.76880533e-03
60.79837 9.73397867e-03
61.00883 9.69926933e-03
61.22002 9.66468267e-03
61.43194 9.63021333e-03
61.64459 9.59587200e-03
61.85797 9.56164800e-03
62.07210 9.52754133e-03
62.28697 9.49355733e-03
62.50258 9.45969067e-03
62.71894 9.42594133e-03
62.93605 9.39230933e-03
63.15390 9.35880000e-03
63.37252 9.32540800e-03
63.59189 9.29212800e-03
63.81201 9.25896533e-03
64.03290 9.22592533e-03
64.25456 9.19299200e-03
64.47698 9.16018133e-03
64.70017 9.12748267e-03
64.92414 9.09490133e-03
65.14888 9.06243200e-03
65.37440 9.03007467e-03
65.60070 8.99782933e-03
65.82778 8.96570133e-03
66.05565 8.93368533e-03
66.28430 8.90178133e-03
66.51375 8.86998933e-03
66.74400 8.83830933e-03
66.97504 8.80674133e-03
67.20688 8.77528000e-03
67.43952 8.74393067e-03
67.67297 8.71269333e-03
67.90722 8.68156267e-03
68.14229 8.65054400e-03
68.37817 8.61963200e-03
68.61486 8.58882667e-03
68.85238 8.55813333e-03
69.09072 8.52754667e-03
69.32988 8.49706667e-03
69.56987 8.46669333e-03
69.81069 8.43643200e-03
70.05235 8.40627200e-03
70.29484 8.37622933e-03
70.53817 8.34629333e-03
70.78235 8.31645333e-03
71.02737 8.28672533e-03
71.27323 8.25709867e-03
71.51995 8.22756800e-03
71.76752 8.19814933e-03
72.01595 8.16882667e-03
72.26524 8.13960533e-03
72.51539 8.11049067e-03
72.76641 8.08147200e-03
73.01830 8.05256000e-03
73.27106 8.02374400e-03
73.52469 7.99502933e-03
73.77920 7.96641067e-03
74.03460 7.93789333e-03
74.29087 7.90947733e-03
74.54804 7.88116267e-03
74.80609 7.85293867e-03
75.06504 7.82482133e-03
75.32488 7.79679467e-03
75.58563 7.76886933e-03
75.84727 7.74104000e-03
76.10982 7.71330667e-03
76.37328 7.68566933e-03
76.63766 7.65812800e-03
76.90295 7.63068800e-03
77.16915 7.60333867e-03
77.43628 7.57608533e-03
77.70433 7.54892267e-03
77.97331 7.52186133e-03
78.24322 7.49489067e-03
78.51407 7.46801067e-03
78.78585 7.44123200e-03
79.05857 7.41453867e-03
79.33224 7.38794667e-03
79.60686 7.36144000e-03
79.88242 7.33502933e-03
80.15894 7.30816533e-03
80.43642 7.28100267e-03
80.71486 7.25393600e-03
80.99426 7.22696533e-03
81.27463 7.20009067e-03
81.55596 7.17331200e-03
81.83828 7.14662933e-03
82.12157 7.12004800e-03
82.40584 7.09355733e-03
82.69109 7.06715733e-03
82.97733 7.04085867e-03
83.26457 7.01465067e-03
83.55279 6.98853867e-03
83.84202 6.96252267e-03
84.13225 6.93659733e-03
84.42348 6.91076267e-03
84.71572 6.88502400e-03
85.00897 6.85938133e-03
85.30323 6.83382400e-03
85.59852 6.80836267e-03
85.89482 6.78299200e-03
86.19215 6.75771200e-03
86.49052 6.73252267e-03
86.78991 6.70742400e-03
87.09034 6.68241067e-03
87.39181 6.65749333e-03
87.69432 6.63266667e-03
87.99789 6.60792533e-03
88.30250 6.58327467e-03
88.60816 6.55871467e-03
88.91489 6.53424000e-03
89.22267 6.50985600e-03
89.53153 6.48555733e-03
89.84145 6.46134400e-03
90.15244 6.43684267e-03
90.46451 6.41203200e-03
90.77766 6.38731733e-03
91.09190 6.36269333e-03
91.40722 6.33816000e-03
91.72363 6.31371733e-03
92.04114 6.28936533e-03
92.35975 6.26510400e-03
92.67946 6.24092800e-03
93.00028 6.21684800e-03
93.32221 6.19285333e-03
93.64525 6.16894933e-03
93.96941 6.14513600e-03
94.29469 6.12140800e-03
94.62110 6.09776533e-03
94.94864 6.07421333e-03
95.27731 6.05075200e-03
95.60712 6.02737600e-03
95.93807 6.00408533e-03
96.27017 5.98088000e-03
96.60342 5.95776000e-03
96.93782 5.93473067e-03
97.27338 5.91178133e-03
97.61010 5.88892267e-03
97.94798 5.86614400e-03
98.28704 5.84345600e-03
98.62727 5.82084800e-03
98.96867 5.79832533e-03
99.31126 5.77588267e-03
99.65504 5.75353067e-03
100.00000 5.73125867e-03
