        1000  2.000000 2.910000
1.00000 4.94790016e-01
1.00462 4.97541634e-01
1.00926 5.00104607e-01
1.01392 5.00111591e-01
1.01861 4.96976241e-01
1.02332 4.94059645e-01
1.02805 4.93599089e-01
1.03279 4.93667222e-01
1.03757 4.94811356e-01
1.04236 4.96018191e-01
1.04718 4.95026075e-01
1.05201 4.91236479e-01
1.05688 4.87365403e-01
1.06176 4.87583226e-01
1.06666 4.91121166e-01
1.07159 4.93316237e-01
1.07655 4.89803362e-01
1.08152 4.83220244e-01
1.08652 4.80678223e-01
1.09154 4.84094020e-01
1.09658 4.89408844e-01
1.10165 4.89919452e-01
1.10674 4.84491953e-01
1.11185 4.79443607e-01
1.11699 4.78220088e-01
1.12215 4.80073719e-01
1.12733 4.82339950e-01
1.13254 4.80818369e-01
1.13777 4.76217698e-01
1.14303 4.73117034e-01
1.14831 4.72670446e-01
1.15362 4.74511118e-01
1.15895 4.76902750e-01
1.16430 4.76124345e-01
1.16968 4.72255054e-01
1.17509 4.68590161e-01
1.18052 4.67576239e-01
1.18597 4.69237810e-01
1.19145 4.70954245e-01
1.19696 4.69987271e-01
1.20249 4.66644574e-01
1.20804 4.63383046e-01
1.21362 4.62166355e-01
1.21923 4.62452854e-01
1.22487 4.61950162e-01
1.23052 4.59905014e-01
1.23621 4.57221606e-01
1.24192 4.55165749e-01
1.24766 4.54295775e-01
1.25342 4.53992825e-01
1.25922 4.53793858e-01
1.26503 4.53611654e-01
1.27088 4.53257177e-01
1.27675 4.52618994e-01
1.28265 4.51559056e-01
1.28858 4.49789155e-01
1.29453 4.47766278e-01
1.30051 4.46147853e-01
1.30652 4.44714038e-01
1.31256 4.42915580e-01
1.31862 4.40665180e-01
1.32471 4.38610642e-01
1.33083 4.37540694e-01
1.33698 4.37090536e-01
1.34316 4.36293506e-01
1.34937 4.34923090e-01
1.35560 4.33330583e-01
1.36187 4.31975687e-01
1.36816 4.31090194e-01
1.37448 4.30340655e-01
1.38083 4.29306247e-01
1.38721 4.27962215e-01
1.39362 4.26570226e-01
1.40006 4.25414995e-01
1.40653 4.24410308e-01
1.41303 4.23045246e-01
1.41955 4.21038122e-01
1.42611 4.18743335e-01
1.43270 4.16747230e-01
1.43932 4.15209509e-01
1.44597 4.13657198e-01
1.45265 4.11642159e-01
1.45937 4.09423730e-01
1.46611 4.07667022e-01
1.47288 4.06667844e-01
1.47969 4.06079481e-01
1.48653 4.05338944e-01
1.49339 4.04291887e-01
1.50029 4.03270128e-01
1.50723 4.02576074e-01
1.51419 4.02060189e-01
1.52119 4.01229946e-01
1.52821 3.99746234e-01
1.53527 3.97753156e-01
1.54237 3.95676502e-01
1.54950 3.93776311e-01
1.55665 3.91951082e-01
1.56385 3.89963823e-01
1.57107 3.87795058e-01
1.57833 3.85694194e-01
1.58562 3.83905203e-01
1.59295 3.82423664e-01
1.60031 3.81033382e-01
1.60770 3.79548196e-01
1.61513 3.77993713e-01
1.62260 3.76540342e-01
1.63009 3.75287878e-01
1.63762 3.74163066e-01
1.64519 3.73026071e-01
1.65279 3.71830566e-01
1.66043 3.70642277e-01
1.66810 3.69521888e-01
1.67581 3.68435954e-01
1.68355 3.67291121e-01
1.69133 3.66018946e-01
1.69914 3.64610118e-01
1.70700 3.63084968e-01
1.71488 3.61458782e-01
1.72280 3.59740175e-01
1.73077 3.57945054e-01
1.73876 3.56096002e-01
1.74680 3.54213581e-01
1.75487 3.52314942e-01
1.76297 3.50424528e-01
1.77112 3.48579898e-01
1.77930 3.46822103e-01
1.78753 3.45178070e-01
1.79578 3.43653307e-01
1.80408 3.42242306e-01
1.81242 3.40944291e-01
1.82079 3.39763297e-01
1.82920 3.38691408e-01
1.83766 3.37695955e-01
1.84615 3.36726886e-01
1.85468 3.35738340e-01
1.86325 3.34698655e-01
1.87186 3.33583388e-01
1.88050 3.32365766e-01
1.88919 3.31020803e-01
1.89792 3.29539730e-01
1.90669 3.27935815e-01
1.91550 3.26236686e-01
1.92435 3.24470742e-01
1.93324 3.22661886e-01
1.94217 3.20832932e-01
1.95115 3.19008711e-01
1.96016 3.17212970e-01
1.96922 3.15462857e-01
1.97832 3.13767374e-01
1.98746 3.12130790e-01
1.99664 3.10556985e-01
2.00587 3.09050226e-01
2.01514 3.07612841e-01
2.02445 3.06244598e-01
2.03380 3.04942935e-01
2.04320 3.03704672e-01
2.05264 3.02526006e-01
2.06212 3.01401659e-01
2.07165 3.00323873e-01
2.08122 2.99281938e-01
2.09084 2.98262274e-01
2.10050 2.97249128e-01
2.11020 2.96225429e-01
2.11995 2.95174725e-01
2.12975 2.94081962e-01
2.13959 2.92934646e-01
2.14947 2.91723620e-01
2.15941 2.90443530e-01
2.16938 2.89093213e-01
2.17941 2.87675306e-01
2.18948 2.86195318e-01
2.19959 2.84661011e-01
2.20976 2.83081463e-01
2.21997 2.81467073e-01
2.23022 2.79829092e-01
2.24053 2.78179394e-01
2.25088 2.76529928e-01
2.26128 2.74892335e-01
2.27173 2.73278100e-01
2.28222 2.71698086e-01
2.29277 2.70162305e-01
2.30336 2.68679369e-01
2.31400 2.67256573e-01
2.32470 2.65899038e-01
2.33544 2.64609792e-01
2.34623 2.63389377e-01
2.35707 2.62235775e-01
2.36796 2.61144409e-01
2.37890 2.60108138e-01
2.38989 2.59117574e-01
2.40094 2.58161542e-01
2.41203 2.57227471e-01
2.42317 2.56302169e-01
2.43437 2.55372366e-01
2.44562 2.54425723e-01
2.45692 2.53451222e-01
2.46827 2.52440094e-01
2.47967 2.51385666e-01
2.49113 2.50283901e-01
2.50264 2.49133326e-01
2.51420 2.47934794e-01
2.52582 2.46691098e-01
2.53749 2.45406663e-01
2.54921 2.44087153e-01
2.56099 2.42739008e-01
2.57283 2.41369135e-01
2.58471 2.39984596e-01
2.59666 2.38592374e-01
2.60865 2.37199066e-01
2.62071 2.35811035e-01
2.63281 2.34434023e-01
2.64498 2.33073230e-01
2.65720 2.31733233e-01
2.66948 2.30418301e-01
2.68181 2.29131848e-01
2.69420 2.27876823e-01
2.70665 2.26655710e-01
2.71916 2.25470214e-01
2.73172 2.24321502e-01
2.74434 2.23210114e-01
2.75702 2.22135820e-01
2.76976 2.21097765e-01
2.78256 2.20094242e-01
2.79542 2.19122845e-01
2.80833 2.18180393e-01
2.82131 2.17263006e-01
2.83434 2.16366182e-01
2.84744 2.15485190e-01
2.86060 2.14614595e-01
2.87381 2.13749122e-01
2.88709 2.12883339e-01
2.90043 2.12012124e-01
2.91383 2.11130666e-01
2.92729 2.10234851e-01
2.94082 2.09320956e-01
2.95441 2.08386109e-01
2.96806 2.07428137e-01
2.98177 2.06445643e-01
2.99555 2.05438085e-01
3.00939 2.04405384e-01
3.02330 2.03348239e-01
3.03726 2.02267970e-01
3.05130 2.01166438e-01
3.06540 2.00045738e-01
3.07956 1.98908588e-01
3.09379 1.97757935e-01
3.10808 1.96596806e-01
3.12244 1.95428694e-01
3.13687 1.94257011e-01
3.15136 1.93085329e-01
3.16592 1.91917371e-01
3.18055 1.90756630e-01
3.19525 1.89606521e-01
3.21001 1.88470534e-01
3.22484 1.87351853e-01
3.23974 1.86253502e-01
3.25471 1.85178044e-01
3.26975 1.84127961e-01
3.28486 1.83105193e-01
3.30003 1.82111370e-01
3.31528 1.81147733e-01
3.33060 1.80214826e-01
3.34599 1.79313036e-01
3.36145 1.78441898e-01
3.37698 1.77600714e-01
3.39258 1.76788165e-01
3.40826 1.76002465e-01
3.42401 1.75241442e-01
3.43983 1.74502379e-01
3.45572 1.73782484e-01
3.47169 1.73078497e-01
3.48773 1.72386848e-01
3.50384 1.71704201e-01
3.52003 1.71026753e-01
3.53630 1.70351090e-01
3.55263 1.69673719e-01
3.56905 1.68991227e-01
3.58554 1.68300820e-01
3.60211 1.67599626e-01
3.61875 1.66885318e-01
3.63547 1.66155878e-01
3.65227 1.65409754e-01
3.66914 1.64645782e-01
3.68609 1.63863186e-01
3.70313 1.63061578e-01
3.72024 1.62241114e-01
3.73743 1.61402102e-01
3.75469 1.60545321e-01
3.77204 1.59671855e-01
3.78947 1.58783025e-01
3.80698 1.57880382e-01
3.82457 1.56965633e-01
3.84224 1.56040796e-01
3.85999 1.55107889e-01
3.87783 1.54169006e-01
3.89575 1.53226399e-01
3.91375 1.52282085e-01
3.93183 1.51338391e-01
3.94999 1.50397414e-01
3.96825 1.49461247e-01
3.98658 1.48531832e-01
4.00500 1.47611030e-01
4.02351 1.46700705e-01
4.04210 1.45802407e-01
4.06077 1.44917612e-01
4.07953 1.44047561e-01
4.09838 1.43193495e-01
4.11732 1.42356269e-01
4.13634 1.41536658e-01
4.15545 1.40735282e-01
4.17465 1.39952531e-01
4.19394 1.39188559e-01
4.21332 1.38443444e-01
4.23279 1.37716953e-01
4.25235 1.37008775e-01
4.27199 1.36318446e-01
4.29173 1.35645266e-01
4.31156 1.34988382e-01
4.33148 1.34347018e-01
4.35150 1.33719932e-01
4.37160 1.33106038e-01
4.39180 1.32504018e-01
4.41209 1.31912628e-01
4.43248 1.31330473e-01
4.45296 1.30756155e-01
4.47353 1.30188123e-01
4.49420 1.29625135e-01
4.51497 1.29065639e-01
4.53583 1.28508316e-01
4.55679 1.27951924e-01
4.57784 1.27395144e-01
4.59899 1.26836812e-01
4.62024 1.26275919e-01
4.64159 1.25711534e-01
4.66303 1.25142804e-01
4.68458 1.24568952e-01
4.70622 1.23989435e-01
4.72797 1.23403866e-01
4.74981 1.22811855e-01
4.77176 1.22213249e-01
4.79381 1.21607814e-01
4.81596 1.20995782e-01
4.83821 1.20377155e-01
4.86056 1.19752320e-01
4.88302 1.19121510e-01
4.90558 1.18485190e-01
4.92825 1.17843903e-01
4.95102 1.17198194e-01
4.97390 1.16548682e-01
4.99688 1.15896143e-01
5.01997 1.15241122e-01
5.04316 1.14584548e-01
5.06646 1.13927043e-01
5.08987 1.13269538e-01
5.11339 1.12612654e-01
5.13701 1.11957167e-01
5.16075 1.11304008e-01
5.18459 1.10653720e-01
5.20855 1.10007157e-01
5.23261 1.09364939e-01
5.25679 1.08727688e-01
5.28108 1.08096179e-01
5.30548 1.07470878e-01
5.32999 1.06852329e-01
5.35462 1.06240996e-01
5.37936 1.05637423e-01
5.40422 1.05041998e-01
5.42919 1.04455032e-01
5.45427 1.03876834e-01
5.47947 1.03307638e-01
5.50479 1.02747754e-01
5.53022 1.02197182e-01
5.55578 1.01656155e-01
5.58145 1.01124673e-01
5.60724 1.00602813e-01
5.63314 1.00090498e-01
5.65917 9.95876496e-02
5.68532 9.90941912e-02
5.71159 9.86099672e-02
5.73798 9.81346672e-02
5.76449 9.76682136e-02
5.79112 9.72102184e-02
5.81788 9.67604488e-02
5.84476 9.63185944e-02
5.87177 9.58841896e-02
5.89890 9.54569240e-02
5.92615 9.50364096e-02
5.95353 9.46221808e-02
5.98104 9.42138496e-02
6.00868 9.38107952e-02
6.03644 9.34127072e-02
6.06433 9.30190424e-02
6.09235 9.26293352e-02
6.12050 9.22430424e-02
6.14878 9.18597760e-02
6.17719 9.14789152e-02
6.20573 9.10999944e-02
6.23440 9.07225480e-02
6.26321 9.03461880e-02
6.29215 8.99703712e-02
6.32122 8.95946320e-02
6.35043 8.92185824e-02
6.37977 8.88417568e-02
6.40924 8.84639224e-02
6.43886 8.80845360e-02
6.46861 8.77032872e-02
6.49850 8.73199432e-02
6.52852 8.69341160e-02
6.55869 8.65454952e-02
6.58899 8.61540032e-02
6.61943 8.57592520e-02
6.65002 8.53611640e-02
6.68074 8.49595064e-02
6.71161 9.04431880e-02
6.74262 9.26755848e-02
6.77378 9.55456984e-02
6.80507 9.98558352e-02
6.83652 1.00576662e-01
6.86810 9.86667704e-02
6.89984 1.00906694e-01
6.93172 9.80500832e-02
6.96375 9.93390192e-02
6.99592 9.46293200e-02
7.02824 9.64057392e-02
7.06072 9.79540920e-02
7.09334 1.06356775e-01
7.12612 1.10279610e-01
7.15904 1.07717103e-01
7.19212 1.03517081e-01
7.22535 9.99674240e-02
7.25873 1.13002905e-01
7.29227 1.04297737e-01
7.32597 1.12789427e-01
7.35981 1.15874881e-01
7.39382 1.21255742e-01
7.42798 1.17674813e-01
7.46230 1.15109978e-01
7.49678 1.16107138e-01
7.53142 1.17624683e-01
7.56622 1.17233424e-01
7.60118 1.21379359e-01
7.63630 1.23766568e-01
7.67158 1.25214118e-01
7.70703 1.27143022e-01
7.74264 1.25878840e-01
7.77841 1.30248574e-01
7.81435 1.31303546e-01
7.85046 1.30203643e-01
7.88673 1.35627883e-01
7.92317 1.53589567e-01
7.95978 1.67749860e-01
7.99655 1.72601179e-01
8.03350 1.65835623e-01
8.07062 1.62267342e-01
8.10791 1.56881902e-01
8.14537 1.47098094e-01
8.18301 1.39307598e-01
8.22082 1.34054621e-01
8.25880 1.29641664e-01
8.29696 1.24703976e-01
8.33529 1.23105882e-01
8.37381 1.28900429e-01
8.41250 1.38255574e-01
8.45137 1.55073202e-01
8.49042 1.35633936e-01
8.52964 1.19579815e-01
8.56906 1.26929699e-01
8.60865 1.18071814e-01
8.64842 1.21305717e-01
8.68838 1.29454260e-01
8.72853 1.38919520e-01
8.76886 1.48383771e-01
8.80937 1.59356256e-01
8.85008 1.74804010e-01
8.89097 1.94382801e-01
8.93205 2.11162326e-01
8.97332 2.19806811e-01
9.01478 2.53583686e-01
9.05643 2.82320285e-01
9.09827 3.16037795e-01
9.14031 3.56121144e-01
9.18254 4.02750674e-01
9.22497 4.72287956e-01
9.26759 5.32128653e-01
9.31041 6.02582857e-01
9.35343 6.73733055e-01
9.39665 7.46698628e-01
9.44007 8.20110168e-01
9.48368 8.90821616e-01
9.52750 9.61102384e-01
9.57152 1.03183323e+00
9.61575 1.09700016e+00
9.66018 1.15896376e+00
9.70481 1.21876698e+00
9.74965 1.27539480e+00
9.79470 1.32783921e+00
9.83995 1.37722385e+00
9.88542 1.42335705e+00
9.93109 1.46631796e+00
9.97698 1.50654502e+00
10.02308 1.54262747e+00
10.06939 1.57489278e+00
10.11591 1.60477266e+00
10.16265 1.63226246e+00
10.20961 1.65493097e+00
10.25678 1.67566491e+00
10.30417 1.69337789e+00
10.35178 1.70784718e+00
10.39961 1.71897114e+00
10.44766 1.72886049e+00
10.49593 1.73604702e+00
10.54443 1.74113215e+00
10.59315 1.74488023e+00
10.64209 1.74842190e+00
10.69126 1.75084146e+00
10.74066 1.75204194e+00
10.79029 1.75170981e+00
10.84014 1.75161514e+00
10.89023 1.75000571e+00
10.94055 1.74699018e+00
10.99110 1.74523486e+00
11.04188 1.74367433e+00
11.09290 1.74204550e+00
11.14415 1.74009697e+00
11.19564 1.73667791e+00
11.24737 1.73355374e+00
11.29934 1.73104260e+00
11.35155 1.73047690e+00
11.40400 1.72806509e+00
11.45669 1.72488038e+00
11.50962 1.72417655e+00
11.56280 1.72114938e+00
11.61623 1.71651122e+00
11.66990 1.70991833e+00
11.72382 1.70393459e+00
11.77799 1.69799121e+00
11.83241 1.69154963e+00
11.88708 1.68352191e+00
11.94200 1.67463438e+00
11.99718 1.66470934e+00
12.05261 1.65332232e+00
12.10830 1.64089158e+00
12.16424 1.62640986e+00
12.22045 1.60904842e+00
12.27691 1.59032586e+00
12.33363 1.57486251e+00
12.39062 1.55385154e+00
12.44787 1.52765300e+00
12.50539 1.49985435e+00
12.56317 1.47126030e+00
12.62121 1.44147122e+00
12.67953 1.40784636e+00
12.73811 1.37277349e+00
12.79697 1.33637831e+00
12.85610 1.29592466e+00
12.91550 1.25183777e+00
12.97517 1.20667224e+00
13.03512 1.16129642e+00
13.09535 1.11437946e+00
13.15586 1.07156754e+00
13.21664 1.03212268e+00
13.27771 1.00346966e+00
13.33906 9.77330096e-01
13.40069 9.53902656e-01
13.46261 9.33645176e-01
13.52481 9.16421080e-01
13.58730 9.05751856e-01
13.65008 8.97463400e-01
13.71315 8.96514352e-01
13.77651 8.96215592e-01
13.84016 8.97097904e-01
13.90411 8.99761136e-01
13.96835 9.03846000e-01
14.03289 9.04756248e-01
14.09773 9.04806688e-01
14.16287 9.02609832e-01
14.22830 9.01520328e-01
14.29405 9.04789616e-01
14.36009 9.05827128e-01
14.42644 9.03250808e-01
14.49310 9.01704240e-01
14.56006 9.00978680e-01
14.62733 8.94052880e-01
14.69492 8.84613616e-01
14.76281 8.78432000e-01
14.83103 8.72852560e-01
14.89955 8.59164696e-01
14.96839 8.45596336e-01
15.03755 8.35318992e-01
15.10703 8.24953960e-01
15.17683 8.13813704e-01
15.24696 8.03251568e-01
15.31740 7.94290320e-01
15.38818 7.83413128e-01
15.45928 7.67796361e-01
15.53071 7.52994859e-01
15.60246 7.39534674e-01
15.67455 7.25859924e-01
15.74698 7.11623583e-01
15.81973 6.97430078e-01
15.89283 6.83106282e-01
15.96626 6.70155152e-01
16.04003 6.59681946e-01
16.11414 6.50329671e-01
16.18860 6.43447172e-01
16.26340 6.34159306e-01
16.33854 6.16907662e-01
16.41403 6.01359493e-01
16.48987 5.92868113e-01
16.56606 5.84929090e-01
16.64260 5.83484333e-01
16.71950 5.82068210e-01
16.79675 5.77829000e-01
16.87436 5.73495273e-01
16.95232 5.71292985e-01
17.03065 5.69613566e-01
17.10934 5.65545696e-01
17.18839 5.60236770e-01
17.26781 5.59243490e-01
17.34759 5.63144131e-01
17.42775 5.66865517e-01
17.50827 5.69968663e-01
17.58917 5.73151893e-01
17.67044 5.77175841e-01
17.75208 5.81259774e-01
17.83410 5.92701040e-01
17.91650 6.06357554e-01
17.99929 6.19238610e-01
18.08245 6.31372612e-01
18.16600 6.43526169e-01
18.24993 6.55092837e-01
18.33425 6.66888658e-01
18.41897 6.83481788e-01
18.50407 7.00994866e-01
18.58957 7.19766074e-01
18.67546 7.39686770e-01
18.76175 7.60038146e-01
18.84843 7.80414664e-01
18.93552 8.01344160e-01
19.02301 8.23149760e-01
19.11091 8.45614184e-01
19.19921 8.66490912e-01
19.28792 8.84044808e-01
19.37703 9.01942472e-01
19.46656 9.17058952e-01
19.55651 9.32111024e-01
19.64687 9.46384768e-01
19.73764 9.59543400e-01
19.82884 9.72843264e-01
19.92046 9.79688360e-01
20.01250 9.86026728e-01
20.10496 9.92785688e-01
20.19786 1.00022753e+00
20.29118 1.00768334e+00
20.38493 1.01028449e+00
20.47912 1.01180855e+00
20.57374 1.01335046e+00
20.66880 1.01508094e+00
20.76430 1.01675866e+00
20.86024 1.01753931e+00
20.95662 1.01769994e+00
21.05345 1.01780858e+00
21.15073 1.01572192e+00
21.24845 1.01342574e+00
21.34663 1.01098211e+00
21.44526 1.00821334e+00
21.54435 1.00539181e+00
21.64389 1.00220633e+00
21.74389 9.98684840e-01
21.84436 9.95131536e-01
21.94529 9.91240672e-01
22.04669 9.87207024e-01
22.14855 9.83133024e-01
22.25089 9.76542456e-01
22.35370 9.69819192e-01
22.45698 9.63207672e-01
22.56074 9.57468376e-01
22.66498 9.51718992e-01
22.76970 9.45580056e-01
22.87491 9.38239096e-01
22.98060 9.30905120e-01
23.08678 9.23530016e-01
23.19345 9.16071104e-01
23.30061 9.08634696e-01
23.40827 9.00655088e-01
23.51643 8.91786184e-01
23.62508 8.82970824e-01
23.73424 8.74376624e-01
23.84390 8.66100584e-01
23.95407 8.57873432e-01
24.06475 8.49534536e-01
24.17594 8.40951976e-01
24.28764 8.32429944e-01
24.39986 8.23988616e-01
24.51260 8.15659808e-01
24.62586 8.07397736e-01
24.73964 7.99054960e-01
24.85395 7.89981968e-01
24.96878 7.80994336e-01
25.08415 7.72092762e-01
25.20005 7.64569753e-01
25.31648 7.57130551e-01
25.43346 7.49756223e-01
25.55097 7.42355977e-01
25.66903 7.34995617e-01
25.78763 7.27701838e-01
25.90678 7.20977332e-01
26.02648 7.14792224e-01
26.14673 7.08659341e-01
26.26754 7.02840970e-01
26.38891 6.98128167e-01
26.51084 6.93448732e-01
26.63333 6.88802432e-01
26.75638 6.85012293e-01
26.88001 6.81409480e-01
27.00421 6.77829870e-01
27.12898 6.74768782e-01
27.25433 6.72413234e-01
27.38025 6.70071189e-01
27.50676 6.67742490e-01
27.63385 6.66837752e-01
27.76153 6.66019305e-01
27.88980 6.65208618e-01
28.01867 6.64729127e-01
28.14812 6.64703286e-01
28.27818 6.64683809e-01
28.40884 6.64670617e-01
28.54010 6.65601351e-01
28.67196 6.66725698e-01
28.80444 6.67857416e-01
28.93753 6.68996196e-01
29.07123 6.70135985e-01
29.20556 6.71274998e-01
29.34050 6.72413234e-01
29.47606 6.73778684e-01
29.61225 6.75395402e-01
29.74908 6.77017786e-01
29.88653 6.78645756e-01
30.02462 6.79709342e-01
30.16334 6.80537178e-01
30.30271 6.81364394e-01
30.44272 6.82191145e-01
30.58338 6.82150250e-01
30.72469 6.81966105e-01
30.86665 6.81770087e-01
31.00927 6.81562274e-01
31.15254 6.80483324e-01
31.29648 6.79357193e-01
31.44108 6.78220896e-01
31.58635 6.77074434e-01
31.73230 6.75621374e-01
31.87891 6.74151086e-01
32.02621 6.72670246e-01
32.17418 6.71178851e-01
32.32284 6.69062389e-01
32.47218 6.66886795e-01
32.62222 6.64703209e-01
32.77295 6.62511707e-01
32.92437 6.59761486e-01
33.07650 6.56863048e-01
33.22933 6.53962515e-01
33.38286 6.51060120e-01
33.53710 6.47763517e-01
33.69206 6.44185924e-01
33.84773 6.40614306e-01
34.00412 6.37048974e-01
34.16123 6.33396963e-01
34.31907 6.29518981e-01
34.47764 6.25652173e-01
34.63694 6.21796694e-01
34.79698 6.17952701e-01
34.95776 6.13986642e-01
35.11928 6.10020351e-01
35.28154 6.06068882e-01
35.44456 6.02132234e-01
35.60833 5.97978538e-01
35.77285 5.93535007e-01
35.93814 5.89114135e-01
36.10419 5.84716078e-01
36.27100 5.80340834e-01
36.43859 5.76090372e-01
36.60695 5.71879330e-01
36.77609 5.67691103e-01
36.94601 5.63525768e-01
37.11672 5.59338472e-01
37.28821 5.54992096e-01
37.46050 5.50672570e-01
37.63358 5.46379970e-01
37.80747 5.42114143e-01
37.98215 5.37790426e-01
38.15765 5.33382436e-01
38.33395 5.29004399e-01
38.51107 5.24656238e-01
38.68901 5.20337876e-01
38.86777 5.16147321e-01
39.04735 5.12064474e-01
39.22777 5.08009331e-01
39.40902 5.03981658e-01
39.59110 4.99981456e-01
39.77403 4.95949981e-01
39.95780 4.91901899e-01
40.14242 4.87882297e-01
40.32790 4.83891096e-01
40.51423 4.79928219e-01
40.70142 4.76026646e-01
40.88948 4.72192042e-01
41.07841 4.68385374e-01
41.26821 4.64606487e-01
41.45888 4.60855226e-01
41.65044 4.57124994e-01
41.84289 4.53401202e-01
42.03622 4.49704882e-01
42.23044 4.46035876e-01
42.42556 4.42393953e-01
42.62159 4.38779112e-01
42.81852 4.35106847e-01
43.01636 4.31451266e-01
43.21511 4.27824087e-01
43.41478 4.24225154e-01
43.61538 4.20654313e-01
43.81690 4.17072840e-01
44.01935 4.13458542e-01
44.22274 4.09873345e-01
44.42707 4.06317014e-01
44.63234 4.02789396e-01
44.83856 3.99290334e-01
45.04573 3.95787781e-01
45.25386 3.92304006e-01
45.46295 3.88849642e-01
45.67301 3.85424378e-01
45.88404 3.82028059e-01
46.09604 3.78660452e-01
46.30903 3.75432059e-01
46.52300 3.72234008e-01
46.73795 3.69062186e-01
46.95390 3.65916204e-01
47.17085 3.62795908e-01
47.38880 3.59701530e-01
47.60775 3.56644323e-01
47.82772 3.53612181e-01
48.04870 3.50604715e-01
48.27071 3.47621849e-01
48.49374 3.44663349e-01
48.71780 3.41729060e-01
48.94290 3.38608842e-01
49.16904 3.35495452e-01
49.39622 3.32409688e-01
49.62445 3.29351239e-01
49.85373 3.26319950e-01
50.08408 3.23315666e-01
50.31549 3.20323488e-01
50.54797 3.17349623e-01
50.78152 3.14402841e-01
51.01615 3.11482830e-01
51.25187 3.08589359e-01
51.48867 3.05722272e-01
51.72657 3.02924016e-01
51.96557 3.00399610e-01
52.20568 2.97896079e-01
52.44689 2.95413112e-01
52.68921 2.92950631e-01
52.93266 2.90508482e-01
53.17723 2.88086430e-01
53.42293 2.85639392e-01
53.66977 2.83162633e-01
53.91775 2.80707058e-01
54.16687 2.78272514e-01
54.41714 2.75858688e-01
54.66857 2.73465582e-01
54.92116 2.71092962e-01
55.17492 2.68601691e-01
55.42986 2.66034450e-01
55.68596 2.63491421e-01
55.94326 2.60972292e-01
56.20174 2.58476909e-01
56.46141 2.56005038e-01
56.72229 2.53556370e-01
56.98437 2.51299918e-01
57.24766 2.49252674e-01
57.51217 2.47222270e-01
57.77790 2.45208395e-01
58.04486 2.43211126e-01
58.31305 2.41230154e-01
58.58248 2.39265399e-01
58.85316 2.37247566e-01
59.12508 2.34721609e-01
59.39827 2.32222346e-01
59.67271 2.29749389e-01
59.94843 2.27302506e-01
60.22541 2.24881386e-01
60.50368 2.22485874e-01
60.78323 2.20115659e-01
61.06408 2.17903283e-01
61.34622 2.15843081e-01
61.62966 2.13802201e-01
61.91442 2.11780488e-01
62.20049 2.09777787e-01
62.48788 2.07793943e-01
62.77660 2.05828723e-01
63.06666 2.03881894e-01
63.35805 2.01979686e-01
63.65079 2.00111621e-01
63.94488 1.98261094e-01
64.24034 1.96427949e-01
64.53715 1.94612031e-01
64.83534 1.92813030e-01
65.13491 1.91030946e-01
65.43586 1.89265546e-01
65.73820 1.87438998e-01
66.04194 1.85526778e-01
66.34708 1.83634037e-01
66.65363 1.81760462e-01
66.96160 1.79905900e-01
67.27099 1.78070194e-01
67.58181 1.76253113e-01
67.89407 1.74454500e-01
68.20777 1.72674201e-01
68.52292 1.70927658e-01
68.83952 1.69200359e-01
69.15759 1.67490598e-01
69.47713 1.65798298e-01
69.79814 1.64123146e-01
70.12064 1.62465145e-01
70.44462 1.60823982e-01
70.77011 1.59199426e-01
71.09709 1.57592330e-01
71.42559 1.56013946e-01
71.75561 1.54451548e-01
72.08715 1.52904980e-01
72.42022 1.51374010e-01
72.75484 1.49858559e-01
73.09099 1.48358396e-01
73.42870 1.46873365e-01
73.76798 1.45403388e-01
74.10882 1.43948233e-01
74.45123 1.42512710e-01
74.79523 1.41092630e-01
75.14081 1.39686906e-01
75.48799 1.38295306e-01
75.83678 1.36917750e-01
76.18718 1.35554086e-01
76.53919 1.34204156e-01
76.89284 1.32867884e-01
77.24811 1.31544959e-01
77.60503 1.30236856e-01
77.96360 1.28947765e-01
78.32383 1.27671555e-01
78.68572 1.26408227e-01
79.04928 1.25157470e-01
79.41452 1.23919362e-01
79.78145 1.22693593e-01
80.15007 1.21480084e-01
80.52040 1.20278758e-01
80.89243 1.19089461e-01
81.26619 1.17912967e-01
81.64168 1.16756572e-01
82.01889 1.15611739e-01
82.39786 1.14478236e-01
82.77857 1.13356062e-01
83.16104 1.12244986e-01
83.54528 1.11145006e-01
83.93129 1.10055890e-01
84.31909 1.08977638e-01
84.70868 1.07910094e-01
85.10007 1.06853182e-01
85.49327 1.05810083e-01
85.88829 1.04780486e-01
86.28513 1.03761055e-01
86.68380 1.02751712e-01
87.08431 1.01752302e-01
87.48668 1.00762746e-01
87.89091 9.97829688e-02
88.29700 9.88128912e-02
88.70497 9.78523584e-02
89.11482 9.69012152e-02
89.52657 9.59595392e-02
89.94022 9.50294256e-02
90.35578 9.41121160e-02
90.77327 9.32037304e-02
91.19268 9.23042688e-02
91.61402 9.14136536e-02
92.03732 9.05317296e-02
92.46257 8.96584192e-02
92.88979 8.87936448e-02
93.31898 8.79374064e-02
93.75015 8.70894712e-02
94.18332 8.62498392e-02
94.61848 8.54184328e-02
95.05566 8.45979680e-02
95.49486 8.37870480e-02
95.93608 8.29839656e-02
96.37935 8.21887208e-02
96.82466 8.14012360e-02
97.27203 8.06213560e-02
97.72147 7.98490808e-02
98.17298 7.90843328e-02
98.62658 7.83269568e-02
99.08228 7.75769295e-02
99.54008 7.68341966e-02
100.00000 7.60986728e-02
