        2000  5.000000 2.650000
0.10000 1.16788556e+00
0.10035 1.16641746e+00
0.10069 1.16493982e+00
0.10104 1.16345317e+00
0.10139 1.16192395e+00
0.10174 1.16034313e+00
0.10210 1.15873423e+00
0.10245 1.15709777e+00
0.10280 1.15543392e+00
0.10316 1.15374340e+00
0.10352 1.15271414e+00
0.10387 1.15207849e+00
0.10423 1.15137924e+00
0.10459 1.15061728e+00
0.10496 1.14979313e+00
0.10532 1.14985832e+00
0.10568 1.15044962e+00
0.10605 1.15093934e+00
0.10642 1.15132836e+00
0.10679 1.15161739e+00
0.10716 1.15305157e+00
0.10753 1.15488519e+00
0.10790 1.15655363e+00
0.10827 1.15805848e+00
0.10865 1.15940238e+00
0.10902 1.16223064e+00
0.10940 1.16595053e+00
0.10978 1.16941938e+00
0.11016 1.17264426e+00
0.11054 1.17563222e+00
0.11092 1.18101843e+00
0.11131 1.18792257e+00
0.11169 1.19444810e+00
0.11208 1.20061554e+00
0.11247 1.20644518e+00
0.11286 1.21091185e+00
0.11325 1.21368198e+00
0.11364 1.21638498e+00
0.11403 1.21709147e+00
0.11443 1.21668779e+00
0.11482 1.21517022e+00
0.11522 1.20838516e+00
0.11562 1.20006487e+00
0.11602 1.18832024e+00
0.11642 1.17028699e+00
0.11682 1.14982316e+00
0.11723 1.12928637e+00
0.11763 1.10917746e+00
0.11804 1.08783542e+00
0.11845 1.08165651e+00
0.11886 1.08027020e+00
0.11927 1.08339261e+00
0.11968 1.09415108e+00
0.12010 1.10560562e+00
0.12051 1.11462074e+00
0.12093 1.12127454e+00
0.12135 1.12522463e+00
0.12177 1.13158851e+00
0.12219 1.13769906e+00
0.12262 1.14094284e+00
0.12304 1.14436681e+00
0.12347 1.14840718e+00
0.12389 1.15160679e+00
0.12432 1.15556518e+00
0.12475 1.15958894e+00
0.12518 1.16329629e+00
0.12562 1.16724550e+00
0.12605 1.17100285e+00
0.12649 1.17458741e+00
0.12693 1.17836278e+00
0.12737 1.18202596e+00
0.12781 1.18559004e+00
0.12825 1.18906860e+00
0.12869 1.19244682e+00
0.12914 1.19571957e+00
0.12959 1.19867945e+00
0.13003 1.20161936e+00
0.13048 1.20451740e+00
0.13094 1.20729265e+00
0.13139 1.21009423e+00
0.13184 1.21280112e+00
0.13230 1.21529724e+00
0.13276 1.21785220e+00
0.13322 1.22029196e+00
0.13368 1.22219714e+00
0.13414 1.22407634e+00
0.13461 1.22597851e+00
0.13507 1.22754431e+00
0.13554 1.22886365e+00
0.13601 1.23005792e+00
0.13648 1.23098295e+00
0.13695 1.23149934e+00
0.13743 1.23133557e+00
0.13790 1.23069586e+00
0.13838 1.22982101e+00
0.13886 1.22821175e+00
0.13934 1.22541812e+00
0.13982 1.21769143e+00
0.14031 1.20735943e+00
0.14079 1.19476328e+00
0.14128 1.18268899e+00
0.14177 1.16922894e+00
0.14226 1.15367573e+00
0.14275 1.13226939e+00
0.14324 1.10243798e+00
0.14374 1.06870454e+00
0.14424 1.03045692e+00
0.14474 9.72738857e-01
0.14524 9.10309273e-01
0.14574 8.44829893e-01
0.14625 7.55368897e-01
0.14675 6.56390160e-01
0.14726 5.62083373e-01
0.14777 4.66111327e-01
0.14828 3.67504297e-01
0.14879 2.84601343e-01
0.14931 2.17313957e-01
0.14983 2.07265510e-01
0.15034 2.06266637e-01
0.15087 2.06607073e-01
0.15139 1.83193617e-01
0.15191 1.32185392e-01
0.15244 9.35025293e-02
0.15297 6.56631310e-02
0.15349 4.68563637e-02
0.15403 3.18839697e-02
0.15456 2.24369847e-02
0.15509 1.54891458e-02
0.15563 1.25876484e-02
0.15617 9.32327947e-03
0.15671 7.33572470e-03
0.15725 5.58097950e-03
0.15780 4.31236443e-03
0.15834 3.52034833e-03
0.15889 2.69638560e-03
0.15944 2.76150140e-03
0.15999 2.48482550e-03
0.16055 2.40444747e-03
0.16110 2.36623800e-03
0.16166 2.34921793e-03
0.16222 2.41659153e-03
0.16278 2.40342280e-03
0.16335 2.38952443e-03
0.16391 2.47524310e-03
0.16448 2.39630137e-03
0.16505 2.47839483e-03
0.16562 2.44884733e-03
0.16619 2.47924283e-03
0.16677 2.29573210e-03
0.16734 2.26091110e-03
0.16792 2.51711133e-03
0.16851 2.32545803e-03
0.16909 2.32621417e-03
0.16967 2.46947317e-03
0.17026 2.30672960e-03
0.17085 2.32475313e-03
0.17144 2.42615273e-03
0.17204 2.24501463e-03
0.17263 2.22225467e-03
0.17323 2.29981310e-03
0.17383 2.34849360e-03
0.17443 2.31455240e-03
0.17503 2.16903030e-03
0.17564 2.30766947e-03
0.17625 2.37080660e-03
0.17686 2.19325307e-03
0.17747 2.22773133e-03
0.17808 2.34080683e-03
0.17870 2.27406393e-03
0.17932 2.29780793e-03
0.17994 2.44081077e-03
0.18056 2.26613690e-03
0.18119 2.16649513e-03
0.18182 2.27786757e-03
0.18244 2.19563807e-03
0.18308 2.28094333e-03
0.18371 2.28688110e-03
0.18435 2.14162577e-03
0.18498 2.89140087e-03
0.18562 2.26749900e-03
0.18627 2.14370337e-03
0.18691 2.19160123e-03
0.18756 2.32470720e-03
0.18821 2.09363603e-03
0.18886 2.11594727e-03
0.18951 2.15313030e-03
0.19017 2.12222777e-03
0.19083 2.10472363e-03
0.19149 2.07360027e-03
0.19215 2.53943670e-03
0.19282 2.15730847e-03
0.19348 2.09716053e-03
0.19415 2.06304443e-03
0.19483 2.48710273e-03
0.19550 2.11541727e-03
0.19618 2.02287573e-03
0.19686 2.02721113e-03
0.19754 2.08120223e-03
0.19822 2.01376150e-03
0.19891 2.08024293e-03
0.19960 2.05739817e-03
0.20029 2.18177503e-03
0.20098 2.04629820e-03
0.20168 2.21905523e-03
0.20237 1.98342077e-03
0.20307 2.00809933e-03
0.20378 2.00339117e-03
0.20448 1.95473363e-03
0.20519 2.04988630e-03
0.20590 2.00706230e-03
0.20661 1.95267370e-03
0.20733 2.16090363e-03
0.20805 2.02547980e-03
0.20877 1.97501673e-03
0.20949 1.99323637e-03
0.21021 2.00506597e-03
0.21094 2.08032067e-03
0.21167 2.00639627e-03
0.21240 1.93465017e-03
0.21314 1.92826367e-03
0.21388 2.05483473e-03
0.21462 2.16308017e-03
0.21536 1.87273380e-03
0.21611 2.06852817e-03
0.21685 1.89451680e-03
0.21760 1.96976443e-03
0.21836 2.11143167e-03
0.21911 1.93101967e-03
0.21987 1.79998953e-03
0.22063 1.99828903e-03
0.22140 1.92689097e-03
0.22216 1.93310787e-03
0.22293 1.89828333e-03
0.22370 1.90791697e-03
0.22448 1.89621457e-03
0.22526 2.01456003e-03
0.22604 1.75929878e-03
0.22682 1.77808993e-03
0.22760 1.82228310e-03
0.22839 1.89202403e-03
0.22918 1.94786130e-03
0.22998 1.79399170e-03
0.23077 1.74049580e-03
0.23157 1.71659509e-03
0.23237 1.71319214e-03
0.23318 1.94325913e-03
0.23398 1.87622297e-03
0.23479 1.71905677e-03
0.23561 1.77619430e-03
0.23642 1.77492583e-03
0.23724 1.79990650e-03
0.23806 1.81834343e-03
0.23889 1.73564577e-03
0.23971 1.78922170e-03
0.24054 1.74734004e-03
0.24137 1.68743343e-03
0.24221 1.80576300e-03
0.24305 1.66213194e-03
0.24389 1.71609672e-03
0.24473 1.74885672e-03
0.24558 1.72051798e-03
0.24643 1.80830700e-03
0.24728 1.80707210e-03
0.24814 1.73763662e-03
0.24900 1.80813033e-03
0.24986 1.78590567e-03
0.25073 1.77381283e-03
0.25159 1.72873828e-03
0.25246 1.64297509e-03
0.25334 1.65259176e-03
0.25422 2.07921473e-03
0.25510 1.73142750e-03
0.25598 1.68037101e-03
0.25687 1.60183631e-03
0.25775 1.62076950e-03
0.25865 1.72000794e-03
0.25954 1.72770849e-03
0.26044 1.58919899e-03
0.26134 1.61434025e-03
0.26225 1.54804962e-03
0.26315 1.52801703e-03
0.26406 2.05794407e-03
0.26498 1.69464196e-03
0.26590 1.53677157e-03
0.26682 1.55582313e-03
0.26774 2.10620410e-03
0.26867 1.65764637e-03
0.26960 1.90023550e-03
0.27053 1.59923825e-03
0.27147 1.59482388e-03
0.27241 1.64581094e-03
0.27335 1.56689677e-03
0.27430 1.60323640e-03
0.27525 1.60627754e-03
0.27620 1.50599924e-03
0.27715 2.71203297e-03
0.27811 1.54479047e-03
0.27908 1.55076198e-03
0.28004 1.53794411e-03
0.28101 1.38966654e-03
0.28198 1.55238625e-03
0.28296 1.60501260e-03
0.28394 1.50325472e-03
0.28492 1.49328330e-03
0.28591 1.66838559e-03
0.28690 1.61569564e-03
0.28789 1.48942031e-03
0.28889 1.43321487e-03
0.28989 1.46517440e-03
0.29089 1.50426490e-03
0.29190 1.45625821e-03
0.29291 1.44901099e-03
0.29392 1.60982288e-03
0.29494 1.66415336e-03
0.29596 1.64933474e-03
0.29699 1.82809543e-03
0.29801 1.40018615e-03
0.29905 1.50254576e-03
0.30008 1.46466525e-03
0.30112 1.56240537e-03
0.30216 1.52123568e-03
0.30321 1.99013233e-03
0.30426 1.54915749e-03
0.30531 1.39763756e-03
0.30637 1.42779668e-03
0.30743 1.38792937e-03
0.30849 1.53436802e-03
0.30956 1.76477969e-03
0.31063 1.43988227e-03
0.31171 1.55553569e-03
0.31279 1.55444795e-03
0.31387 1.54167990e-03
0.31496 1.43956533e-03
0.31605 1.37245514e-03
0.31714 1.46202549e-03
0.31824 1.24744298e-03
0.31934 1.39148161e-03
0.32044 1.30609031e-03
0.32155 1.51060317e-03
0.32267 1.24739404e-03
0.32378 1.62202083e-03
0.32490 1.40826777e-03
0.32603 1.49124634e-03
0.32716 1.27123168e-03
0.32829 1.38640598e-03
0.32943 1.38581149e-03
0.33057 2.11161540e-03
0.33171 1.49757259e-03
0.33286 1.26115302e-03
0.33401 1.23239116e-03
0.33517 1.26558135e-03
0.33633 1.63962567e-03
0.33749 1.24836112e-03
0.33866 1.16827299e-03
0.33983 1.35758122e-03
0.34101 1.11446916e-03
0.34219 1.23502914e-03
0.34337 1.18058012e-03
0.34456 1.11865881e-03
0.34576 1.46091426e-03
0.34695 1.68479297e-03
0.34815 1.27735706e-03
0.34936 1.33978011e-03
0.35057 1.04652086e-03
0.35178 1.41263073e-03
0.35300 1.20622859e-03
0.35422 1.26635780e-03
0.35545 1.07453384e-03
0.35668 1.28470233e-03
0.35791 1.07141514e-03
0.35915 1.15156050e-03
0.36039 1.46396194e-03
0.36164 1.68293091e-03
0.36289 1.43786438e-03
0.36415 1.37577647e-03
0.36541 1.40145798e-03
0.36668 1.35374932e-03
0.36795 1.18236552e-03
0.36922 1.18609636e-03
0.37050 1.29214406e-03
0.37178 1.11448365e-03
0.37307 1.36413838e-03
0.37436 1.85578087e-03
0.37565 1.48816986e-03
0.37695 1.26896681e-03
0.37826 1.61299334e-03
0.37957 1.27336016e-03
0.38088 1.54549926e-03
0.38220 1.00490844e-03
0.38352 1.50665238e-03
0.38485 1.24334484e-03
0.38618 1.17233968e-03
0.38752 1.00256425e-03
0.38886 1.52835605e-03
0.39021 1.27887481e-03
0.39156 1.00802237e-03
0.39291 1.33868690e-03
0.39427 1.09104722e-03
0.39564 1.56783469e-03
0.39701 1.41147780e-03
0.39838 1.16019067e-03
0.39976 9.94858937e-04
0.40115 1.30837001e-03
0.40253 1.28041817e-03
0.40393 1.05230157e-03
0.40533 1.12423353e-03
0.40673 1.37639781e-03
0.40814 1.05495387e-03
0.40955 1.20816468e-03
0.41097 1.18938519e-03
0.41239 1.73276822e-03
0.41382 3.73559723e-03
0.41525 1.23596972e-03
0.41669 1.27671753e-03
0.41813 1.10573052e-03
0.41958 1.23225106e-03
0.42103 1.03848712e-03
0.42249 1.08584916e-03
0.42395 1.08395865e-03
0.42542 1.20692625e-03
0.42689 1.54865329e-03
0.42837 1.03968422e-03
0.42985 1.11769986e-03
0.43134 1.19142233e-03
0.43283 9.36823760e-04
0.43433 1.01016551e-03
0.43583 1.05733428e-03
0.43734 1.39650071e-03
0.43886 1.16126622e-03
0.44037 1.42693243e-03
0.44190 1.01844305e-03
0.44343 1.20902399e-03
0.44496 1.00273703e-03
0.44650 9.91986160e-04
0.44805 2.15861933e-03
0.44960 1.07865070e-03
0.45116 2.74348493e-03
0.45272 1.28123560e-03
0.45429 1.10391227e-03
0.45586 1.62566829e-03
0.45744 1.70353236e-03
0.45902 1.41059341e-03
0.46061 3.62453220e-03
0.46220 1.08558734e-03
0.46380 9.69530237e-04
0.46541 1.18112585e-03
0.46702 9.66458357e-04
0.46864 1.24545106e-03
0.47026 1.61603307e-03
0.47189 1.31686344e-03
0.47352 1.50763005e-03
0.47516 1.07360210e-03
0.47680 9.90210483e-04
0.47845 1.01402285e-03
0.48011 9.86422573e-04
0.48177 1.06684654e-03
0.48344 9.37136637e-04
0.48511 1.02794012e-03
0.48679 1.11771894e-03
0.48848 9.18861707e-04
0.49017 8.88983133e-04
0.49186 9.94803993e-04
0.49357 9.69156057e-04
0.49528 9.86660897e-04
0.49699 9.67521007e-04
0.49871 9.56509020e-04
0.50044 9.90143880e-04
0.50217 9.89298000e-04
0.50391 1.25551894e-03
0.50565 9.32778093e-04
0.50740 1.06502334e-03
0.50916 9.06035530e-04
0.51092 8.79047400e-04
0.51269 1.07507638e-03
0.51446 9.38638127e-04
0.51625 9.34461903e-04
0.51803 1.08208528e-03
0.51983 9.44522893e-04
0.52163 1.44090075e-03
0.52343 9.49010403e-04
0.52524 8.53520127e-04
0.52706 8.66250727e-04
0.52889 9.35490987e-04
0.53072 9.13528670e-04
0.53255 9.01388490e-04
0.53440 8.51518847e-04
0.53625 1.07071519e-03
0.53810 8.46779057e-04
0.53997 9.22689543e-04
0.54183 1.13711005e-03
0.54371 8.20716483e-04
0.54559 9.17876437e-04
0.54748 9.88638150e-04
0.54938 7.94513107e-04
0.55128 1.09241975e-03
0.55319 9.35000383e-04
0.55510 1.11759439e-03
0.55702 9.52681537e-04
0.55895 7.81147213e-04
0.56089 1.32391509e-03
0.56283 8.01433317e-04
0.56478 8.79154637e-04
0.56673 8.79834273e-04
0.56869 8.05366623e-04
0.57066 8.01530483e-04
0.57264 1.35568859e-03
0.57462 8.26852823e-04
0.57661 9.58631493e-04
0.57860 8.94278363e-04
0.58061 7.84533383e-04
0.58262 9.41155627e-04
0.58463 8.62854310e-04
0.58666 8.42618910e-04
0.58869 1.00627372e-03
0.59073 1.00885429e-03
0.59277 8.84695257e-04
0.59482 7.93917387e-04
0.59688 7.93669347e-04
0.59895 7.65953350e-04
0.60102 7.62795080e-04
0.60310 7.66453670e-04
0.60519 1.06354729e-03
0.60728 7.74723790e-04
0.60939 8.90292587e-04
0.61150 8.18740113e-04
0.61361 8.28641573e-04
0.61574 8.10959007e-04
0.61787 7.37352253e-04
0.62001 7.76447880e-04
0.62215 1.35051438e-03
0.62431 8.78193040e-04
0.62647 8.64308807e-04
0.62864 7.34979620e-04
0.63081 7.60996260e-04
0.63300 8.51417440e-04
0.63519 7.27029973e-04
0.63739 8.34540297e-04
0.63959 7.58511267e-04
0.64181 1.46787422e-03
0.64403 7.06575683e-04
0.64626 7.87057420e-04
0.64849 1.14528972e-03
0.65074 7.93149240e-04
0.65299 7.67000983e-04
0.65525 8.04848813e-04
0.65752 6.97447670e-04
0.65980 7.27583647e-04
0.66208 7.60785320e-04
0.66437 9.40285013e-04
0.66667 7.14568613e-04
0.66898 1.78374680e-03
0.67130 1.11218539e-03
0.67362 7.06246200e-04
0.67595 1.11545567e-03
0.67829 1.03786897e-03
0.68064 7.74024367e-04
0.68299 7.82373457e-04
0.68536 8.41812250e-04
0.68773 8.15676360e-04
0.69011 7.29550477e-04
0.69250 1.06433363e-03
0.69490 1.44805999e-03
0.69730 7.09600393e-04
0.69972 1.01713696e-03
0.70214 6.94221383e-04
0.70457 8.41021667e-04
0.70701 7.27468107e-04
0.70946 1.54896369e-03
0.71191 6.67840633e-04
0.71438 8.74508303e-04
0.71685 6.69271457e-04
0.71933 7.05340783e-04
0.72182 9.25360567e-04
0.72432 8.60414013e-04
0.72683 6.75807063e-04
0.72934 6.95973033e-04
0.73187 6.77688210e-04
0.73440 8.90737787e-04
0.73694 6.35310293e-04
0.73949 7.20227070e-04
0.74205 6.95982043e-04
0.74462 1.18829533e-03
0.74720 7.83078180e-04
0.74979 7.09011033e-04
0.75238 9.22590963e-04
0.75499 1.60242532e-03
0.75760 6.80756027e-04
0.76022 7.86718750e-04
0.76285 6.24433280e-04
0.76549 7.12046697e-04
0.76814 6.10855210e-04
0.77080 7.03361587e-04
0.77347 6.14932323e-04
0.77615 6.96839937e-04
0.77884 6.42079630e-04
0.78153 6.54562897e-04
0.78424 7.73986560e-04
0.78695 2.42875857e-03
0.78968 7.49083450e-04
0.79241 6.51765027e-04
0.79515 7.06335240e-04
0.79790 6.47203670e-04
0.80067 2.17053373e-03
0.80344 8.49974073e-04
0.80622 7.74129130e-04
0.80901 6.43039990e-04
0.81181 6.65262537e-04
0.81462 7.72241270e-04
0.81744 5.77912530e-04
0.82027 9.51290817e-04
0.82311 6.56011387e-04
0.82596 7.05641293e-04
0.82882 6.23079483e-04
0.83169 6.34438090e-04
0.83457 3.42036560e-03
0.83745 6.17716060e-04
0.84035 6.12450687e-04
0.84326 6.14305687e-04
0.84618 6.06168597e-04
0.84911 6.45550070e-04
0.85205 5.80330390e-04
0.85500 6.87768633e-04
0.85796 5.91983147e-04
0.86093 6.06920667e-04
0.86391 8.05693103e-04
0.86690 5.86463903e-04
0.86990 5.95636967e-04
0.87291 6.21817377e-04
0.87593 6.50679410e-04
0.87897 6.92769890e-04
0.88201 7.53921290e-04
0.88506 5.81503280e-04
0.88813 5.82197050e-04
0.89120 8.13762530e-04
0.89428 3.56446907e-03
0.89738 5.74198113e-04
0.90049 6.42334383e-04
0.90360 5.67702257e-04
0.90673 7.27509447e-04
0.90987 5.63961340e-04
0.91302 5.38861600e-04
0.91618 1.86388810e-03
0.91935 5.68000647e-04
0.92253 6.09637623e-04
0.92573 6.41597860e-04
0.92893 5.61979670e-04
0.93215 5.24418040e-04
0.93537 7.31124930e-04
0.93861 5.96172267e-04
0.94186 6.04079337e-04
0.94512 7.86130273e-04
0.94839 5.80304597e-04
0.95168 5.74264363e-04
0.95497 6.69791563e-04
0.95828 5.79172693e-04
0.96159 5.15749007e-04
0.96492 7.65171070e-04
0.96826 5.59794657e-04
0.97161 5.47651827e-04
0.97498 5.89809263e-04
0.97835 6.41816573e-04
0.98174 5.25941083e-04
0.98514 1.58453323e-03
0.98855 6.16054333e-04
0.99197 5.42879707e-04
0.99540 6.93111210e-04
0.99885 5.72837427e-04
1.00231 6.26384387e-04
1.00578 5.40388000e-04
1.00926 5.27033943e-04
1.01275 5.52615983e-04
1.01626 5.95293880e-04
1.01978 9.40953343e-04
1.02330 5.20157723e-04
1.02685 6.81610033e-04
1.03040 5.39689460e-04
1.03397 5.49769707e-04
1.03755 6.36413930e-04
1.04114 5.08088563e-04
1.04474 5.59827340e-04
1.04836 5.36226970e-04
1.05199 5.56132533e-04
1.05563 5.31668793e-04
1.05928 5.49546930e-04
1.06295 5.56399653e-04
1.06663 5.30015370e-04
1.07032 5.38434067e-04
1.07403 6.14582170e-04
1.07775 5.26595280e-04
1.08148 4.48230893e-04
1.08522 5.92081020e-04
1.08898 4.80233000e-04
1.09275 5.35960027e-04
1.09653 6.21610500e-04
1.10032 4.88777660e-04
1.10413 4.91927980e-04
1.10796 4.79855817e-04
1.11179 5.83171543e-04
1.11564 5.13099183e-04
1.11950 5.76306277e-04
1.12338 5.80770643e-04
1.12726 5.48883547e-04
1.13117 5.01141677e-04
1.13508 4.60362770e-04
1.13901 5.81327850e-04
1.14295 4.95545760e-04
1.14691 4.38458753e-04
1.15088 5.54432117e-04
1.15487 4.73365967e-04
1.15886 5.08017367e-04
1.16287 5.77361507e-04
1.16690 5.52817207e-04
1.17094 2.09381447e-03
1.17499 4.55556730e-04
1.17906 5.68013013e-04
1.18314 5.47479223e-04
1.18724 6.22911120e-04
1.19135 4.99797597e-04
1.19547 4.64878370e-04
1.19961 4.47935507e-04
1.20376 4.58751570e-04
1.20793 1.24897521e-03
1.21211 5.49167273e-04
1.21630 4.48857530e-04
1.22052 4.68683240e-04
1.22474 4.59841250e-04
1.22898 4.62424823e-04
1.23323 4.71053223e-04
1.23750 5.80781420e-04
1.24179 4.76327253e-04
1.24609 7.19321300e-04
1.25040 2.08078883e-03
1.25473 4.53195403e-04
1.25907 4.53203883e-04
1.26343 8.83170623e-04
1.26780 6.92626790e-04
1.27219 5.84375527e-04
1.27659 4.41376580e-04
1.28101 5.49440930e-04
1.28545 2.03853370e-03
1.28990 5.58027107e-04
1.29436 4.58112567e-04
1.29884 4.70956587e-04
1.30334 5.99199097e-04
1.30785 5.17411793e-04
1.31238 5.64123343e-04
1.31692 4.34743630e-04
1.32148 7.17865213e-04
1.32605 4.34724903e-04
1.33064 4.52257127e-04
1.33525 2.72157827e-03
1.33987 4.53844830e-04
1.34451 4.73714353e-04
1.34916 4.25038623e-04
1.35383 4.23747367e-04
1.35852 1.34360830e-03
1.36322 4.47339433e-04
1.36794 4.66074227e-04
1.37268 4.62420937e-04
1.37743 5.00812193e-04
1.38220 4.27142017e-04
1.38698 4.53031457e-04
1.39178 4.16218717e-04
1.39660 4.29390983e-04
1.40144 5.54051577e-04
1.40629 4.20007333e-04
1.41115 4.80225933e-04
1.41604 4.39504973e-04
1.42094 4.96222747e-04
1.42586 8.69869743e-04
1.43080 4.56750643e-04
1.43575 4.58921170e-04
1.44072 4.24801890e-04
1.44571 5.12561587e-04
1.45071 5.12230690e-04
1.45573 9.63862947e-04
1.46077 4.12558007e-04
1.46583 4.79950510e-04
1.47090 6.04983163e-04
1.47599 4.39192097e-04
1.48110 4.20029770e-04
1.48623 4.19948680e-04
1.49137 5.11025647e-04
1.49654 4.14294640e-04
1.50172 4.08908957e-04
1.50692 4.31639950e-04
1.51213 1.27710867e-03
1.51737 1.63044660e-03
1.52262 5.04098547e-04
1.52789 4.13578257e-04
1.53318 5.52700960e-04
1.53849 4.04735030e-04
1.54381 5.14004600e-04
1.54916 4.11593760e-04
1.55452 4.06256130e-04
1.55990 6.59437837e-04
1.56530 3.95503490e-04
1.57072 5.85295077e-04
1.57615 5.49887013e-04
1.58161 5.43852610e-04
1.58709 4.06041657e-04
1.59258 4.47827563e-04
1.59809 6.42644080e-04
1.60362 4.27686680e-04
1.60918 4.13022817e-04
1.61475 4.19161453e-04
1.62034 5.44983983e-04
1.62594 6.32243890e-04
1.63157 4.10123717e-04
1.63722 5.40757233e-04
1.64289 5.45408160e-04
1.64857 3.89017527e-04
1.65428 7.92020693e-04
1.66001 4.83473420e-04
1.66575 4.18497717e-04
1.67152 4.99114250e-04
1.67731 4.91302580e-04
1.68311 5.87726187e-04
1.68894 4.32937390e-04
1.69478 4.53472593e-04
1.70065 6.25577020e-04
1.70654 5.78891263e-04
1.71245 4.64660540e-04
1.71837 5.12565473e-04
1.72432 4.83631537e-04
1.73029 3.94997870e-04
1.73628 3.91984997e-04
1.74229 4.06450640e-04
1.74832 5.88669587e-04
1.75437 7.52951567e-04
1.76045 5.26541573e-04
1.76654 3.81716777e-04
1.77266 3.87427880e-04
1.77879 4.35614243e-04
1.78495 4.60057313e-04
1.79113 5.73658573e-04
1.79733 4.96227163e-04
1.80355 3.77859790e-04
1.80979 4.40648537e-04
1.81606 5.17420273e-04
1.82234 5.33612127e-04
1.82865 5.07199753e-04
1.83498 4.04109100e-04
1.84133 4.33218113e-04
1.84771 3.94616270e-04
1.85410 5.26983593e-04
1.86052 4.11515850e-04
1.86696 5.99891277e-04
1.87342 4.52152893e-04
1.87991 4.46909250e-04
1.88642 4.22264780e-04
1.89295 4.90551923e-04
1.89950 4.78148863e-04
1.90607 4.24289733e-04
1.91267 4.00516583e-04
1.91929 3.94373530e-04
1.92594 4.33366337e-04
1.93260 4.49165637e-04
1.93929 5.06003897e-04
1.94601 4.06207370e-04
1.95274 4.82816043e-04
1.95950 3.91706747e-04
1.96629 4.06694087e-04
1.97309 4.84754607e-04
1.97992 5.37313117e-04
1.98678 3.84494153e-04
1.99365 4.45554217e-04
2.00055 4.25176600e-04
2.00748 4.03278943e-04
2.01443 4.40771497e-04
2.02140 4.51979230e-04
2.02840 4.93732630e-04
2.03542 3.83490510e-04
2.04247 3.80710837e-04
2.04954 4.57069350e-04
2.05663 4.33952517e-04
2.06375 4.67604690e-04
2.07090 4.19186363e-04
2.07806 4.15135573e-04
2.08526 4.47859717e-04
2.09247 3.88250793e-04
2.09972 4.01117780e-04
2.10699 5.27795730e-04
2.11428 4.19731380e-04
2.12160 4.25622153e-04
2.12894 4.06262667e-04
2.13631 4.12777073e-04
2.14371 4.27906630e-04
2.15113 4.19856283e-04
2.15857 4.31434663e-04
2.16605 4.92536067e-04
2.17354 3.96366330e-04
2.18107 3.80969300e-04
2.18862 3.89656530e-04
2.19619 4.26850870e-04
2.20380 4.41915413e-04
2.21143 4.37324907e-04
2.21908 4.03938440e-04
2.22676 4.51887893e-04
2.23447 3.87447137e-04
2.24220 3.88843333e-04
2.24997 4.06700270e-04
2.25775 4.61414113e-04
2.26557 4.42424920e-04
2.27341 4.12349010e-04
2.28128 4.00928393e-04
2.28918 4.15338387e-04
2.29710 3.87832977e-04
2.30505 4.06270793e-04
2.31303 4.33770020e-04
2.32104 4.45879637e-04
2.32908 4.25725680e-04
2.33714 3.90791967e-04
2.34523 3.85986103e-04
2.35335 4.09846880e-04
2.36149 4.09385780e-04
2.36967 4.40162527e-04
2.37787 4.28529557e-04
2.38610 4.07317013e-04
2.39436 4.16107063e-04
2.40265 4.00358820e-04
2.41097 3.98723417e-04
2.41931 4.08000007e-04
2.42769 4.27918290e-04
2.43609 4.39498967e-04
2.44452 4.19676260e-04
2.45298 4.05067870e-04
2.46148 4.02266643e-04
2.47000 3.99084347e-04
2.47855 4.06621830e-04
2.48713 4.22975333e-04
2.49574 4.35204023e-04
2.50438 4.25457147e-04
2.51304 4.06960853e-04
2.52174 4.05972403e-04
2.53047 4.10530050e-04
2.53923 4.13124930e-04
2.54802 4.15774753e-04
2.55684 4.27905217e-04
2.56569 4.26307443e-04
2.57457 4.20895613e-04
2.58349 4.20683437e-04
2.59243 4.15439440e-04
2.60140 4.11184423e-04
2.61041 4.12040727e-04
2.61944 4.19226997e-04
2.62851 4.27490050e-04
2.63761 4.27100853e-04
2.64674 4.25713667e-04
2.65590 4.17683283e-04
2.66510 4.13771707e-04
2.67432 4.15209067e-04
2.68358 4.20760287e-04
2.69287 4.28989773e-04
2.70219 4.34008343e-04
2.71154 4.30529600e-04
2.72093 4.24375770e-04
2.73035 4.24658083e-04
2.73980 4.27413907e-04
2.74928 4.28739967e-04
2.75880 4.29368547e-04
2.76835 4.31439610e-04
2.77793 4.31695423e-04
2.78755 4.30288450e-04
2.79720 4.30977450e-04
2.80688 4.31969080e-04
2.81660 4.31563983e-04
2.82635 4.31274073e-04
2.83613 4.33188963e-04
2.84595 4.36441927e-04
2.85580 4.37505460e-04
2.86569 4.37244523e-04
2.87561 4.36539977e-04
2.88556 4.36322323e-04
2.89555 4.38059310e-04
2.90557 4.41536640e-04
2.91563 4.45242400e-04
2.92572 4.47008183e-04
2.93585 4.45998180e-04
2.94601 4.44072337e-04
2.95621 4.42703170e-04
2.96644 4.42654410e-04
2.97671 4.44480437e-04
2.98702 4.46684707e-04
2.99736 4.48266403e-04
3.00773 4.49129950e-04
3.01814 4.49456253e-04
3.02859 4.49539640e-04
3.03907 4.50103030e-04
3.04960 4.51536327e-04
3.06015 4.53154947e-04
3.07074 4.54367410e-04
3.08137 4.55328830e-04
3.09204 4.56296963e-04
3.10274 4.57342830e-04
3.11348 4.58340820e-04
3.12426 4.59275740e-04
3.13508 4.60525657e-04
3.14593 4.61503860e-04
3.15682 4.62424117e-04
3.16775 4.63530050e-04
3.17871 4.64823427e-04
3.18972 4.66022640e-04
3.20076 4.66903500e-04
3.21184 4.67513530e-04
3.22295 4.67962263e-04
3.23411 4.68491203e-04
3.24531 4.69382840e-04
3.25654 4.70563503e-04
3.26781 4.71637107e-04
3.27912 4.72340063e-04
3.29047 4.72779257e-04
3.30187 4.73479740e-04
3.31330 4.74410243e-04
3.32476 4.75597267e-04
3.33627 4.77077910e-04
3.34782 4.78619327e-04
3.35941 4.79967293e-04
3.37104 4.81104673e-04
3.38271 4.82208487e-04
3.39442 4.83434730e-04
3.40617 4.84716270e-04
3.41796 4.86025193e-04
3.42979 4.87215927e-04
3.44166 4.88115867e-04
3.45358 4.88706287e-04
3.46553 4.89144597e-04
3.47753 4.89612587e-04
3.48957 4.90216433e-04
3.50164 4.90955960e-04
3.51377 4.91781170e-04
3.52593 4.92602670e-04
3.53814 4.93236903e-04
3.55038 4.93831917e-04
3.56267 4.94647410e-04
3.57500 4.95697693e-04
3.58738 4.96989657e-04
3.59980 4.98393803e-04
3.61226 4.99738237e-04
3.62476 5.00946813e-04
3.63731 5.02065643e-04
3.64990 5.03195957e-04
3.66254 5.04419550e-04
3.67521 5.05718403e-04
3.68794 5.06972913e-04
3.70070 5.08034680e-04
3.71351 5.08827560e-04
3.72637 5.09396250e-04
3.73927 5.09867420e-04
3.75221 5.10359967e-04
3.76520 5.10914170e-04
3.77823 5.11482507e-04
3.79131 5.11980883e-04
3.80443 5.12362837e-04
3.81760 5.12659813e-04
3.83082 5.12959793e-04
3.84408 5.13344397e-04
3.85739 5.13893477e-04
3.87074 5.14508453e-04
3.88414 5.15093927e-04
3.89758 5.15596897e-04
3.91107 5.16030613e-04
3.92461 5.16452847e-04
3.93820 5.16912887e-04
3.95183 5.17412853e-04
3.96551 5.17912997e-04
3.97924 5.18364733e-04
3.99301 5.18742623e-04
4.00683 5.19051967e-04
4.02070 5.19310607e-04
4.03462 5.19527730e-04
4.04859 5.19693797e-04
4.06260 5.19789020e-04
4.07667 5.19795733e-04
4.09078 5.19707047e-04
4.10494 5.19525963e-04
4.11915 5.19261670e-04
4.13341 5.18924060e-04
4.14771 5.18522497e-04
4.16207 5.18064753e-04
4.17648 5.17510550e-04
4.19094 5.16880027e-04
4.20545 5.16200390e-04
4.22000 5.15479060e-04
4.23461 5.14725930e-04
4.24927 5.13953190e-04
4.26398 5.13171263e-04
4.27874 5.12387217e-04
4.29355 5.11602993e-04
4.30841 5.10816650e-04
4.32332 5.10025890e-04
4.33829 5.09227533e-04
4.35331 5.08418577e-04
4.36838 5.07593013e-04
4.38350 5.06740950e-04
4.39867 5.05848607e-04
4.41390 5.04901673e-04
4.42918 5.03887077e-04
4.44451 5.02795453e-04
4.45990 5.01620267e-04
4.47533 5.00357630e-04
4.49083 4.99005600e-04
4.50637 4.97564883e-04
4.52197 4.96039013e-04
4.53762 4.94434880e-04
4.55333 4.92700897e-04
4.56909 4.90849607e-04
4.58491 4.88944433e-04
4.60078 4.86995447e-04
4.61670 4.85012187e-04
4.63269 4.83002957e-04
4.64872 4.80975353e-04
4.66481 4.78935207e-04
4.68096 4.76886580e-04
4.69717 4.74832477e-04
4.71343 4.72774310e-04
4.72974 4.70712257e-04
4.74611 4.68646317e-04
4.76254 4.66574723e-04
4.77903 4.64495710e-04
4.79557 4.62406627e-04
4.81217 4.60303763e-04
4.82883 4.58183587e-04
4.84555 4.56042210e-04
4.86232 4.53875393e-04
4.87915 4.51679073e-04
4.89604 4.49449010e-04
4.91299 4.47181847e-04
4.92999 4.44874227e-04
4.94706 4.42523500e-04
4.96418 4.40128077e-04
4.98137 4.37686897e-04
4.99861 4.35200313e-04
5.01591 4.32216237e-04
5.03328 4.29138880e-04
5.05070 4.26010467e-04
5.06818 4.22835413e-04
5.08573 4.19618137e-04
5.10333 4.16363583e-04
5.12100 4.13077053e-04
5.13873 4.09763317e-04
5.15651 4.06427497e-04
5.17436 4.03074010e-04
5.19228 3.99707450e-04
5.21025 3.96331880e-04
5.22828 3.92950833e-04
5.24638 3.89567490e-04
5.26454 3.86184500e-04
5.28277 3.82803983e-04
5.30105 3.79427707e-04
5.31940 3.76056553e-04
5.33782 3.72691053e-04
5.35629 3.69331560e-04
5.37484 3.65977190e-04
5.39344 3.62627590e-04
5.41211 3.59281347e-04
5.43084 3.55937047e-04
5.44965 3.52593100e-04
5.46851 3.49247917e-04
5.48744 3.45900083e-04
5.50643 3.42548010e-04
5.52550 3.39190637e-04
5.54462 3.35826903e-04
5.56381 3.32107893e-04
5.58308 3.27871780e-04
5.60240 3.23626657e-04
5.62179 3.19374467e-04
5.64125 3.15117330e-04
5.66078 3.10857897e-04
5.68038 3.06599170e-04
5.70004 3.02344153e-04
5.71977 2.98096027e-04
5.73957 2.93858323e-04
5.75944 2.89633870e-04
5.77938 2.85426023e-04
5.79938 2.81237257e-04
5.81946 2.77070397e-04
5.83960 2.72927387e-04
5.85982 2.68810523e-04
5.88010 2.64721397e-04
5.90045 2.59858647e-04
5.92088 2.54952967e-04
5.94137 2.50088803e-04
5.96194 2.45267217e-04
5.98258 2.40488737e-04
6.00329 2.35753717e-04
6.02407 2.31062333e-04
6.04492 2.26414763e-04
6.06585 2.21810830e-04
6.08684 2.17250533e-04
6.10791 2.12733873e-04
6.12906 2.08261203e-04
6.15027 2.03832523e-04
6.17156 1.99448187e-04
6.19293 1.95108723e-04
6.21436 1.90815017e-04
6.23588 1.86567420e-04
6.25746 1.81995640e-04
6.27912 1.76783973e-04
6.30086 1.71647302e-04
6.32267 1.66587833e-04
6.34455 1.61607671e-04
6.36652 1.56708810e-04
6.38856 1.51893142e-04
6.41067 1.47162344e-04
6.43286 1.42517883e-04
6.45513 1.37777475e-04
6.47747 1.32030791e-04
6.49990 1.26425423e-04
6.52240 1.20962430e-04
6.54497 1.15642396e-04
6.56763 1.10472158e-04
6.59037 1.05528406e-04
6.61318 1.00808420e-04
6.63607 9.63421987e-05
6.65904 9.21044070e-05
6.68209 8.78061777e-05
6.70522 8.37177577e-05
6.72843 8.00407237e-05
6.75172 7.67551653e-05
6.77510 7.31877177e-05
6.79855 7.01866810e-05
6.82208 6.79664933e-05
6.84570 6.65989520e-05
6.86939 6.57918680e-05
6.89317 6.50490200e-05
6.91704 6.43199873e-05
6.94098 6.36044520e-05
6.96500 2.38911987e-04
6.98911 1.08755258e-03
7.01331 2.14106573e-03
7.03759 2.60502950e-03
7.06195 3.16022747e-03
7.08639 3.82163390e-03
7.11092 4.60808323e-03
7.13554 5.54004760e-03
7.16024 6.64222853e-03
7.18502 7.94236270e-03
7.20990 9.47230133e-03
7.23485 1.12705189e-02
7.25990 1.33810407e-02
7.28503 1.58565011e-02
7.31025 1.87589967e-02
7.33555 2.21614200e-02
7.36094 2.61570017e-02
7.38642 3.08539147e-02
7.41199 3.63887223e-02
7.43765 4.29260250e-02
7.46340 5.06687597e-02
7.48923 5.98645777e-02
7.51516 7.08141833e-02
7.54117 8.38773407e-02
7.56727 9.94828373e-02
7.59347 1.18131824e-01
7.61975 1.40396505e-01
7.64613 1.66912034e-01
7.67260 1.98359920e-01
7.69916 2.35418580e-01
7.72581 2.78709863e-01
7.75255 3.28608657e-01
7.77939 3.85096410e-01
7.80632 4.47401973e-01
7.83334 5.13724407e-01
7.86046 5.81145530e-01
7.88767 6.45997743e-01
7.91497 7.05140267e-01
7.94237 7.57422470e-01
7.96986 8.04224297e-01
7.99745 8.48051233e-01
8.02513 8.90890427e-01
8.05291 9.33484230e-01
8.08079 9.75806497e-01
8.10876 1.01743870e+00
8.13683 1.05773107e+00
8.16500 1.09613346e+00
8.19326 1.13211180e+00
8.22162 1.16524846e+00
8.25008 1.19523356e+00
8.27864 1.22185758e+00
8.30730 1.24497265e+00
8.33605 1.26457788e+00
8.36491 1.28069059e+00
8.39386 1.29338108e+00
8.42292 1.30268912e+00
8.45208 1.30875868e+00
8.48133 1.31173339e+00
8.51069 1.31179152e+00
8.54016 1.30914982e+00
8.56972 1.30416623e+00
8.59938 1.29726510e+00
8.62915 1.28906229e+00
8.65902 1.28048936e+00
8.68899 1.27313526e+00
8.71907 1.26934576e+00
8.74925 1.27209770e+00
8.77954 1.28346796e+00
8.80993 1.30228685e+00
8.84043 1.32155147e+00
8.87103 1.32944582e+00
8.90174 1.31835910e+00
8.93255 1.29437006e+00
8.96347 1.27094353e+00
8.99450 1.25784264e+00
9.02563 1.25850708e+00
9.05688 1.27216430e+00
9.08823 1.29554755e+00
9.11969 1.32514734e+00
9.15126 1.35805151e+00
9.18294 1.39191091e+00
9.21472 1.42497249e+00
9.24662 1.45544943e+00
9.27863 1.48217857e+00
9.31075 1.50440783e+00
9.34298 1.52215399e+00
9.37532 1.53609370e+00
9.40777 1.54748411e+00
9.44034 1.55764562e+00
9.47302 1.56760326e+00
9.50581 1.57791529e+00
9.53871 1.58883895e+00
9.57173 1.60004668e+00
9.60487 1.61109029e+00
9.63811 1.62129986e+00
9.67148 1.62977809e+00
9.70495 1.63571798e+00
9.73855 1.63813248e+00
9.77226 1.63629409e+00
9.80609 1.62966290e+00
9.84003 1.61823257e+00
9.87409 1.60249687e+00
9.90827 1.58368222e+00
9.94257 1.56350777e+00
9.97699 1.54401261e+00
10.01153 1.52686711e+00
10.04618 1.51281504e+00
10.08096 1.50132570e+00
10.11585 1.49158783e+00
10.15087 1.48329899e+00
10.18601 1.47703721e+00
10.22127 1.47326573e+00
10.25665 1.47197801e+00
10.29215 1.47244017e+00
10.32778 1.47383107e+00
10.36353 1.47531524e+00
10.39941 1.47634556e+00
10.43540 1.47654785e+00
10.47153 1.47564879e+00
10.50777 1.47361147e+00
10.54415 1.47032794e+00
10.58065 1.46584096e+00
10.61727 1.46017173e+00
10.65403 1.45329215e+00
10.69091 1.44522025e+00
10.72791 1.43601044e+00
10.76505 1.42559418e+00
10.80231 1.41405749e+00
10.83971 1.40144243e+00
10.87723 1.38785323e+00
10.91488 1.37348405e+00
10.95266 1.35857691e+00
10.99058 1.34346061e+00
11.02862 1.32848740e+00
11.06680 1.31413412e+00
11.10511 1.30076204e+00
11.14355 1.28876761e+00
11.18212 1.27841830e+00
11.22083 1.27000013e+00
11.25967 1.26367812e+00
11.29865 1.25959888e+00
11.33776 1.25786737e+00
11.37701 1.25869329e+00
11.41639 1.26222680e+00
11.45591 1.26863273e+00
11.49556 1.27811708e+00
11.53536 1.29074469e+00
11.57529 1.30648162e+00
11.61536 1.32508339e+00
11.65556 1.34632561e+00
11.69591 1.36973960e+00
11.73640 1.39481920e+00
11.77702 1.42095155e+00
11.81779 1.44759960e+00
11.85870 1.47411497e+00
11.89975 1.50005776e+00
11.94094 1.52498578e+00
11.98227 1.54851920e+00
12.02375 1.57034795e+00
12.06537 1.59027719e+00
12.10714 1.60818465e+00
12.14905 1.62387778e+00
12.19110 1.63738783e+00
12.23330 1.64869344e+00
12.27565 1.65779071e+00
12.31814 1.66471481e+00
12.36078 1.66951378e+00
12.40357 1.67219134e+00
12.44651 1.67281639e+00
12.48959 1.67142620e+00
12.53283 1.66804338e+00
12.57621 1.66264922e+00
12.61974 1.65523858e+00
12.66343 1.64582190e+00
12.70726 1.63437301e+00
12.75125 1.62075890e+00
12.79539 1.60496314e+00
12.83968 1.58692635e+00
12.88413 1.56651128e+00
12.92873 1.54357430e+00
12.97348 1.51805762e+00
13.01839 1.48977735e+00
13.06345 1.45858721e+00
13.10867 1.42442570e+00
13.15405 1.38711671e+00
13.19959 1.34665774e+00
13.24528 1.30315040e+00
13.29113 1.25665491e+00
13.33713 1.20756543e+00
13.38330 1.15628669e+00
13.42963 1.10340011e+00
13.47612 1.04963338e+00
13.52277 9.95754990e-01
13.56958 9.42498470e-01
13.61655 8.90582850e-01
13.66368 8.40649430e-01
13.71098 7.93069563e-01
13.75844 7.48168493e-01
13.80607 7.06096033e-01
13.85386 6.66880803e-01
13.90182 6.30505843e-01
13.94994 5.96874340e-01
13.99823 5.65991593e-01
14.04668 5.37750367e-01
14.09531 5.12247120e-01
14.14410 4.89372320e-01
14.19306 4.69340793e-01
14.24219 4.51918633e-01
14.29149 4.37277913e-01
14.34096 4.25190733e-01
14.39060 4.15617520e-01
14.44042 4.08423123e-01
14.49041 4.03403847e-01
14.54057 4.00475597e-01
14.59090 3.99386093e-01
14.64141 3.99924220e-01
14.69209 4.02029910e-01
14.74295 4.05481623e-01
14.79398 4.10107110e-01
14.84519 4.15837293e-01
14.89658 4.22497097e-01
14.94814 4.30002073e-01
14.99989 4.38267600e-01
15.05181 4.47182200e-01
15.10392 4.56659660e-01
15.15620 4.66663233e-01
15.20866 4.77115717e-01
15.26131 4.87931427e-01
15.31414 4.99097820e-01
15.36715 5.10547587e-01
15.42034 5.22260940e-01
15.47372 5.34166507e-01
15.52729 5.46234783e-01
15.58103 5.58459940e-01
15.63497 5.70785797e-01
15.68909 5.83220480e-01
15.74340 5.95705337e-01
15.79790 6.08196730e-01
15.85258 6.20736530e-01
15.90746 6.33290287e-01
15.96252 6.45840333e-01
16.01778 6.58333847e-01
16.07323 6.70803687e-01
16.12886 6.83185370e-01
16.18470 6.95586133e-01
16.24072 7.07857753e-01
16.29694 7.20045987e-01
16.35335 7.32180513e-01
16.40996 7.44216990e-01
16.46677 7.56169020e-01
16.52377 7.68026533e-01
16.58097 7.79806667e-01
16.63836 7.91450767e-01
16.69596 8.03003000e-01
16.75375 8.14462660e-01
16.81175 8.25823740e-01
16.86994 8.37052850e-01
16.92834 8.48156527e-01
16.98694 8.59209853e-01
17.04574 8.70117077e-01
17.10474 8.80966707e-01
17.16395 8.91638433e-01
17.22337 9.02233487e-01
17.28299 9.12750100e-01
17.34281 9.23136863e-01
17.40285 9.33429463e-01
17.46309 9.43636910e-01
17.52354 9.53754257e-01
17.58420 9.63783270e-01
17.64507 9.73691797e-01
17.70615 9.83538137e-01
17.76744 9.93345787e-01
17.82894 1.00304214e+00
17.89066 1.01267489e+00
17.95259 1.02232990e+00
18.01473 1.03188085e+00
18.07709 1.04142544e+00
18.13967 1.05090873e+00
18.20246 1.06044785e+00
18.26547 1.06999704e+00
18.32870 1.07956778e+00
18.39214 1.08920371e+00
18.45581 1.09894952e+00
18.51969 1.10883084e+00
18.58380 1.11885314e+00
18.64813 1.12904292e+00
18.71268 1.13953463e+00
18.77746 1.15033815e+00
18.84246 1.16151002e+00
18.90768 1.17317267e+00
18.97313 1.18540913e+00
19.03881 1.19831110e+00
19.10472 1.21210382e+00
19.17085 1.22682951e+00
19.23721 1.24279223e+00
19.30380 1.26016545e+00
19.37062 1.27928609e+00
19.43768 1.30039457e+00
19.50496 1.32376439e+00
19.57248 1.34965507e+00
19.64023 1.37836817e+00
19.70822 1.40986042e+00
19.77644 1.44367371e+00
19.84490 1.47892172e+00
19.91359 1.51439886e+00
19.98252 1.54857202e+00
20.05169 1.58122020e+00
20.12110 1.61574687e+00
20.19076 1.66093220e+00
20.26065 1.72619905e+00
20.33078 1.81570580e+00
20.40116 1.92313680e+00
20.47178 2.03291747e+00
20.54264 2.12795707e+00
20.61375 2.19558683e+00
20.68511 2.22988667e+00
20.75671 2.23280167e+00
20.82856 2.21203273e+00
20.90066 2.17739370e+00
20.97301 2.13655897e+00
21.04561 2.09577547e+00
21.11846 2.05862600e+00
21.19157 2.02589143e+00
21.26492 1.99914057e+00
21.33853 1.97760490e+00
21.41240 1.96048060e+00
21.48652 1.94866867e+00
21.56090 1.94010033e+00
21.63553 1.93507240e+00
21.71043 1.93305840e+00
21.78558 1.93315380e+00
21.86099 1.93586210e+00
21.93666 1.93977880e+00
22.01260 1.94500107e+00
22.08880 1.95068797e+00
22.16526 1.95638017e+00
22.24199 1.96153883e+00
22.31898 1.96578413e+00
22.39624 1.96874860e+00
22.47377 1.97044460e+00
22.55156 1.97073610e+00
22.62962 1.96989163e+00
22.70796 1.96795360e+00
22.78656 1.96523647e+00
22.86544 1.96191160e+00
22.94459 1.95823163e+00
23.02402 1.95429727e+00
23.10372 1.95023747e+00
23.18369 1.94614233e+00
23.26394 1.94195180e+00
23.34447 1.93763760e+00
23.42528 1.93296653e+00
23.50637 1.92768067e+00
23.58774 1.92128180e+00
23.66939 1.91319400e+00
23.75133 1.90262933e+00
23.83354 1.88864087e+00
23.91604 1.87028873e+00
23.99883 1.84663130e+00
24.08191 1.81706437e+00
24.16527 1.78141657e+00
24.24892 1.74013434e+00
24.33286 1.69435223e+00
24.41709 1.64571272e+00
24.50161 1.59611496e+00
24.58642 1.54765371e+00
24.67153 1.50196965e+00
24.75693 1.46029822e+00
24.84263 1.42375790e+00
24.92863 1.39236830e+00
25.01492 1.36640590e+00
25.10151 1.34543291e+00
25.18840 1.32877183e+00
25.27559 1.31623910e+00
25.36309 1.30667684e+00
25.45088 1.29947379e+00
25.53898 1.29411743e+00
25.62739 1.28970341e+00
25.71610 1.28582452e+00
25.80512 1.28206664e+00
25.89444 1.27788600e+00
25.98408 1.27313685e+00
26.07403 1.26763015e+00
26.16428 1.26113712e+00
26.25485 1.25366341e+00
26.34574 1.24520020e+00
26.43694 1.23571832e+00
26.52845 1.22523881e+00
26.62028 1.21397454e+00
26.71243 1.20185344e+00
26.80489 1.18888469e+00
26.89768 1.17532853e+00
26.99079 1.16114255e+00
27.08422 1.14641367e+00
27.17798 1.13121804e+00
27.27205 1.11558251e+00
27.36646 1.09967191e+00
27.46119 1.08340886e+00
27.55625 1.06696791e+00
27.65164 1.05037979e+00
27.74736 1.03360812e+00
27.84341 1.01668451e+00
27.93979 9.99829983e-01
28.03650 9.82827407e-01
28.13355 9.65908040e-01
28.23094 9.48967650e-01
28.32867 9.32169123e-01
28.42673 9.15396567e-01
28.52513 8.98826647e-01
28.62387 8.82310257e-01
28.72295 8.65913117e-01
28.82238 8.49786630e-01
28.92215 8.33738937e-01
29.02227 8.17926740e-01
29.12273 8.02323893e-01
29.22354 7.86910610e-01
29.32470 7.71652970e-01
29.42621 7.56695310e-01
29.52807 7.41955303e-01
29.63029 7.27441960e-01
29.73286 7.13152630e-01
29.83578 6.99128300e-01
29.93906 6.85348123e-01
30.04269 6.71748677e-01
30.14669 6.58367590e-01
30.25104 6.45286307e-01
30.35576 6.32480623e-01
30.46084 6.19870687e-01
30.56628 6.07474517e-01
30.67209 5.95355360e-01
30.77826 5.83491310e-01
30.88481 5.71804103e-01
30.99172 5.60383840e-01
31.09900 5.49172927e-01
31.20665 5.38215353e-01
31.31467 5.27447167e-01
31.42307 5.16935853e-01
31.53184 5.06630710e-01
31.64099 4.96522197e-01
31.75052 4.86579043e-01
31.86043 4.76875097e-01
31.97072 4.67397107e-01
32.08139 4.58085183e-01
32.19244 4.49003987e-01
32.30388 4.40113237e-01
32.41570 4.31379190e-01
32.52791 4.22839300e-01
32.64051 4.14486677e-01
32.75349 4.06300297e-01
32.86687 3.98300477e-01
32.98064 3.90444640e-01
33.09481 3.82761760e-01
33.20937 3.75264203e-01
33.32433 3.67918933e-01
33.43968 3.60717293e-01
33.55544 3.53656280e-01
33.67159 3.46764337e-01
33.78815 3.40028037e-01
33.90511 3.33402330e-01
34.02247 3.26951700e-01
34.14024 3.20607600e-01
34.25842 3.14409780e-01
34.37701 3.08326087e-01
34.49601 3.02385493e-01
34.61542 2.96569803e-01
34.73525 2.90871420e-01
34.85549 2.85292287e-01
34.97614 2.79827280e-01
35.09721 2.74476047e-01
35.21871 2.69233287e-01
35.34062 2.64101473e-01
35.46295 2.59070183e-01
35.58571 2.54144717e-01
35.70889 2.49330903e-01
35.83250 2.44604187e-01
35.95654 2.39982233e-01
36.08101 2.35447377e-01
36.20590 2.31010747e-01
36.33123 2.26658917e-01
36.45700 2.22398777e-01
36.58320 2.18220963e-01
36.70983 2.14129010e-01
36.83691 2.10121680e-01
36.96442 2.06192260e-01
37.09238 2.02341280e-01
37.22077 1.98569623e-01
37.34962 1.94873580e-01
37.47890 1.91251913e-01
37.60864 1.87700030e-01
37.73883 1.84220050e-01
37.86946 1.80807733e-01
38.00055 1.77463963e-01
38.13209 1.74185383e-01
38.26409 1.70970368e-01
38.39654 1.67818811e-01
38.52946 1.64730802e-01
38.66283 1.61703972e-01
38.79667 1.58734682e-01
38.93096 1.55821201e-01
39.06573 1.52966710e-01
39.20096 1.50168963e-01
39.33665 1.47422963e-01
39.47282 1.44732259e-01
39.60946 1.42092770e-01
39.74657 1.39502501e-01
39.88416 1.36962706e-01
40.02222 1.34474444e-01
40.16076 1.32032363e-01
40.29978 1.29636587e-01
40.43928 1.27286832e-01
40.57926 1.24980731e-01
40.71973 1.22719839e-01
40.86069 1.20503167e-01
41.00213 1.18327553e-01
41.14406 1.16194638e-01
41.28648 1.14100555e-01
41.42940 1.12045728e-01
41.57281 1.10030526e-01
41.71672 1.08054015e-01
41.86113 1.06114674e-01
42.00603 1.04211674e-01
42.15144 1.02345721e-01
42.29735 1.00513705e-01
42.44377 9.87162807e-02
42.59069 9.69528647e-02
42.73812 9.52212310e-02
42.88606 9.35232347e-02
43.03451 9.18573563e-02
43.18348 9.02222533e-02
43.33297 8.86173250e-02
43.48297 8.70422710e-02
43.63349 8.54977980e-02
43.78453 8.39811323e-02
43.93609 8.24928747e-02
44.08818 8.10325127e-02
44.24079 7.95982620e-02
44.39394 7.81915713e-02
44.54761 7.68111510e-02
44.70182 7.54562413e-02
44.85655 7.41261710e-02
45.01183 7.28194913e-02
45.16764 7.15379337e-02
45.32399 7.02803850e-02
45.48089 6.90461033e-02
45.63832 6.78346117e-02
45.79630 6.66454330e-02
45.95483 6.54782493e-02
46.11391 6.43323717e-02
46.27353 6.32065810e-02
46.43371 6.21027323e-02
46.59445 6.10187940e-02
46.75574 5.99542360e-02
46.91759 5.89093763e-02
47.08000 5.78838793e-02
47.24297 5.68773210e-02
47.40650 5.58893657e-02
47.57060 5.49198013e-02
47.73527 5.39673383e-02
47.90051 5.30321357e-02
48.06633 5.21142640e-02
48.23271 5.12124690e-02
48.39967 5.03272100e-02
48.56721 4.94582750e-02
48.73533 4.86057523e-02
48.90403 4.77683170e-02
49.07332 4.69460220e-02
49.24319 4.61389380e-02
49.41365 4.53462523e-02
49.58470 4.45681063e-02
49.75634 4.38042350e-02
49.92858 4.30540907e-02
50.10141 4.25804650e-02
50.27484 4.22970917e-02
50.44887 4.20160150e-02
50.62350 4.17372173e-02
50.79874 4.14606633e-02
50.97458 4.11863530e-02
51.15104 4.09142510e-02
51.32810 4.06443397e-02
51.50578 4.03765837e-02
51.68407 4.01109830e-02
51.86298 3.98474847e-02
52.04250 3.95860710e-02
52.22265 3.93267597e-02
52.40343 3.90694800e-02
52.58482 3.88142320e-02
52.76685 3.85610157e-02
52.94951 3.83097780e-02
53.13280 3.80605013e-02
53.31672 3.78131857e-02
53.50128 3.75678133e-02
53.68648 3.73243490e-02
53.87232 3.70827750e-02
54.05880 3.68430737e-02
54.24593 3.66052273e-02
54.43371 3.63692360e-02
54.62214 3.61350643e-02
54.81122 3.59026770e-02
55.00095 3.56720917e-02
55.19134 3.54432730e-02
55.38239 3.52162033e-02
55.57410 3.49908827e-02
55.76647 3.47672580e-02
55.95951 3.45453647e-02
56.15322 3.43251320e-02
56.34760 3.41065777e-02
56.54265 3.38896840e-02
56.73838 3.36744333e-02
56.93479 3.34608080e-02
57.13187 3.32487727e-02
57.32964 3.30383450e-02
57.52809 3.28295073e-02
57.72723 3.26222243e-02
57.92705 3.24164960e-02
58.12757 3.22123047e-02
58.32879 3.20096327e-02
58.53070 3.18084623e-02
58.73331 3.16087937e-02
58.93662 3.14106090e-02
59.14063 3.12138907e-02
59.34535 3.10186387e-02
59.55078 3.08248177e-02
59.75692 3.06324100e-02
59.96377 3.04414510e-02
60.17134 3.02518700e-02
60.37963 3.00636847e-02
60.58864 2.98768950e-02
60.79837 2.96914480e-02
61.00883 2.95073790e-02
61.22002 2.93246350e-02
61.43194 2.91432160e-02
61.64459 2.89631397e-02
61.85797 2.87843530e-02
62.07210 2.86068737e-02
62.28697 2.84306663e-02
62.50258 2.82557487e-02
62.71894 2.80820853e-02
62.93605 2.79096763e-02
63.15390 2.77385040e-02
63.37252 2.75685507e-02
63.59189 2.73998340e-02
63.81201 2.72323187e-02
64.03290 2.70660047e-02
64.25456 2.69008743e-02
64.47698 2.67369277e-02
64.70017 2.65741647e-02
64.92414 2.64125323e-02
65.14888 2.62520660e-02
65.37440 2.60927303e-02
65.60070 2.59345253e-02
65.82778 2.57774333e-02
66.05565 2.56214720e-02
66.28430 2.54665883e-02
66.51375 2.53128177e-02
66.74400 2.51601070e-02
66.97504 2.50084917e-02
67.20688 2.48579187e-02
67.43952 2.47084057e-02
67.67297 2.45599527e-02
67.90722 2.44125243e-02
68.14229 2.42661383e-02
68.37817 2.41207593e-02
68.61486 2.39764050e-02
68.85238 2.38330577e-02
69.09072 2.36906820e-02
69.32988 2.35493133e-02
69.56987 2.34089163e-02
69.81069 2.32694910e-02
70.05235 2.31310373e-02
70.29484 2.29935377e-02
70.53817 2.28569743e-02
70.78235 2.27213650e-02
71.02737 2.25866743e-02
71.27323 2.24529200e-02
71.51995 2.23200667e-02
71.76752 2.21881497e-02
72.01595 2.20571160e-02
72.26524 2.19269657e-02
72.51539 2.17977163e-02
72.76641 2.16693503e-02
73.01830 2.15418677e-02
73.27106 2.14152330e-02
73.52469 2.12894640e-02
73.77920 2.11645430e-02
74.03460 2.10404700e-02
74.29087 2.09172450e-02
74.54804 2.07948503e-02
74.80609 2.06732683e-02
75.06504 2.05525167e-02
75.32488 2.04325777e-02
75.58563 2.03134337e-02
75.84727 2.01951023e-02
76.10982 2.00775483e-02
76.37328 1.99607893e-02
76.63766 1.98448253e-02
76.90295 1.97296210e-02
77.16915 1.96151763e-02
77.43628 1.95015090e-02
77.70433 1.93886013e-02
77.97331 1.92764357e-02
78.24322 1.91650120e-02
78.51407 1.90543303e-02
78.78585 1.89443730e-02
79.05857 1.88351577e-02
79.33224 1.87266667e-02
79.60686 1.86188823e-02
79.88242 1.85118047e-02
80.15894 1.84054337e-02
80.43642 1.82997693e-02
80.71486 1.81947940e-02
80.99426 1.80904900e-02
81.27463 1.79868927e-02
81.55596 1.78839667e-02
81.83828 1.77817120e-02
82.12157 1.76801287e-02
82.40584 1.75792008e-02
82.69109 1.74789336e-02
82.97733 1.73793183e-02
83.26457 1.72803497e-02
83.55279 1.71820241e-02
83.84202 1.70843345e-02
84.13225 1.69872791e-02
84.42348 1.68908509e-02
84.71572 1.67950446e-02
85.00897 1.66998566e-02
85.30323 1.66052816e-02
85.59852 1.65113161e-02
85.89482 1.64179549e-02
86.19215 1.63251925e-02
86.49052 1.62330237e-02
86.78991 1.61414468e-02
87.09034 1.60504564e-02
87.39181 1.59600472e-02
87.69432 1.58702158e-02
87.99789 1.57809549e-02
88.30250 1.56922647e-02
88.60816 1.56041381e-02
88.91489 1.55165715e-02
89.22267 1.54295614e-02
89.53153 1.53431025e-02
89.84145 1.52571913e-02
90.15244 1.51718242e-02
90.46451 1.50869959e-02
90.77766 1.50027029e-02
91.09190 1.49189417e-02
91.40722 1.48357088e-02
91.72363 1.47529987e-02
92.04114 1.46708081e-02
92.35975 1.45891333e-02
92.67946 1.45079709e-02
93.00028 1.44273173e-02
93.32221 1.43471689e-02
93.64525 1.42675205e-02
93.96941 1.41883685e-02
94.29469 1.41097112e-02
94.62110 1.40315433e-02
94.94864 1.39538630e-02
95.27731 1.38766649e-02
95.60712 1.37999457e-02
95.93807 1.37237016e-02
96.27017 1.36479311e-02
96.60342 1.35726287e-02
96.93782 1.34977927e-02
97.27338 1.34234195e-02
97.61010 1.33495040e-02
97.94798 1.32760442e-02
98.28704 1.32030349e-02
98.62727 1.31304762e-02
98.96867 1.30583644e-02
99.31126 1.29866925e-02
99.65504 1.29154622e-02
100.00000 1.28446666e-02
