        2000  3.000000 2.710000
0.10000 5.11283234e-04
0.10035 5.23991725e-04
0.10069 5.16580850e-04
0.10104 5.02113786e-04
0.10139 5.72218343e-04
0.10174 5.02244950e-04
0.10210 4.85352003e-04
0.10245 5.17671896e-04
0.10280 4.93817826e-04
0.10316 5.47602979e-04
0.10352 5.02467387e-04
0.10387 5.58732082e-04
0.10423 4.82585526e-04
0.10459 5.12629345e-04
0.10496 5.82146157e-04
0.10532 4.81458166e-04
0.10568 4.70719737e-04
0.10605 4.83300099e-04
0.10642 4.74546257e-04
0.10679 5.14011554e-04
0.10716 4.65365861e-04
0.10753 4.77604004e-04
0.10790 5.32367034e-04
0.10827 4.66245961e-04
0.10865 5.04395498e-04
0.10902 4.53634705e-04
0.10940 4.54686402e-04
0.10978 4.59035084e-04
0.11016 4.83742913e-04
0.11054 4.60785961e-04
0.11092 5.04032466e-04
0.11131 4.49691872e-04
0.11169 6.04814331e-04
0.11208 4.63158946e-04
0.11247 4.65628298e-04
0.11286 4.57099711e-04
0.11325 4.83341942e-04
0.11364 6.25125673e-04
0.11403 4.92022505e-04
0.11443 4.48701529e-04
0.11482 4.50970558e-04
0.11522 4.72069968e-04
0.11562 4.61686006e-04
0.11602 4.45742643e-04
0.11642 4.35636186e-04
0.11682 4.45527252e-04
0.11723 4.36678343e-04
0.11763 4.37436601e-04
0.11804 4.49232147e-04
0.11845 5.95025269e-04
0.11886 4.40820307e-04
0.11927 4.61355170e-04
0.11968 4.39215770e-04
0.12010 4.45520640e-04
0.12051 4.46117707e-04
0.12093 4.47885277e-04
0.12135 4.60242118e-04
0.12177 5.32832504e-04
0.12219 4.32816376e-04
0.12262 4.55680863e-04
0.12304 4.40893586e-04
0.12347 4.24485620e-04
0.12389 4.34595329e-04
0.12432 4.16379684e-04
0.12475 4.24155867e-04
0.12518 4.40028337e-04
0.12562 5.11537540e-04
0.12605 4.41019438e-04
0.12649 4.64531615e-04
0.12693 4.12993377e-04
0.12737 4.08735100e-04
0.12781 4.71000602e-04
0.12825 5.45883430e-04
0.12869 4.44418645e-04
0.12914 4.27146298e-04
0.12959 4.15419694e-04
0.13003 4.18102702e-04
0.13048 4.10550474e-04
0.13094 4.10450530e-04
0.13139 4.23786982e-04
0.13184 4.34767576e-04
0.13230 4.43773665e-04
0.13276 4.38500764e-04
0.13322 4.14490706e-04
0.13368 3.98436124e-04
0.13414 3.93955844e-04
0.13461 3.97212938e-04
0.13507 4.09492057e-04
0.13554 4.12215498e-04
0.13601 4.27318437e-04
0.13648 3.97206001e-04
0.13695 4.25851676e-04
0.13743 4.18492184e-04
0.13790 4.02901445e-04
0.13838 4.03217214e-04
0.13886 3.93947714e-04
0.13934 3.95591491e-04
0.13982 4.31520238e-04
0.14031 3.92574394e-04
0.14079 4.07552889e-04
0.14128 4.26466521e-04
0.14177 3.88690639e-04
0.14226 4.05072589e-04
0.14275 3.86359930e-04
0.14324 5.21033922e-04
0.14374 3.83636272e-04
0.14424 3.86019446e-04
0.14474 3.94371774e-04
0.14524 4.03672820e-04
0.14574 3.69284979e-04
0.14625 3.71652435e-04
0.14675 4.06061305e-04
0.14726 3.92201281e-04
0.14777 3.85981940e-04
0.14828 3.97292179e-04
0.14879 3.89165648e-04
0.14931 3.80510992e-04
0.14983 3.91540366e-04
0.15034 3.81239548e-04
0.15087 4.38050254e-04
0.15139 4.00448462e-04
0.15191 3.74075934e-04
0.15244 4.00408570e-04
0.15297 3.97158522e-04
0.15349 3.85080377e-04
0.15403 4.59295570e-04
0.15456 3.83020560e-04
0.15509 3.82407016e-04
0.15563 3.58633053e-04
0.15617 4.52381059e-04
0.15671 3.65637536e-04
0.15725 3.81418300e-04
0.15780 3.93069023e-04
0.15834 3.60064150e-04
0.15889 3.64827463e-04
0.15944 3.87815959e-04
0.15999 3.89032641e-04
0.16055 3.82429997e-04
0.16110 3.74390402e-04
0.16166 4.05076383e-04
0.16222 3.90666120e-04
0.16278 3.77605872e-04
0.16335 3.96764921e-04
0.16391 3.52434091e-04
0.16448 3.64455217e-04
0.16505 4.18374353e-04
0.16562 3.82558342e-04
0.16619 3.49513036e-04
0.16677 3.66688366e-04
0.16734 3.53487414e-04
0.16792 4.63826256e-04
0.16851 3.63829207e-04
0.16909 3.45745486e-04
0.16967 3.55239049e-04
0.17026 3.62334371e-04
0.17085 3.68344718e-04
0.17144 3.88494543e-04
0.17204 3.43286432e-04
0.17263 3.58496469e-04
0.17323 3.70910220e-04
0.17383 3.54937480e-04
0.17443 3.69613431e-04
0.17503 3.51740764e-04
0.17564 4.95526210e-04
0.17625 4.03221984e-04
0.17686 3.60658290e-04
0.17747 5.12240081e-04
0.17808 3.69088992e-04
0.17870 3.48221667e-04
0.17932 3.51237246e-04
0.17994 5.29317742e-04
0.18056 3.60600947e-04
0.18119 3.60934602e-04
0.18182 3.49528754e-04
0.18244 3.49445069e-04
0.18308 4.66253874e-04
0.18371 6.46302480e-04
0.18435 3.57201198e-04
0.18498 3.41607532e-04
0.18562 3.62523963e-04
0.18627 3.50980880e-04
0.18691 3.96831912e-04
0.18756 5.99550861e-04
0.18821 3.54845232e-04
0.18886 3.68804984e-04
0.18951 3.57722818e-04
0.19017 3.97952877e-04
0.19083 3.74707472e-04
0.19149 4.06442006e-04
0.19215 7.99085017e-04
0.19282 3.42482537e-04
0.19348 3.42117554e-04
0.19415 4.63461707e-04
0.19483 3.47791210e-04
0.19550 3.81310875e-04
0.19618 3.71960291e-04
0.19686 4.78921064e-04
0.19754 3.60806473e-04
0.19822 3.71896660e-04
0.19891 3.40558654e-04
0.19960 3.57205967e-04
0.20029 3.35602172e-04
0.20098 4.73756455e-04
0.20168 4.37078231e-04
0.20237 3.40028361e-04
0.20307 3.84475071e-04
0.20378 4.13422966e-04
0.20448 3.47026774e-04
0.20519 3.77562620e-04
0.20590 3.63596798e-04
0.20661 3.97262911e-04
0.20733 4.18087526e-04
0.20805 3.58246282e-04
0.20877 3.27885935e-04
0.20949 3.43279386e-04
0.21021 3.18718872e-04
0.21094 4.28395933e-04
0.21167 3.23030699e-04
0.21240 4.17296098e-04
0.21314 4.40673208e-04
0.21388 3.68792193e-04
0.21462 4.03291252e-04
0.21536 3.27934715e-04
0.21611 3.53988438e-04
0.21685 3.84995066e-04
0.21760 4.06111061e-04
0.21836 3.90840102e-04
0.21911 3.91550556e-04
0.21987 7.80377779e-04
0.22063 4.20993405e-04
0.22140 3.96634299e-04
0.22216 3.52607531e-04
0.22293 4.41122960e-04
0.22370 3.82841050e-04
0.22448 3.43492608e-04
0.22526 3.28598015e-04
0.22604 8.36015054e-04
0.22682 5.06550707e-04
0.22760 7.65473538e-04
0.22839 3.40902824e-04
0.22918 3.94299688e-04
0.22998 7.43755706e-04
0.23077 5.92090664e-04
0.23157 4.42737686e-04
0.23237 4.16036165e-04
0.23318 3.74917660e-04
0.23398 3.22082633e-04
0.23479 4.44126724e-04
0.23561 6.94109265e-04
0.23642 6.40636846e-04
0.23724 3.19313338e-04
0.23806 5.55089734e-04
0.23889 3.63774899e-04
0.23971 3.73222067e-04
0.24054 3.81909135e-04
0.24137 4.11981463e-04
0.24221 3.59471961e-04
0.24305 3.51397462e-04
0.24389 5.00143833e-04
0.24473 3.32304319e-04
0.24558 6.38463968e-04
0.24643 4.95145292e-04
0.24728 9.54036638e-04
0.24814 3.26012024e-04
0.24900 6.22994529e-04
0.24986 3.16129196e-04
0.25073 6.42825658e-04
0.25159 4.77813975e-04
0.25246 4.01266231e-04
0.25334 3.52138809e-04
0.25422 5.27014350e-04
0.25510 8.17998649e-04
0.25598 4.01790345e-04
0.25687 6.09910215e-04
0.25775 3.86443398e-04
0.25865 3.34849334e-04
0.25954 5.86507089e-04
0.26044 4.72777711e-04
0.26134 4.40820741e-04
0.26225 4.49512253e-04
0.26315 3.40558220e-04
0.26406 1.78377078e-03
0.26498 3.49169300e-04
0.26590 3.43788540e-04
0.26682 4.17469213e-04
0.26774 5.62437736e-04
0.26867 3.46813334e-04
0.26960 4.35691686e-04
0.27053 4.12550671e-04
0.27147 3.80714242e-04
0.27241 4.54325755e-04
0.27335 4.09264634e-04
0.27430 3.64036576e-04
0.27525 5.06763062e-04
0.27620 3.40860331e-04
0.27715 6.29468936e-04
0.27811 3.34293242e-04
0.27908 3.33293144e-04
0.28004 4.12817552e-04
0.28101 3.62778811e-04
0.28198 5.75178964e-04
0.28296 4.18054248e-04
0.28394 5.04930886e-04
0.28492 3.57568999e-04
0.28591 5.73020936e-04
0.28690 5.27784099e-04
0.28789 4.71312902e-04
0.28889 3.13403695e-04
0.28989 3.94391612e-04
0.29089 4.39799504e-04
0.29190 5.22939703e-04
0.29291 4.95025727e-04
0.29392 3.24484560e-04
0.29494 3.42029317e-04
0.29596 3.06577639e-04
0.29699 4.02534945e-04
0.29801 3.58867522e-04
0.29905 3.07612967e-04
0.30008 4.71543794e-04
0.30112 4.40669740e-04
0.30216 9.96854422e-04
0.30321 5.41190794e-04
0.30426 6.69012497e-04
0.30531 7.03332587e-04
0.30637 9.91415452e-04
0.30743 1.25328503e-03
0.30849 2.11570134e-03
0.30956 2.09261214e-03
0.31063 2.42497846e-03
0.31171 3.12246092e-03
0.31279 4.86918058e-03
0.31387 5.74395557e-03
0.31496 6.46011751e-03
0.31605 9.30249884e-03
0.31714 1.10717375e-02
0.31824 1.37813364e-02
0.31934 1.78705096e-02
0.32044 2.15493455e-02
0.32155 2.01948983e-02
0.32267 1.89344231e-02
0.32378 1.77306628e-02
0.32490 1.72094864e-02
0.32603 1.65722462e-02
0.32716 1.56737728e-02
0.32829 1.59268868e-02
0.32943 1.63367038e-02
0.33057 1.34670740e-02
0.33171 1.44224466e-02
0.33286 1.26484480e-02
0.33401 1.23022835e-02
0.33517 1.21653851e-02
0.33633 1.08661461e-02
0.33749 1.02162827e-02
0.33866 1.09443242e-02
0.33983 1.02692155e-02
0.34101 9.84634490e-03
0.34219 9.27439723e-03
0.34337 9.47046031e-03
0.34456 8.60566462e-03
0.34576 9.05301733e-03
0.34695 7.68925210e-03
0.34815 7.09576536e-03
0.34936 6.97581967e-03
0.35057 7.04452901e-03
0.35178 8.88537890e-03
0.35300 6.11314971e-03
0.35422 6.23195828e-03
0.35545 7.21016746e-03
0.35668 5.86945892e-03
0.35791 5.91872455e-03
0.35915 5.41509707e-03
0.36039 5.37163192e-03
0.36164 6.10270320e-03
0.36289 5.18693675e-03
0.36415 4.58686253e-03
0.36541 5.28922190e-03
0.36668 6.35982258e-03
0.36795 4.98354583e-03
0.36922 4.19187244e-03
0.37050 4.23477825e-03
0.37178 4.41281874e-03
0.37307 3.95521031e-03
0.37436 3.85705194e-03
0.37565 3.87106481e-03
0.37695 3.79620486e-03
0.37826 4.21890090e-03
0.37957 4.15387174e-03
0.38088 3.63105637e-03
0.38220 3.61567875e-03
0.38352 3.36887688e-03
0.38485 3.89031990e-03
0.38618 3.87534878e-03
0.38752 4.71878967e-03
0.38886 3.69117501e-03
0.39021 3.98089461e-03
0.39156 3.02155894e-03
0.39291 4.79083664e-03
0.39427 3.43689246e-03
0.39564 3.02650415e-03
0.39701 2.92460598e-03
0.39838 3.45090533e-03
0.39976 3.15117716e-03
0.40115 2.88928059e-03
0.40253 2.90657148e-03
0.40393 3.11632114e-03
0.40533 2.93597931e-03
0.40673 3.35535398e-03
0.40814 2.96420559e-03
0.40955 3.37570283e-03
0.41097 3.52157888e-03
0.41239 3.38421548e-03
0.41382 3.12623757e-03
0.41525 3.22828750e-03
0.41669 3.27654935e-03
0.41813 2.76245910e-03
0.41958 5.04751809e-03
0.42103 2.73417645e-03
0.42249 3.64441884e-03
0.42395 2.81743090e-03
0.42542 2.87815875e-03
0.42689 3.15706545e-03
0.42837 3.74697174e-03
0.42985 2.84415801e-03
0.43134 2.79517747e-03
0.43283 3.21834180e-03
0.43433 3.30739240e-03
0.43583 2.65530244e-03
0.43734 2.71888446e-03
0.43886 3.40822066e-03
0.44037 3.07929929e-03
0.44190 2.90978445e-03
0.44343 2.86000284e-03
0.44496 2.81296591e-03
0.44650 3.03974846e-03
0.44805 3.47892998e-03
0.44960 2.71471540e-03
0.45116 4.34842156e-03
0.45272 2.98462706e-03
0.45429 2.88392672e-03
0.45586 3.25011709e-03
0.45744 2.49548507e-03
0.45902 2.87655660e-03
0.46061 3.09598313e-03
0.46220 2.59146677e-03
0.46380 3.59498085e-03
0.46541 2.52068590e-03
0.46702 4.20236665e-03
0.46864 2.85612862e-03
0.47026 4.41771842e-03
0.47189 2.54214260e-03
0.47352 3.44636987e-03
0.47516 2.63569722e-03
0.47680 3.49135912e-03
0.47845 4.45790122e-03
0.48011 3.33496394e-03
0.48177 3.69906762e-03
0.48344 3.28005826e-03
0.48511 2.60817771e-03
0.48679 2.68427234e-03
0.48848 2.99085681e-03
0.49017 2.81156646e-03
0.49186 2.74492648e-03
0.49357 2.73938507e-03
0.49528 2.58647712e-03
0.49699 2.45635376e-03
0.49871 2.65957991e-03
0.50044 2.75805480e-03
0.50217 2.73208108e-03
0.50391 3.38404204e-03
0.50565 2.68811079e-03
0.50740 2.99693372e-03
0.50916 3.00845447e-03
0.51092 3.09600481e-03
0.51269 2.62806152e-03
0.51446 2.55912888e-03
0.51625 3.12105172e-03
0.51803 2.59144834e-03
0.51983 3.54608486e-03
0.52163 2.54084939e-03
0.52343 2.99822910e-03
0.52524 2.52076612e-03
0.52706 2.47531942e-03
0.52889 2.96164301e-03
0.53072 2.49307209e-03
0.53255 2.57130545e-03
0.53440 4.21730092e-03
0.53625 2.83940792e-03
0.53810 2.36943972e-03
0.53997 2.47522511e-03
0.54183 3.58261675e-03
0.54371 2.77719824e-03
0.54559 2.44356689e-03
0.54748 2.44671049e-03
0.54938 3.48137115e-03
0.55128 4.33003475e-03
0.55319 3.18454268e-03
0.55510 2.54732954e-03
0.55702 2.50179070e-03
0.55895 2.75421961e-03
0.56089 3.15073489e-03
0.56283 2.59205863e-03
0.56478 3.02556432e-03
0.56673 2.54989212e-03
0.56869 2.62667184e-03
0.57066 3.50918876e-03
0.57264 2.85505980e-03
0.57462 2.60976469e-03
0.57661 2.95265990e-03
0.57860 2.89134128e-03
0.58061 2.32340007e-03
0.58262 2.55585520e-03
0.58463 3.08956260e-03
0.58666 3.33695416e-03
0.58869 3.10247304e-03
0.59073 2.44371215e-03
0.59277 2.64453616e-03
0.59482 2.68530323e-03
0.59688 3.28546850e-03
0.59895 3.24375076e-03
0.60102 3.10854561e-03
0.60310 2.51734502e-03
0.60519 2.39619609e-03
0.60728 2.76107158e-03
0.60939 2.74685383e-03
0.61150 2.77729906e-03
0.61361 2.60464821e-03
0.61574 2.41309132e-03
0.61787 2.63516714e-03
0.62001 3.83312156e-03
0.62215 2.60573004e-03
0.62431 2.59076759e-03
0.62647 2.62096132e-03
0.62864 2.76604280e-03
0.63081 2.58360235e-03
0.63300 3.34213352e-03
0.63519 2.50830662e-03
0.63739 2.83347085e-03
0.63959 2.62644853e-03
0.64181 4.55583628e-03
0.64403 3.05847348e-03
0.64626 2.93070240e-03
0.64849 2.52551838e-03
0.65074 2.75433126e-03
0.65299 2.56586702e-03
0.65525 2.56591580e-03
0.65752 3.38883007e-03
0.65980 3.15185466e-03
0.66208 2.65613496e-03
0.66437 2.54945201e-03
0.66667 2.70757184e-03
0.66898 3.54214994e-03
0.67130 2.67946806e-03
0.67362 2.81734744e-03
0.67595 2.71885520e-03
0.67829 3.25999775e-03
0.68064 2.65480706e-03
0.68299 3.26289637e-03
0.68536 2.55811534e-03
0.68773 4.09220406e-03
0.69011 2.56974991e-03
0.69250 5.80333058e-03
0.69490 3.42817168e-03
0.69730 3.66749937e-03
0.69972 2.68725009e-03
0.70214 2.42569065e-03
0.70457 3.36710020e-03
0.70701 2.55250347e-03
0.70946 3.11068868e-03
0.71191 5.14282012e-03
0.71438 2.64270094e-03
0.71685 3.22631137e-03
0.71933 2.43316266e-03
0.72182 2.61494512e-03
0.72432 3.61962342e-03
0.72683 2.54782926e-03
0.72934 7.87912554e-03
0.73187 3.17320079e-03
0.73440 3.09362868e-03
0.73694 2.87319945e-03
0.73949 2.59624287e-03
0.74205 5.35246030e-03
0.74462 3.93319644e-03
0.74720 5.44018408e-03
0.74979 2.53404512e-03
0.75238 2.70126188e-03
0.75499 3.15706111e-03
0.75760 2.55700749e-03
0.76022 3.02983312e-03
0.76285 4.18043516e-03
0.76549 3.73701304e-03
0.76814 2.50736788e-03
0.77080 3.41523631e-03
0.77347 2.68029732e-03
0.77615 3.26015276e-03
0.77884 4.75055846e-03
0.78153 3.06653952e-03
0.78424 3.11201766e-03
0.78695 3.91323241e-03
0.78968 2.39839228e-03
0.79241 2.71194036e-03
0.79515 3.02483154e-03
0.79790 3.22734876e-03
0.80067 2.63194983e-03
0.80344 2.79066044e-03
0.80622 2.64643099e-03
0.80901 3.06750754e-03
0.81181 2.88064978e-03
0.81462 2.60974626e-03
0.81744 4.04507283e-03
0.82027 3.48569197e-03
0.82311 3.03053555e-03
0.82596 2.83405946e-03
0.82882 2.58544298e-03
0.83169 3.26221778e-03
0.83457 3.03075668e-03
0.83745 3.37324323e-03
0.84035 3.74361243e-03
0.84326 3.72282239e-03
0.84618 2.65184123e-03
0.84911 3.42648823e-03
0.85205 2.65604173e-03
0.85500 3.31585302e-03
0.85796 3.39684733e-03
0.86093 3.53582480e-03
0.86391 3.29741743e-03
0.86690 2.82883458e-03
0.86990 3.34680989e-03
0.87291 2.83516840e-03
0.87593 2.91940604e-03
0.87897 2.81609000e-03
0.88201 3.07641368e-03
0.88506 3.69521725e-03
0.88813 2.89540519e-03
0.89120 3.14485094e-03
0.89428 2.99096304e-03
0.89738 2.83957486e-03
0.90049 2.83947079e-03
0.90360 2.82609640e-03
0.90673 2.71239998e-03
0.90987 3.06315853e-03
0.91302 3.49773413e-03
0.91618 3.05353044e-03
0.91935 2.56114404e-03
0.92253 3.15210940e-03
0.92573 2.70459734e-03
0.92893 2.91064840e-03
0.93215 2.87886118e-03
0.93537 2.87383359e-03
0.93861 2.61529959e-03
0.94186 2.70120551e-03
0.94512 4.25428483e-03
0.94839 2.80651611e-03
0.95168 2.87334471e-03
0.95497 2.74907170e-03
0.95828 2.74785653e-03
0.96159 3.81288545e-03
0.96492 3.23313515e-03
0.96826 2.61392291e-03
0.97161 2.73831408e-03
0.97498 2.79962729e-03
0.97835 2.63795411e-03
0.98174 2.81029927e-03
0.98514 5.44794660e-03
0.98855 3.06620999e-03
0.99197 2.59239250e-03
0.99540 3.07069666e-03
0.99885 4.43344835e-03
1.00231 3.18072375e-03
1.00578 2.97977942e-03
1.00926 2.58733998e-03
1.01275 7.65767735e-03
1.01626 3.01994595e-03
1.01978 2.68487722e-03
1.02330 2.59490088e-03
1.02685 2.81068842e-03
1.03040 2.78651197e-03
1.03397 2.84993139e-03
1.03755 2.59384398e-03
1.04114 2.58818550e-03
1.04474 2.79753734e-03
1.04836 2.82950558e-03
1.05199 2.64859032e-03
1.05563 2.59306458e-03
1.05928 2.63957686e-03
1.06295 2.54412740e-03
1.06663 2.83737000e-03
1.07032 6.22075730e-03
1.07403 2.71906441e-03
1.07775 2.79692596e-03
1.08148 2.57989290e-03
1.08522 4.82178159e-03
1.08898 5.17623442e-03
1.09275 2.57039706e-03
1.09653 4.64136822e-03
1.10032 2.46017594e-03
1.10413 2.71536363e-03
1.10796 2.70268300e-03
1.11179 4.70016004e-03
1.11564 2.56489576e-03
1.11950 2.40612445e-03
1.12338 2.62377647e-03
1.12726 4.57270007e-03
1.13117 2.85074006e-03
1.13508 3.48792935e-03
1.13901 5.14817182e-03
1.14295 2.54927749e-03
1.14691 3.31547145e-03
1.15088 2.55887306e-03
1.15487 7.72615688e-03
1.15886 2.43024128e-03
1.16287 3.32528382e-03
1.16690 2.41804303e-03
1.17094 2.84604959e-03
1.17499 7.61857530e-03
1.17906 5.17503985e-03
1.18314 2.44630399e-03
1.18724 4.75070154e-03
1.19135 2.88558307e-03
1.19547 3.94513562e-03
1.19961 2.83491149e-03
1.20376 2.84726475e-03
1.20793 2.89859974e-03
1.21211 3.45377142e-03
1.21630 2.68234282e-03
1.22052 2.97913986e-03
1.22474 3.11154070e-03
1.22898 2.40390116e-03
1.23323 2.46829293e-03
1.23750 4.87505477e-03
1.24179 4.67891473e-03
1.24609 3.20298694e-03
1.25040 2.34411531e-03
1.25473 4.49089384e-03
1.25907 2.92872410e-03
1.26343 2.42107606e-03
1.26780 3.48437491e-03
1.27219 3.27338298e-03
1.27659 3.39616550e-03
1.28101 3.12341050e-03
1.28545 3.08725802e-03
1.28990 2.38864712e-03
1.29436 3.79446178e-03
1.29884 3.18841473e-03
1.30334 4.86428523e-03
1.30785 2.47458880e-03
1.31238 3.08763850e-03
1.31692 4.15524408e-03
1.32148 6.52359764e-03
1.32605 4.42254114e-03
1.33064 6.93375288e-03
1.33525 8.55475781e-03
1.33987 2.82771156e-03
1.34451 2.45150069e-03
1.34916 5.04176313e-03
1.35383 3.19779133e-03
1.35852 3.40088198e-03
1.36322 5.19345159e-03
1.36794 2.58392972e-03
1.37268 2.66999064e-03
1.37743 5.03363855e-03
1.38220 2.54954957e-03
1.38698 6.09220249e-03
1.39178 2.85950853e-03
1.39660 3.20218370e-03
1.40144 6.84477925e-03
1.40629 3.07154110e-03
1.41115 2.45723396e-03
1.41604 2.45041344e-03
1.42094 6.83857010e-03
1.42586 4.22246618e-03
1.43080 2.97320712e-03
1.43575 2.35356562e-03
1.44072 2.77863454e-03
1.44571 2.76216858e-03
1.45071 4.03237052e-03
1.45573 3.72317578e-03
1.46077 2.74650478e-03
1.46583 2.39350994e-03
1.47090 3.07054924e-03
1.47599 2.75527760e-03
1.48110 3.03840539e-03
1.48623 3.44092928e-03
1.49137 3.33930211e-03
1.49654 3.20984649e-03
1.50172 4.96292815e-03
1.50692 2.54920811e-03
1.51213 2.53701528e-03
1.51737 4.46729516e-03
1.52262 3.15861123e-03
1.52789 3.04687902e-03
1.53318 3.31907900e-03
1.53849 2.53050694e-03
1.54381 4.17193335e-03
1.54916 3.55579859e-03
1.55452 3.03988613e-03
1.55990 3.23706790e-03
1.56530 3.12198721e-03
1.57072 3.06563872e-03
1.57615 2.89102800e-03
1.58161 2.86385429e-03
1.58709 4.32884235e-03
1.59258 3.13703855e-03
1.59809 2.84985876e-03
1.60362 2.59770085e-03
1.60918 3.60865551e-03
1.61475 3.63981509e-03
1.62034 3.04621561e-03
1.62594 3.01068100e-03
1.63157 2.89590817e-03
1.63722 3.04756952e-03
1.64289 2.58700611e-03
1.64857 2.71589804e-03
1.65428 4.59878545e-03
1.66001 3.24569654e-03
1.66575 3.39625980e-03
1.67152 2.99754726e-03
1.67731 2.74134603e-03
1.68311 2.69803481e-03
1.68894 2.87148782e-03
1.69478 3.08898591e-03
1.70065 3.97858027e-03
1.70654 3.55993405e-03
1.71245 2.83631744e-03
1.71837 2.52674438e-03
1.72432 2.52883000e-03
1.73029 2.78892604e-03
1.73628 2.89041879e-03
1.74229 4.26682237e-03
1.74832 3.61789444e-03
1.75437 2.78284263e-03
1.76045 2.65715825e-03
1.76654 2.63802240e-03
1.77266 2.85218828e-03
1.77879 2.96325926e-03
1.78495 3.11789186e-03
1.79113 3.72748684e-03
1.79733 2.97410142e-03
1.80355 2.64113456e-03
1.80979 2.92494853e-03
1.81606 2.72069908e-03
1.82234 2.88900851e-03
1.82865 3.23563052e-03
1.83498 3.30527643e-03
1.84133 2.98673436e-03
1.84771 2.83324646e-03
1.85410 2.99801772e-03
1.86052 2.82417338e-03
1.86696 2.70675667e-03
1.87342 2.75635509e-03
1.87991 3.09824652e-03
1.88642 3.29282994e-03
1.89295 3.05636076e-03
1.89950 2.96866083e-03
1.90607 2.64594102e-03
1.91267 2.72273158e-03
1.91929 2.98194091e-03
1.92594 2.97879514e-03
1.93260 2.99931526e-03
1.93929 2.85822399e-03
1.94601 2.98850562e-03
1.95274 2.78887184e-03
1.95950 2.68307778e-03
1.96629 2.74706521e-03
1.97309 2.93312080e-03
1.97992 2.98425959e-03
1.98678 2.82671103e-03
1.99365 2.83012129e-03
2.00055 2.78136514e-03
2.00748 2.75578816e-03
2.01443 2.96466412e-03
2.02140 3.11795256e-03
2.02840 2.89505940e-03
2.03542 2.67736184e-03
2.04247 2.68012821e-03
2.04954 2.79776823e-03
2.05663 2.82150566e-03
2.06375 2.90570211e-03
2.07090 2.90810425e-03
2.07806 2.78417162e-03
2.08526 2.63433572e-03
2.09247 2.67548978e-03
2.09972 2.80529986e-03
2.10699 2.81024182e-03
2.11428 2.78414994e-03
2.12160 2.76314852e-03
2.12894 2.81590463e-03
2.13631 2.77423567e-03
2.14371 2.67950274e-03
2.15113 2.62804201e-03
2.15857 2.62175806e-03
2.16605 2.71297016e-03
2.17354 2.79413032e-03
2.18107 2.82873160e-03
2.18862 2.79343765e-03
2.19619 2.67511471e-03
2.20380 2.59573773e-03
2.21143 2.63337312e-03
2.21908 2.78183885e-03
2.22676 2.86845912e-03
2.23447 2.77587251e-03
2.24220 2.63579586e-03
2.24997 2.53535351e-03
2.25775 2.51968862e-03
2.26557 2.59894095e-03
2.27341 2.71685196e-03
2.28128 2.70610085e-03
2.28918 2.56502692e-03
2.29710 2.45882419e-03
2.30505 2.44336418e-03
2.31303 2.49459619e-03
2.32104 2.57309947e-03
2.32908 2.61707302e-03
2.33714 2.56778462e-03
2.34523 2.49668072e-03
2.35335 2.46894333e-03
2.36149 2.47167176e-03
2.36967 2.49882054e-03
2.37787 2.54710624e-03
2.38610 2.57047077e-03
2.39436 2.54154206e-03
2.40265 2.49596637e-03
2.41097 2.45745727e-03
2.41931 2.43500329e-03
2.42769 2.43910623e-03
2.43609 2.45930115e-03
2.44452 2.47024413e-03
2.45298 2.45875482e-03
2.46148 2.43207216e-03
2.47000 2.40211365e-03
2.47855 2.38231222e-03
2.48713 2.37899952e-03
2.49574 2.38971052e-03
2.50438 2.40524641e-03
2.51304 2.41275202e-03
2.52174 2.40159658e-03
2.53047 2.37400228e-03
2.53923 2.34871906e-03
2.54802 2.34106385e-03
2.55684 2.34990929e-03
2.56569 2.36294006e-03
2.57457 2.36698880e-03
2.58349 2.35663226e-03
2.59243 2.33971102e-03
2.60140 2.33080596e-03
2.61041 2.33660753e-03
2.61944 2.35152554e-03
2.62851 2.36491294e-03
2.63761 2.36931181e-03
2.64674 2.36419208e-03
2.65590 2.35493797e-03
2.66510 2.34839494e-03
2.67432 2.34688602e-03
2.68358 2.34654130e-03
2.69287 2.34166547e-03
2.70219 2.33036260e-03
2.71154 2.31558443e-03
2.72093 2.30220354e-03
2.73035 2.29317273e-03
2.73980 2.28712184e-03
2.74928 2.27989915e-03
2.75880 2.26893666e-03
2.76835 2.25554492e-03
2.77793 2.24305941e-03
2.78755 2.23417928e-03
2.79720 2.22971537e-03
2.80688 2.22916795e-03
2.81660 2.22890454e-03
2.82635 2.22632570e-03
2.83613 2.22203957e-03
2.84595 2.21874746e-03
2.85580 2.21900112e-03
2.86569 2.22315717e-03
2.87561 2.22903245e-03
2.88556 2.23367848e-03
2.89555 2.23576084e-03
2.90557 2.23635054e-03
2.91563 2.23750825e-03
2.92572 2.24016622e-03
2.93585 2.24322201e-03
2.94601 2.24440682e-03
2.95621 2.24206538e-03
2.96644 2.23640040e-03
2.97671 2.22915603e-03
2.98702 2.22214255e-03
2.99736 2.21600494e-03
3.00773 2.20946300e-03
3.01814 2.20201050e-03
3.02859 2.19349676e-03
3.03907 2.18442585e-03
3.04960 2.17575060e-03
3.06015 2.16814634e-03
3.07074 2.16160440e-03
3.08137 2.15555785e-03
3.09204 2.14939531e-03
3.10274 2.14294659e-03
3.11348 2.13656183e-03
3.12426 2.13074400e-03
3.13508 2.12570557e-03
3.14593 2.12124925e-03
3.15682 2.11702815e-03
3.16775 2.11289161e-03
3.17871 2.10899571e-03
3.18972 2.10563206e-03
3.20076 2.10296867e-03
3.21184 2.10097736e-03
3.22295 2.09954974e-03
3.23411 2.09865435e-03
3.24531 2.09836059e-03
3.25654 2.09872048e-03
3.26781 2.09963429e-03
3.27912 2.10084837e-03
3.29047 2.10204619e-03
3.30187 2.10297409e-03
3.31330 2.10347382e-03
3.32476 2.10342937e-03
3.33627 2.10271393e-03
3.34782 2.10118332e-03
3.35941 2.09872698e-03
3.37104 2.09532430e-03
3.38271 2.09104901e-03
3.39442 2.08602467e-03
3.40617 2.08036727e-03
3.41796 2.07415162e-03
3.42979 2.06743082e-03
3.44166 2.06026774e-03
3.45358 2.05275346e-03
3.46553 2.04499960e-03
3.47753 2.03711567e-03
3.48957 2.02919488e-03
3.50164 2.02236026e-03
3.51377 2.02226921e-03
3.52593 2.02232774e-03
3.53814 2.02261067e-03
3.55038 2.02319494e-03
3.56267 2.02414886e-03
3.57500 2.02553530e-03
3.58738 2.02740628e-03
3.59980 2.02980518e-03
3.61226 2.03276124e-03
3.62476 2.03629617e-03
3.63731 2.04042512e-03
3.64990 2.04515570e-03
3.66254 2.05049223e-03
3.67521 2.05642171e-03
3.68794 2.06291704e-03
3.70070 2.06993269e-03
3.71351 2.07741120e-03
3.72637 2.08528213e-03
3.73927 2.09346199e-03
3.75221 2.10184890e-03
3.76520 2.11033012e-03
3.77823 2.11878315e-03
3.79131 2.12708225e-03
3.80443 2.13511036e-03
3.81760 2.14276340e-03
3.83082 2.14995574e-03
3.84408 2.15662125e-03
3.85739 2.16271875e-03
3.87074 2.16822656e-03
3.88414 2.17314358e-03
3.89758 2.17748934e-03
3.91107 2.18129851e-03
3.92461 2.18461447e-03
3.93820 2.18748924e-03
3.95183 2.18997918e-03
3.96551 2.19214068e-03
3.97924 2.19403009e-03
3.99301 2.19570162e-03
4.00683 2.22063037e-03
4.02070 2.27024180e-03
4.03462 2.32088411e-03
4.04859 2.37262560e-03
4.06260 2.42553022e-03
4.07667 2.47966518e-03
4.09078 2.53509877e-03
4.10494 2.59190145e-03
4.11915 2.65014260e-03
4.13341 2.70989810e-03
4.14771 2.77124275e-03
4.16207 2.83425784e-03
4.17648 2.89902684e-03
4.19094 2.96563647e-03
4.20545 3.03417779e-03
4.22000 3.10474402e-03
4.23461 3.17743164e-03
4.24927 3.25233712e-03
4.26398 3.32955912e-03
4.27874 3.40919301e-03
4.29355 3.49133202e-03
4.30841 3.57606180e-03
4.32332 3.66346147e-03
4.33829 3.75360040e-03
4.35331 3.84653498e-03
4.36838 3.94230421e-03
4.38350 4.04093412e-03
4.39867 4.14243446e-03
4.41390 4.24679439e-03
4.42918 4.35399223e-03
4.44451 4.46398680e-03
4.45990 4.57672713e-03
4.47533 4.69215579e-03
4.49083 4.81020556e-03
4.50637 5.00081720e-03
4.52197 5.30517080e-03
4.53762 5.62723587e-03
4.55333 5.96789154e-03
4.56909 6.32807222e-03
4.58491 6.70876326e-03
4.60078 7.11101832e-03
4.61670 7.53595608e-03
4.63269 7.98477110e-03
4.64872 8.45873384e-03
4.66481 8.95920472e-03
4.68096 9.48763195e-03
4.69717 1.00455668e-02
4.71343 1.06346622e-02
4.72974 1.12566896e-02
4.74611 1.19135394e-02
4.76254 1.26072344e-02
4.77903 1.33399425e-02
4.79557 1.41139835e-02
4.81217 1.49318507e-02
4.82883 1.57961998e-02
4.84555 1.67098925e-02
4.86232 1.76759750e-02
4.87915 1.86977534e-02
4.89604 1.97787074e-02
4.91299 2.09226309e-02
4.92999 2.21335348e-02
4.94706 2.34157333e-02
4.96418 2.47738227e-02
4.98137 2.62127135e-02
4.99861 2.77376522e-02
5.01591 2.82286608e-02
5.03328 2.86348031e-02
5.05070 2.90515686e-02
5.06818 2.94794450e-02
5.08573 2.99188878e-02
5.10333 3.03702654e-02
5.12100 3.08338922e-02
5.13873 3.13100284e-02
5.15651 3.17988040e-02
5.17436 3.23003274e-02
5.19228 3.28145878e-02
5.21025 3.33414660e-02
5.22828 3.38808102e-02
5.24638 3.44323494e-02
5.26454 3.49957368e-02
5.28277 3.55705711e-02
5.30105 3.61563647e-02
5.31940 3.67525972e-02
5.33782 3.73587050e-02
5.35629 3.79740918e-02
5.37484 3.85981506e-02
5.39344 3.92302744e-02
5.41211 3.98698560e-02
5.43084 4.05163211e-02
5.44965 4.11691276e-02
5.46851 4.18277660e-02
5.48744 4.24918136e-02
5.50643 4.28792352e-02
5.52550 4.27135241e-02
5.54462 4.25418618e-02
5.56381 4.23643026e-02
5.58308 4.21810091e-02
5.60240 4.19922305e-02
5.62179 4.17982704e-02
5.64125 4.15995406e-02
5.66078 4.13964641e-02
5.68038 4.11895610e-02
5.70004 4.09793300e-02
5.71977 4.07663349e-02
5.73957 4.05511284e-02
5.75944 4.03343067e-02
5.77938 4.01164227e-02
5.79938 3.98980400e-02
5.81946 3.96797116e-02
5.83960 3.94619794e-02
5.85982 3.92453203e-02
5.88010 3.90302330e-02
5.90045 3.88171620e-02
5.92088 3.86064974e-02
5.94137 3.83986296e-02
5.96194 3.81938728e-02
5.98258 3.79925306e-02
6.00329 3.78293995e-02
6.02407 3.78531824e-02
6.04492 3.78806293e-02
6.06585 3.79119027e-02
6.08684 3.79471436e-02
6.10791 3.79864277e-02
6.12906 3.80297986e-02
6.15027 3.80772452e-02
6.17156 3.81287027e-02
6.19293 3.81840734e-02
6.21436 3.82432165e-02
6.23588 3.83059692e-02
6.25746 3.83721149e-02
6.27912 3.84414150e-02
6.30086 3.85136094e-02
6.32267 3.85884163e-02
6.34455 3.86655212e-02
6.36652 3.87446207e-02
6.38856 3.88253895e-02
6.41067 3.89074917e-02
6.43286 3.89906236e-02
6.45513 3.90744494e-02
6.47747 3.91586545e-02
6.49990 3.92429572e-02
6.52240 3.94984885e-02
6.54497 3.97556241e-02
6.56763 4.00132801e-02
6.59037 4.02712179e-02
6.61318 4.05292316e-02
6.63607 4.07871260e-02
6.65904 4.10447494e-02
6.68209 4.13020152e-02
6.70522 4.15588148e-02
6.72843 4.18151374e-02
6.75172 4.20709397e-02
6.77510 4.23262759e-02
6.79855 4.25811785e-02
6.82208 4.28357234e-02
6.84570 4.30900298e-02
6.86939 4.33442061e-02
6.89317 4.35984150e-02
6.91704 4.38528189e-02
6.94098 4.41075806e-02
6.96500 4.43629060e-02
6.98911 4.46189793e-02
7.01331 4.51249796e-02
7.03759 4.58443004e-02
7.06195 4.65759353e-02
7.08639 4.73205566e-02
7.11092 4.80788254e-02
7.13554 4.88513706e-02
7.16024 4.96388315e-02
7.18502 5.04417828e-02
7.20990 5.12607990e-02
7.23485 5.20964330e-02
7.25990 5.29491832e-02
7.28503 5.38195268e-02
7.31025 5.47079299e-02
7.33555 5.56147826e-02
7.36094 5.65404969e-02
7.38642 5.74854197e-02
7.41199 5.84498654e-02
7.43765 5.94341590e-02
7.46340 6.04385609e-02
7.48923 6.14633420e-02
7.51516 6.61159892e-02
7.54117 7.40127124e-02
7.56727 8.28396160e-02
7.59347 9.26998318e-02
7.61975 1.03706475e-01
7.64613 1.15983230e-01
7.67260 1.29664936e-01
7.69916 1.44898388e-01
7.72581 1.61842067e-01
7.75255 1.80667245e-01
7.77939 2.01557117e-01
7.80632 2.24706913e-01
7.83334 2.50322808e-01
7.86046 2.78620303e-01
7.88767 3.09822268e-01
7.91497 3.44155583e-01
7.94237 3.81846696e-01
7.96986 4.23116311e-01
7.99745 4.68171687e-01
8.02513 5.08288467e-01
8.05291 5.50367071e-01
8.08079 5.95344616e-01
8.10876 6.43285491e-01
8.13683 6.94220266e-01
8.16500 7.48137017e-01
8.19326 8.04972655e-01
8.22162 8.47413423e-01
8.25008 8.85793960e-01
8.27864 9.25237035e-01
8.30730 9.65670994e-01
8.33605 1.00700944e+00
8.36491 1.04915038e+00
8.39386 1.09197499e+00
8.42292 1.12740553e+00
8.45208 1.16098568e+00
8.48133 1.19475987e+00
8.51069 1.22865980e+00
8.54016 1.26261068e+00
8.56972 1.29653446e+00
8.59938 1.33035092e+00
8.62915 1.35805905e+00
8.65902 1.38549617e+00
8.68899 1.41274685e+00
8.71907 1.43976663e+00
8.74925 1.46651325e+00
8.77954 1.49294225e+00
8.80993 1.51841734e+00
8.84043 1.54234122e+00
8.87103 1.56595941e+00
8.90174 1.58924590e+00
8.93255 1.61218008e+00
8.96347 1.63474138e+00
8.99450 1.65691460e+00
9.02563 1.67933280e+00
9.05688 1.70155263e+00
9.08823 1.72342016e+00
9.11969 1.74490504e+00
9.15126 1.76597909e+00
9.18294 1.78661303e+00
9.21472 1.80565240e+00
9.24662 1.82298340e+00
9.27863 1.83990355e+00
9.31075 1.85637060e+00
9.34298 1.87233900e+00
9.37532 1.88776324e+00
9.40777 1.90207746e+00
9.44034 1.91418248e+00
9.47302 1.92574551e+00
9.50581 1.93672968e+00
9.53871 1.94710356e+00
9.57173 1.95683138e+00
9.60487 1.96553156e+00
9.63811 1.97164099e+00
9.67148 1.97731031e+00
9.70495 1.98252110e+00
9.73855 1.98725926e+00
9.77226 1.99150637e+00
9.80609 1.99489929e+00
9.84003 1.99636378e+00
9.87409 1.99760929e+00
9.90827 1.99862717e+00
9.94257 1.99940440e+00
9.97699 1.99993014e+00
10.01153 1.99996916e+00
10.04618 1.99939572e+00
10.08096 1.99869763e+00
10.11585 1.99786945e+00
10.15087 1.99690469e+00
10.18601 1.99579684e+00
10.22127 1.99436380e+00
10.25665 1.99269227e+00
10.29215 1.99090367e+00
10.32778 1.98899366e+00
10.36353 1.98696116e+00
10.39941 1.98480183e+00
10.43540 1.98240186e+00
10.47153 1.97986421e+00
10.50777 1.97719215e+00
10.54415 1.97439001e+00
10.58065 1.97145671e+00
10.61727 1.96795972e+00
10.65403 1.96378849e+00
10.69091 1.95941672e+00
10.72791 1.95484983e+00
10.76505 1.95009649e+00
10.80231 1.94505806e+00
10.83971 1.93810420e+00
10.87723 1.93071782e+00
10.91488 1.92291194e+00
10.95266 1.91469955e+00
10.99058 1.90609042e+00
11.02862 1.89573280e+00
11.06680 1.88429986e+00
11.10511 1.87221326e+00
11.14355 1.85947300e+00
11.18212 1.84607802e+00
11.22083 1.82988414e+00
11.25967 1.81069842e+00
11.29865 1.79019456e+00
11.33776 1.76835196e+00
11.37701 1.74515762e+00
11.41639 1.71668419e+00
11.45591 1.68051002e+00
11.49556 1.64188602e+00
11.53536 1.60097044e+00
11.57529 1.55798008e+00
11.61536 1.50963802e+00
11.65556 1.45379359e+00
11.69591 1.39669823e+00
11.73640 1.33908254e+00
11.77702 1.28162404e+00
11.81779 1.22577961e+00
11.85870 1.17259749e+00
11.89975 1.12133296e+00
11.94094 1.07206234e+00
11.98227 1.02472753e+00
12.02375 9.99465669e-01
12.06537 9.89843652e-01
12.10714 9.80207217e-01
12.14905 9.70396583e-01
12.19110 9.60275384e-01
12.23330 9.49733375e-01
12.27565 9.38687524e-01
12.31814 9.27083087e-01
12.36078 9.14892531e-01
12.40357 9.02113689e-01
12.44651 8.88766830e-01
12.48959 8.74891522e-01
12.53283 8.72549432e-01
12.57621 8.73763512e-01
12.61974 8.74765344e-01
12.66343 8.75575960e-01
12.70726 8.76217037e-01
12.75125 8.76710040e-01
12.79539 8.77076432e-01
12.83968 8.77337026e-01
12.88413 8.77512092e-01
12.92873 8.77620926e-01
12.97348 8.77681846e-01
13.01839 8.76686626e-01
13.06345 8.74172722e-01
13.10867 8.71621528e-01
13.15405 8.69040524e-01
13.19959 8.66436864e-01
13.24528 8.63817595e-01
13.29113 8.61189328e-01
13.33713 8.58558135e-01
13.38330 8.55929977e-01
13.42963 8.53310274e-01
13.47612 8.50704122e-01
13.52277 8.47551524e-01
13.56958 8.43839908e-01
13.61655 8.40171978e-01
13.66368 8.36552502e-01
13.71098 8.32985708e-01
13.75844 8.29475282e-01
13.80607 8.26024585e-01
13.85386 8.22636543e-01
13.90182 8.19313541e-01
13.94994 8.16057856e-01
13.99823 8.12871221e-01
14.04668 8.08261511e-01
14.09531 8.03676299e-01
14.14410 7.99173905e-01
14.19306 7.94754979e-01
14.24219 7.90420063e-01
14.29149 7.86169482e-01
14.34096 7.82003237e-01
14.39060 7.77921326e-01
14.44042 7.73923318e-01
14.49041 7.70008668e-01
14.54057 7.68422668e-01
14.59090 7.67500401e-01
14.64141 7.66711899e-01
14.69209 7.66054453e-01
14.74295 7.65524702e-01
14.79398 7.65119612e-01
14.84519 7.64836146e-01
14.89658 7.64670836e-01
14.94814 7.64620863e-01
14.99989 7.64682868e-01
15.05181 7.73955079e-01
15.10392 7.83533736e-01
15.15620 7.93396077e-01
15.20866 8.03538740e-01
15.26131 8.13958798e-01
15.31414 8.24653217e-01
15.36715 8.35619069e-01
15.42034 8.46853645e-01
15.47372 8.58354343e-01
15.52729 8.74044701e-01
15.58103 8.93938161e-01
15.63497 9.14297198e-01
15.68909 9.35121597e-01
15.74340 9.56410598e-01
15.79790 9.78163118e-01
15.85258 1.00037786e+00
15.90746 1.02305253e+00
15.96252 1.04618509e+00
16.01778 1.06972296e+00
16.07323 1.09356738e+00
16.12886 1.11780129e+00
16.18470 1.14242218e+00
16.24072 1.16742898e+00
16.29694 1.19281842e+00
16.35335 1.21858727e+00
16.40996 1.24473444e+00
16.46677 1.27125666e+00
16.52377 1.29662335e+00
16.58097 1.32014615e+00
16.63836 1.34393236e+00
16.69596 1.36797982e+00
16.75375 1.39228526e+00
16.81175 1.41684762e+00
16.86994 1.44166255e+00
16.92834 1.46672680e+00
16.98694 1.49203928e+00
17.04574 1.51274368e+00
17.10474 1.53220690e+00
17.16395 1.55179912e+00
17.22337 1.57151599e+00
17.28299 1.59135211e+00
17.34281 1.61130421e+00
17.40285 1.63136472e+00
17.46309 1.65152820e+00
17.52354 1.66989550e+00
17.58420 1.68534575e+00
17.64507 1.70083177e+00
17.70615 1.71635032e+00
17.76744 1.73189379e+00
17.82894 1.74745678e+00
17.89066 1.76303494e+00
17.95259 1.77862070e+00
18.01473 1.79290456e+00
18.07709 1.80297167e+00
18.13967 1.81301927e+00
18.20246 1.82304410e+00
18.26547 1.83304400e+00
18.32870 1.84301572e+00
18.39214 1.85295708e+00
18.45581 1.86286376e+00
18.51969 1.87135906e+00
18.58380 1.87673570e+00
18.64813 1.88208199e+00
18.71268 1.88739793e+00
18.77746 1.89268243e+00
18.84246 1.89793549e+00
18.90768 1.90315387e+00
18.97313 1.90833756e+00
19.03881 1.91136408e+00
19.10472 1.91288710e+00
19.17085 1.91437760e+00
19.23721 1.91583558e+00
19.30380 1.91726104e+00
19.37062 1.91865290e+00
19.43768 1.92001007e+00
19.50496 1.92112876e+00
19.57248 1.91964259e+00
19.64023 1.91811415e+00
19.70822 1.91654235e+00
19.77644 1.91492719e+00
19.84490 1.91326759e+00
19.91359 1.91156354e+00
19.98252 1.90981396e+00
20.05169 1.90611427e+00
20.12110 1.90170890e+00
20.19076 1.89724282e+00
20.26065 1.89271495e+00
20.33078 1.88812421e+00
20.40116 1.88347060e+00
20.47178 1.87875303e+00
20.54264 1.87397259e+00
20.61375 1.86912928e+00
20.68511 1.86422092e+00
20.75671 1.85924862e+00
20.82856 1.85421127e+00
20.90066 1.84910996e+00
20.97301 1.84394362e+00
21.04561 1.83802281e+00
21.11846 1.83162288e+00
21.19157 1.82515248e+00
21.26492 1.81861271e+00
21.33853 1.81200356e+00
21.41240 1.80532504e+00
21.48652 1.79857822e+00
21.56090 1.79176420e+00
21.63553 1.78488188e+00
21.71043 1.77793344e+00
21.78558 1.77091888e+00
21.86099 1.76383927e+00
21.93666 1.75669571e+00
22.01260 1.74955107e+00
22.08880 1.74266225e+00
22.16526 1.73571598e+00
22.24199 1.72871334e+00
22.31898 1.72165650e+00
22.39624 1.71454437e+00
22.47377 1.70737913e+00
22.55156 1.70016186e+00
22.62962 1.69289256e+00
22.70796 1.68557339e+00
22.78656 1.67820436e+00
22.86544 1.67078654e+00
22.94459 1.66332212e+00
23.02402 1.65604523e+00
23.10372 1.64926589e+00
23.18369 1.64244645e+00
23.26394 1.63558906e+00
23.34447 1.62869374e+00
23.42528 1.62176264e+00
23.50637 1.61479578e+00
23.58774 1.60779422e+00
23.66939 1.60075798e+00
23.75133 1.59369030e+00
23.83354 1.58659010e+00
23.91604 1.57945846e+00
23.99883 1.57229756e+00
24.08191 1.56527432e+00
24.16527 1.55822398e+00
24.24892 1.55114655e+00
24.33286 1.54404093e+00
24.41709 1.53690929e+00
24.50161 1.52975272e+00
24.58642 1.52257122e+00
24.67153 1.51536588e+00
24.75693 1.50813885e+00
24.84263 1.50089014e+00
24.92863 1.49362084e+00
25.01492 1.48626698e+00
25.10151 1.47858467e+00
25.18840 1.47088827e+00
25.27559 1.46317886e+00
25.36309 1.45545753e+00
25.45088 1.44772428e+00
25.53898 1.43998126e+00
25.62739 1.43222850e+00
25.71610 1.42446706e+00
25.80512 1.41669911e+00
25.89444 1.40892358e+00
25.98408 1.40114263e+00
26.07403 1.39360124e+00
26.16428 1.38610646e+00
26.25485 1.37860735e+00
26.34574 1.37110282e+00
26.43694 1.36359612e+00
26.52845 1.35608617e+00
26.62028 1.34857513e+00
26.71243 1.34106301e+00
26.80489 1.33355089e+00
26.89768 1.32603986e+00
26.99079 1.31852990e+00
27.08422 1.31056684e+00
27.17798 1.30256150e+00
27.27205 1.29456375e+00
27.36646 1.28657467e+00
27.46119 1.27859426e+00
27.55625 1.27062578e+00
27.65164 1.26266705e+00
27.74736 1.25472133e+00
27.84341 1.24678753e+00
27.93979 1.23886783e+00
28.03650 1.23098173e+00
28.13355 1.22314658e+00
28.23094 1.21532660e+00
28.32867 1.20752505e+00
28.42673 1.19974085e+00
28.52513 1.19197616e+00
28.62387 1.18422989e+00
28.72295 1.17650314e+00
28.82238 1.16879698e+00
28.92215 1.16111251e+00
29.02227 1.15332072e+00
29.12273 1.14510942e+00
29.22354 1.13692630e+00
29.32470 1.12877245e+00
29.42621 1.12064787e+00
29.52807 1.11255256e+00
29.63029 1.10448868e+00
29.73286 1.09645516e+00
29.83578 1.08845307e+00
29.93906 1.08048275e+00
30.04269 1.07231394e+00
30.14669 1.06385256e+00
30.25104 1.05543183e+00
30.35576 1.04705229e+00
30.46084 1.03871427e+00
30.56628 1.03041821e+00
30.67209 1.02216452e+00
30.77826 1.01395344e+00
30.88481 1.00578550e+00
30.99172 9.97660918e-01
31.09900 9.89580023e-01
31.20665 9.81543138e-01
31.31467 9.73550590e-01
31.42307 9.65602485e-01
31.53184 9.57699258e-01
31.64099 9.49841125e-01
31.75052 9.42028195e-01
31.86043 9.34260684e-01
31.97072 9.26538919e-01
32.08139 9.18253798e-01
32.19244 9.09807379e-01
32.30388 9.01421338e-01
32.41570 8.93095676e-01
32.52791 8.84830393e-01
32.64051 8.76625488e-01
32.75349 8.68481180e-01
32.86687 8.60397250e-01
32.98064 8.52373807e-01
33.09481 8.44410743e-01
33.20937 8.36508058e-01
33.32433 8.28665751e-01
33.43968 8.20883715e-01
33.55544 8.13161841e-01
33.67159 8.05500021e-01
33.78815 7.97898146e-01
33.90511 7.90356216e-01
34.02247 7.82808107e-01
34.14024 7.75046775e-01
34.25842 7.67354494e-01
34.37701 7.59730722e-01
34.49601 7.52175351e-01
34.61542 7.44687946e-01
34.73525 7.37268183e-01
34.85549 7.29915628e-01
34.97614 7.22630064e-01
35.09721 7.15411166e-01
35.21871 7.08258392e-01
35.34062 7.01171416e-01
35.46295 6.94149915e-01
35.58571 6.87193453e-01
35.70889 6.80301706e-01
35.83250 6.73474132e-01
35.95654 6.66710514e-01
36.08101 6.60043372e-01
36.20590 6.53456663e-01
36.33123 6.46931850e-01
36.45700 6.40468609e-01
36.58320 6.34066396e-01
36.70983 6.27724996e-01
36.83691 6.21443758e-01
36.96442 6.15222466e-01
37.09238 6.09060468e-01
37.22077 6.02957439e-01
37.34962 5.96913055e-01
37.47890 5.90926665e-01
37.60864 5.84997944e-01
37.73883 5.79126350e-01
37.86946 5.73311665e-01
38.00055 5.67553674e-01
38.13209 5.61955790e-01
38.26409 5.56413081e-01
38.39654 5.50925006e-01
38.52946 5.45491130e-01
38.66283 5.40111022e-01
38.79667 5.34784246e-01
38.93096 5.29510152e-01
39.06573 5.24288307e-01
39.20096 5.19118386e-01
39.33665 5.13999846e-01
39.47282 5.08932146e-01
39.60946 5.03914961e-01
39.74657 4.98947639e-01
39.88416 4.94029856e-01
40.02222 4.89234782e-01
40.16076 4.84868539e-01
40.29978 4.80542837e-01
40.43928 4.76257460e-01
40.57926 4.72011865e-01
40.71973 4.67805728e-01
40.86069 4.63638724e-01
41.00213 4.59510527e-01
41.14406 4.55420703e-01
41.28648 4.51368928e-01
41.42940 4.47354768e-01
41.57281 4.43378114e-01
41.71672 4.39438316e-01
41.86113 4.35535265e-01
42.00603 4.31668420e-01
42.15144 4.27837673e-01
42.29735 4.24042480e-01
42.44377 4.20282626e-01
42.59069 4.16557786e-01
42.73812 4.12867524e-01
42.88606 4.09211626e-01
43.03451 4.05589657e-01
43.18348 4.02001400e-01
43.33297 3.98446530e-01
43.48297 3.94924723e-01
43.63349 3.91435544e-01
43.78453 3.87978884e-01
43.93609 3.84554312e-01
44.08818 3.81161500e-01
44.24079 3.77800233e-01
44.39394 3.74470185e-01
44.54761 3.71171031e-01
44.70182 3.67902446e-01
44.85655 3.64664212e-01
45.01183 3.61471290e-01
45.16764 3.58491049e-01
45.32399 3.55537041e-01
45.48089 3.52609048e-01
45.63832 3.49706855e-01
45.79630 3.46830136e-01
45.95483 3.43978674e-01
46.11391 3.41152361e-01
46.27353 3.38350763e-01
46.43371 3.35573772e-01
46.59445 3.32821170e-01
46.75574 3.30092634e-01
46.91759 3.27388054e-01
47.08000 3.24707214e-01
47.24297 3.22049788e-01
47.40650 3.19415668e-01
47.57060 3.16804528e-01
47.73527 3.14216262e-01
47.90051 3.11650542e-01
48.06633 3.09107261e-01
48.23271 3.06586202e-01
48.39967 3.04087040e-01
48.56721 3.01609775e-01
48.73533 2.99154082e-01
48.90403 2.96719743e-01
49.07332 2.94306542e-01
49.24319 2.91914371e-01
49.41365 2.89543121e-01
49.58470 2.87192358e-01
49.75634 2.84861975e-01
49.92858 2.82551863e-01
50.10141 2.80241967e-01
50.27484 2.77938142e-01
50.44887 2.75654479e-01
50.62350 2.73390762e-01
50.79874 2.71146774e-01
50.97458 2.68922406e-01
51.15104 2.66717441e-01
51.32810 2.64531555e-01
51.50578 2.62364856e-01
51.68407 2.60216910e-01
51.86298 2.58087717e-01
52.04250 2.55976952e-01
52.22265 2.53884507e-01
52.40343 2.51810382e-01
52.58482 2.49754142e-01
52.76685 2.47715788e-01
52.94951 2.45695104e-01
53.13280 2.43691872e-01
53.31672 2.41706092e-01
53.50128 2.39737440e-01
53.68648 2.37785806e-01
53.87232 2.35851083e-01
54.05880 2.33933054e-01
54.24593 2.32031609e-01
54.43371 2.30146533e-01
54.62214 2.28277826e-01
54.81122 2.26425161e-01
55.00095 2.24589082e-01
55.19134 2.22896199e-01
55.38239 2.21217083e-01
55.57410 2.19551626e-01
55.76647 2.17899718e-01
55.95951 2.16261252e-01
56.15322 2.14636119e-01
56.34760 2.13024211e-01
56.54265 2.11425311e-01
56.73838 2.09839419e-01
56.93479 2.08266318e-01
57.13187 2.06706009e-01
57.32964 2.05158274e-01
57.52809 2.03623004e-01
57.72723 2.02100201e-01
57.92705 2.00589647e-01
58.12757 1.99091342e-01
58.32879 1.97605070e-01
58.53070 1.96130722e-01
58.73331 1.94668297e-01
58.93662 1.93217580e-01
59.14063 1.91778570e-01
59.34535 1.90351050e-01
59.55078 1.88935021e-01
59.75692 1.87530266e-01
59.96377 1.86136784e-01
60.17134 1.84588290e-01
60.37963 1.83018332e-01
60.58864 1.81462576e-01
60.79837 1.79920694e-01
61.00883 1.78392688e-01
61.22002 1.76878231e-01
61.43194 1.75377433e-01
61.64459 1.73889968e-01
61.85797 1.72415837e-01
62.07210 1.70954822e-01
62.28697 1.69506923e-01
62.50258 1.68071815e-01
62.71894 1.66649607e-01
62.93605 1.65239974e-01
63.15390 1.63842914e-01
63.37252 1.62458321e-01
63.59189 1.61086086e-01
63.81201 1.59725882e-01
64.03290 1.58377928e-01
64.25456 1.57041790e-01
64.47698 1.55717684e-01
64.70017 1.54405177e-01
64.92414 1.53104377e-01
65.14888 1.51989374e-01
65.37440 1.50971607e-01
65.60070 1.49961319e-01
65.82778 1.48958294e-01
66.05565 1.47962640e-01
66.28430 1.46974357e-01
66.51375 1.45993120e-01
66.74400 1.45019038e-01
66.97504 1.44052110e-01
67.20688 1.43092119e-01
67.43952 1.42139175e-01
67.67297 1.41193060e-01
67.90722 1.40253774e-01
68.14229 1.39321317e-01
68.37817 1.38395689e-01
68.61486 1.37476674e-01
68.85238 1.36564271e-01
69.09072 1.35658372e-01
69.32988 1.34759086e-01
69.56987 1.33866304e-01
69.81069 1.32979917e-01
70.05235 1.32073801e-01
70.29484 1.31080315e-01
70.53817 1.30094742e-01
70.78235 1.29116974e-01
71.02737 1.28147011e-01
71.27323 1.27184636e-01
71.51995 1.26229957e-01
71.76752 1.25282866e-01
72.01595 1.24343255e-01
72.26524 1.23411124e-01
72.51539 1.22486363e-01
72.76641 1.21568866e-01
73.01830 1.20658631e-01
73.27106 1.19755550e-01
73.52469 1.18859624e-01
73.77920 1.17970853e-01
74.03460 1.17089019e-01
74.29087 1.16214122e-01
74.54804 1.15346055e-01
74.80609 1.14484926e-01
75.06504 1.13571981e-01
75.32488 1.12493509e-01
75.58563 1.11425661e-01
75.84727 1.10368327e-01
76.10982 1.09321183e-01
76.37328 1.08284359e-01
76.63766 1.07257659e-01
76.90295 1.06240986e-01
77.16915 1.05234243e-01
77.43628 1.04237321e-01
77.70433 1.03250133e-01
77.97331 1.02272571e-01
78.24322 1.01304537e-01
78.51407 1.00345945e-01
78.78585 9.93966862e-02
79.05857 9.84566848e-02
79.33224 9.75258215e-02
79.60686 9.66040204e-02
79.88242 9.56911840e-02
80.15894 9.48828777e-02
80.43642 9.41520341e-02
80.71486 9.34271091e-02
80.99426 9.27080594e-02
81.27463 9.19948307e-02
81.55596 9.12873798e-02
81.83828 9.05856416e-02
82.12157 8.98895835e-02
82.40584 8.91991405e-02
82.69109 8.85142802e-02
82.97733 8.78349374e-02
83.26457 8.71610688e-02
83.55279 8.64926418e-02
83.84202 8.58295807e-02
84.13225 8.51718637e-02
84.42348 8.45194366e-02
84.71572 8.38722561e-02
85.00897 8.32302680e-02
85.30323 8.25934396e-02
85.59852 8.19617170e-02
85.89482 8.13350566e-02
86.19215 8.07134259e-02
86.49052 8.00967708e-02
86.78991 7.94850480e-02
87.09034 7.88782248e-02
87.39181 7.82762470e-02
87.69432 7.76790714e-02
87.99789 7.70866763e-02
88.30250 7.64990074e-02
88.60816 7.59160213e-02
88.91489 7.53376856e-02
89.22267 7.47639570e-02
89.53153 7.41947919e-02
89.84145 7.36301688e-02
90.15244 7.30700227e-02
90.46451 7.25143318e-02
90.77766 7.19630636e-02
91.09190 7.14161639e-02
91.40722 7.08736110e-02
91.72363 7.03353508e-02
92.04114 6.98013724e-02
92.35975 6.92716108e-02
92.67946 6.87460442e-02
93.00028 6.82246402e-02
93.32221 6.77073663e-02
93.64525 6.71941790e-02
93.96941 6.66850459e-02
94.29469 6.61799236e-02
94.62110 6.56788012e-02
94.94864 6.51816246e-02
95.27731 6.46883721e-02
95.60712 6.41990003e-02
95.93807 6.37134875e-02
96.27017 6.32318013e-02
96.60342 6.27538982e-02
96.93782 6.22797458e-02
97.27338 6.18093331e-02
97.61010 6.13426061e-02
97.94798 6.08795538e-02
98.28704 6.04201329e-02
98.62727 5.99643109e-02
98.96867 5.95120661e-02
99.31126 5.90633660e-02
99.65504 5.86181780e-02
100.00000 5.81764697e-02
