        2000  0.100000 2.650000
0.10000 1.64988823e+00
0.10035 1.65032707e+00
0.10069 1.65074471e+00
0.10104 1.65114115e+00
0.10139 1.65177397e+00
0.10174 1.65255696e+00
0.10210 1.65326681e+00
0.10245 1.65390422e+00
0.10280 1.65447026e+00
0.10316 1.65496528e+00
0.10352 1.65608111e+00
0.10387 1.65753825e+00
0.10423 1.65887668e+00
0.10459 1.66009815e+00
0.10496 1.66120373e+00
0.10532 1.66296828e+00
0.10568 1.66510983e+00
0.10605 1.66712207e+00
0.10642 1.66900357e+00
0.10679 1.67075398e+00
0.10716 1.67339267e+00
0.10753 1.67631792e+00
0.10790 1.67906403e+00
0.10827 1.68162746e+00
0.10865 1.68400469e+00
0.10902 1.68753166e+00
0.10940 1.69171619e+00
0.10978 1.69561663e+00
0.11016 1.69922699e+00
0.11054 1.70254197e+00
0.11092 1.70759287e+00
0.11131 1.71356173e+00
0.11169 1.71892356e+00
0.11208 1.72367024e+00
0.11247 1.72779152e+00
0.11286 1.73120684e+00
0.11325 1.73420028e+00
0.11364 1.73700575e+00
0.11403 1.73893424e+00
0.11443 1.73949710e+00
0.11482 1.73865652e+00
0.11522 1.73417590e+00
0.11562 1.72818584e+00
0.11602 1.71987120e+00
0.11642 1.70764057e+00
0.11682 1.69337650e+00
0.11723 1.67956505e+00
0.11763 1.66582851e+00
0.11804 1.65018857e+00
0.11845 1.64605810e+00
0.11886 1.64501400e+00
0.11927 1.64656973e+00
0.11968 1.65469533e+00
0.12010 1.66354633e+00
0.12051 1.66986252e+00
0.12093 1.67333013e+00
0.12135 1.67236235e+00
0.12177 1.67044340e+00
0.12219 1.66285521e+00
0.12262 1.64615668e+00
0.12304 1.62500261e+00
0.12347 1.59995870e+00
0.12389 1.56787497e+00
0.12432 1.53372566e+00
0.12475 1.49569463e+00
0.12518 1.45286462e+00
0.12562 1.40616455e+00
0.12605 1.35664206e+00
0.12649 1.30548964e+00
0.12693 1.25292212e+00
0.12737 1.20043304e+00
0.12781 1.14793442e+00
0.12825 1.07864858e+00
0.12869 1.00783281e+00
0.12914 9.34162453e-01
0.12959 8.77074033e-01
0.13003 8.21350187e-01
0.13048 7.73061533e-01
0.13094 7.39877880e-01
0.13139 7.12966247e-01
0.13184 6.89311287e-01
0.13230 6.68367807e-01
0.13276 6.46978773e-01
0.13322 6.25924700e-01
0.13368 6.06470873e-01
0.13414 5.83250160e-01
0.13461 5.56998200e-01
0.13507 5.30001060e-01
0.13554 5.09051927e-01
0.13601 4.90168733e-01
0.13648 4.74208667e-01
0.13695 4.56251913e-01
0.13743 4.35780840e-01
0.13790 4.16730167e-01
0.13838 3.95442893e-01
0.13886 3.77697787e-01
0.13934 3.59698633e-01
0.13982 3.31255689e-01
0.14031 3.03886171e-01
0.14079 2.78178909e-01
0.14128 2.57256735e-01
0.14177 2.38479966e-01
0.14226 2.20621934e-01
0.14275 1.99234137e-01
0.14324 1.77329273e-01
0.14374 1.57520593e-01
0.14424 1.39148673e-01
0.14474 1.18640217e-01
0.14524 1.01272435e-01
0.14574 8.64156873e-02
0.14625 7.00794973e-02
0.14675 5.52460340e-02
0.14726 4.32998340e-02
0.14777 3.30384369e-02
0.14828 2.39853549e-02
0.14879 1.73665453e-02
0.14931 1.25536047e-02
0.14983 1.17386732e-02
0.15034 1.15946651e-02
0.15087 1.14497455e-02
0.15139 9.91420827e-03
0.15191 6.78590800e-03
0.15244 4.64186013e-03
0.15297 3.17363788e-03
0.15349 2.15955355e-03
0.15403 1.46704247e-03
0.15456 9.96506353e-04
0.15509 6.92447827e-04
0.15563 5.72110620e-04
0.15617 5.41028947e-04
0.15671 5.36879047e-04
0.15725 5.35263960e-04
0.15780 5.33646400e-04
0.15834 5.32037673e-04
0.15889 5.30439900e-04
0.15944 5.28937880e-04
0.15999 5.27443280e-04
0.16055 5.25898860e-04
0.16110 5.24261867e-04
0.16166 5.22486013e-04
0.16222 5.20528547e-04
0.16278 5.18356607e-04
0.16335 5.16058880e-04
0.16391 5.13685187e-04
0.16448 5.11107620e-04
0.16505 5.08338193e-04
0.16562 5.05392807e-04
0.16619 5.02288773e-04
0.16677 4.99044820e-04
0.16734 4.95678260e-04
0.16792 4.92436073e-04
0.16851 4.89198833e-04
0.16909 4.85894107e-04
0.16967 4.82533200e-04
0.17026 4.79125653e-04
0.17085 4.75681360e-04
0.17144 4.72208800e-04
0.17204 4.68717160e-04
0.17263 4.65290180e-04
0.17323 4.61890760e-04
0.17383 4.58496993e-04
0.17443 4.55116653e-04
0.17503 4.51756453e-04
0.17564 4.48422400e-04
0.17625 4.45120500e-04
0.17686 4.41855700e-04
0.17747 4.38754847e-04
0.17808 4.35779073e-04
0.17870 4.32848173e-04
0.17932 4.29963560e-04
0.17994 4.27125233e-04
0.18056 4.24331073e-04
0.18119 4.21578960e-04
0.18182 4.18864300e-04
0.18244 4.16182147e-04
0.18308 4.13525433e-04
0.18371 4.10889920e-04
0.18435 4.08501740e-04
0.18498 4.06114620e-04
0.18562 4.03719727e-04
0.18627 4.01307873e-04
0.18691 3.98868813e-04
0.18756 3.96393713e-04
0.18821 3.93873387e-04
0.18886 3.91300413e-04
0.18951 3.88667373e-04
0.19017 3.85969320e-04
0.19083 3.83243353e-04
0.19149 3.80624447e-04
0.19215 3.77937347e-04
0.19282 3.75181700e-04
0.19348 3.72358213e-04
0.19415 3.69469713e-04
0.19483 3.66518673e-04
0.19550 3.63509333e-04
0.19618 3.60446287e-04
0.19686 3.57334833e-04
0.19754 3.54181333e-04
0.19822 3.50991263e-04
0.19891 3.47911257e-04
0.19960 3.44857856e-04
0.20029 3.41787531e-04
0.20098 3.38706287e-04
0.20168 3.35620097e-04
0.20237 3.32534791e-04
0.20307 3.29455950e-04
0.20378 3.26389017e-04
0.20448 3.23339043e-04
0.20519 3.20310906e-04
0.20590 3.17309092e-04
0.20661 3.14350950e-04
0.20733 3.12134631e-04
0.20805 3.09943541e-04
0.20877 3.07779904e-04
0.20949 3.05645877e-04
0.21021 3.03543331e-04
0.21094 3.01473929e-04
0.21167 2.99439082e-04
0.21240 2.97439993e-04
0.21314 2.95477650e-04
0.21388 2.93552796e-04
0.21462 2.91665890e-04
0.21536 2.89817250e-04
0.21611 2.88006911e-04
0.21685 2.86234697e-04
0.21760 2.84500255e-04
0.21836 2.82802912e-04
0.21911 2.81141892e-04
0.21987 2.79516135e-04
0.22063 2.77924474e-04
0.22140 2.76365497e-04
0.22216 2.74837613e-04
0.22293 2.73339055e-04
0.22370 2.71867917e-04
0.22448 2.70422183e-04
0.22526 2.68999663e-04
0.22604 2.67598025e-04
0.22682 2.66214937e-04
0.22760 2.64847925e-04
0.22839 2.63494411e-04
0.22918 2.62151815e-04
0.22998 2.60817593e-04
0.23077 2.59489131e-04
0.23157 2.58163883e-04
0.23237 2.56839237e-04
0.23318 2.55512788e-04
0.23398 2.54182170e-04
0.23479 2.52845086e-04
0.23561 2.51499381e-04
0.23642 2.50143146e-04
0.23724 2.48774439e-04
0.23806 2.47391704e-04
0.23889 2.45993493e-04
0.23971 2.44578535e-04
0.24054 2.43145768e-04
0.24137 2.41694451e-04
0.24221 2.40223984e-04
0.24305 2.38734013e-04
0.24389 2.37224361e-04
0.24473 2.35695134e-04
0.24558 2.34146651e-04
0.24643 2.32579370e-04
0.24728 2.30993963e-04
0.24814 2.29391349e-04
0.24900 2.27772482e-04
0.24986 2.26138563e-04
0.25073 2.24490863e-04
0.25159 2.22830833e-04
0.25246 2.21159919e-04
0.25334 2.19479749e-04
0.25422 2.17791946e-04
0.25510 2.16098207e-04
0.25598 2.14400264e-04
0.25687 2.12699777e-04
0.25775 2.10998547e-04
0.25865 2.09298237e-04
0.25954 2.07600576e-04
0.26044 2.05907191e-04
0.26134 2.04219635e-04
0.26225 2.02539500e-04
0.26315 2.00868269e-04
0.26406 1.99207284e-04
0.26498 1.97557959e-04
0.26590 1.95921461e-04
0.26682 1.94298989e-04
0.26774 1.92691570e-04
0.26867 1.91100263e-04
0.26960 1.89525880e-04
0.27053 1.87969270e-04
0.27147 1.86431104e-04
0.27241 1.84912018e-04
0.27335 1.83412507e-04
0.27430 1.81933029e-04
0.27525 1.80473975e-04
0.27620 1.79035519e-04
0.27715 1.77617911e-04
0.27811 1.76221219e-04
0.27908 1.74845516e-04
0.28004 1.73490730e-04
0.28101 1.72156720e-04
0.28198 1.70843345e-04
0.28296 1.69550321e-04
0.28394 1.68277403e-04
0.28492 1.67024165e-04
0.28591 1.65790219e-04
0.28690 1.64575105e-04
0.28789 1.63378295e-04
0.28889 1.62199257e-04
0.28989 1.61037391e-04
0.29089 1.59892061e-04
0.29190 1.58762595e-04
0.29291 1.57648323e-04
0.29392 1.56548467e-04
0.29494 1.55462356e-04
0.29596 1.54389212e-04
0.29699 1.53328223e-04
0.29801 1.52278575e-04
0.29905 1.51239528e-04
0.30008 1.50210233e-04
0.30112 1.49189877e-04
0.30216 1.48177647e-04
0.30321 1.47172697e-04
0.30426 1.46174247e-04
0.30531 1.45181487e-04
0.30637 1.44193602e-04
0.30743 1.43209816e-04
0.30849 1.42229351e-04
0.30956 1.41251466e-04
0.31063 1.40275453e-04
0.31171 1.39300571e-04
0.31279 1.38326149e-04
0.31387 1.37351549e-04
0.31496 1.36376102e-04
0.31605 1.35399312e-04
0.31714 1.34420508e-04
0.31824 1.33439266e-04
0.31934 1.32455056e-04
0.32044 1.31467419e-04
0.32155 1.30475965e-04
0.32267 1.29480343e-04
0.32378 1.28480197e-04
0.32490 1.27475282e-04
0.32603 1.26465349e-04
0.32716 1.25450223e-04
0.32829 1.24429690e-04
0.32943 1.23403716e-04
0.33057 1.22372195e-04
0.33171 1.21335091e-04
0.33286 1.20292475e-04
0.33401 1.19244347e-04
0.33517 1.18190848e-04
0.33633 1.17132085e-04
0.33749 1.16068233e-04
0.33866 1.14999541e-04
0.33983 1.13926185e-04
0.34101 1.12848483e-04
0.34219 1.11766718e-04
0.34337 1.10681207e-04
0.34456 1.09592305e-04
0.34576 1.08500434e-04
0.34695 1.07405913e-04
0.34815 1.06309237e-04
0.34936 1.05210759e-04
0.35057 1.04111009e-04
0.35178 1.03010341e-04
0.35300 1.01909319e-04
0.35422 1.00808332e-04
0.35545 9.97079460e-05
0.35668 9.86085493e-05
0.35791 9.75106720e-05
0.35915 9.64148087e-05
0.36039 9.53214187e-05
0.36164 9.42309613e-05
0.36289 9.31438960e-05
0.36415 9.20607173e-05
0.36541 9.09818847e-05
0.36668 8.99077867e-05
0.36795 8.88389180e-05
0.36922 8.77756320e-05
0.37050 8.67183527e-05
0.37178 8.56675040e-05
0.37307 8.46234040e-05
0.37436 8.35864413e-05
0.37565 8.25569693e-05
0.37695 8.15353413e-05
0.37826 8.05217693e-05
0.37957 7.95166420e-05
0.38088 7.85202067e-05
0.38220 7.75327107e-05
0.38352 7.65544013e-05
0.38485 7.55854907e-05
0.38618 7.46261907e-05
0.38752 7.36767487e-05
0.38886 7.27372353e-05
0.39021 7.18078980e-05
0.39156 7.08888427e-05
0.39291 6.99801753e-05
0.39427 6.90820373e-05
0.39564 6.81944993e-05
0.39701 6.73177027e-05
0.39838 6.64516120e-05
0.39976 6.55963687e-05
0.40115 6.47519727e-05
0.40253 6.39184947e-05
0.40393 6.30958640e-05
0.40533 6.22841867e-05
0.40673 6.14833920e-05
0.40814 6.06934800e-05
0.40955 5.99144153e-05
0.41097 5.91461980e-05
0.41239 5.83887573e-05
0.41382 5.76420227e-05
0.41525 5.69059233e-05
0.41669 5.61804593e-05
0.41813 5.54654893e-05
0.41958 5.47609780e-05
0.42103 5.40668193e-05
0.42249 5.33828720e-05
0.42395 5.27091360e-05
0.42542 5.20453993e-05
0.42689 5.13916267e-05
0.42837 5.07477120e-05
0.42985 5.01134787e-05
0.43134 4.94888560e-05
0.43283 4.88737027e-05
0.43433 4.82678773e-05
0.43583 4.76713093e-05
0.43734 4.70838220e-05
0.43886 4.65053093e-05
0.44037 4.59355947e-05
0.44190 4.53746073e-05
0.44343 4.48221707e-05
0.44496 4.42781787e-05
0.44650 4.37424900e-05
0.44805 4.32149280e-05
0.44960 4.26954220e-05
0.45116 4.21837953e-05
0.45272 4.16799067e-05
0.45429 4.11836500e-05
0.45586 4.06948487e-05
0.45744 4.02134320e-05
0.45902 3.97391880e-05
0.46061 3.92720813e-05
0.46220 3.88119000e-05
0.46380 3.83585380e-05
0.46541 3.79118893e-05
0.46702 3.74717773e-05
0.46864 3.70381313e-05
0.47026 3.66108100e-05
0.47189 3.61896720e-05
0.47352 3.57746467e-05
0.47516 3.53655573e-05
0.47680 3.49623015e-05
0.47845 3.45647803e-05
0.48011 3.41728736e-05
0.48177 3.37864647e-05
0.48344 3.34054513e-05
0.48511 3.30297237e-05
0.48679 3.26591724e-05
0.48848 3.22936950e-05
0.49017 3.19331961e-05
0.49186 3.15775661e-05
0.49357 3.12267131e-05
0.49528 3.08805419e-05
0.49699 3.05389569e-05
0.49871 3.02018663e-05
0.50044 2.98691782e-05
0.50217 2.95408114e-05
0.50391 2.92166740e-05
0.50565 2.88966812e-05
0.50740 2.85820873e-05
0.50916 2.82729560e-05
0.51092 2.79692095e-05
0.51269 2.76692012e-05
0.51446 2.73760653e-05
0.51625 2.70876746e-05
0.51803 2.68027077e-05
0.51983 2.65210975e-05
0.52163 2.62453103e-05
0.52343 2.59755615e-05
0.52524 2.57088513e-05
0.52706 2.54451304e-05
0.52889 2.51843386e-05
0.53072 2.49264229e-05
0.53255 2.46731430e-05
0.53440 2.44265905e-05
0.53625 2.41826315e-05
0.53810 2.39412236e-05
0.53997 2.37023173e-05
0.54183 2.34658772e-05
0.54371 2.32318610e-05
0.54559 2.30002263e-05
0.54748 2.27709412e-05
0.54938 2.25480444e-05
0.55128 2.23289989e-05
0.55319 2.21120770e-05
0.55510 2.18972468e-05
0.55702 2.16844801e-05
0.55895 2.14737450e-05
0.56089 2.12650204e-05
0.56283 2.10582780e-05
0.56478 2.08534860e-05
0.56673 2.06506232e-05
0.56869 2.04496684e-05
0.57066 2.02536285e-05
0.57264 2.00619204e-05
0.57462 1.98719613e-05
0.57661 1.96837265e-05
0.57860 1.94972054e-05
0.58061 1.93123732e-05
0.58262 1.91292158e-05
0.58463 1.89477120e-05
0.58666 1.87678512e-05
0.58869 1.85896157e-05
0.59073 1.84129879e-05
0.59277 1.82379501e-05
0.59482 1.80644953e-05
0.59688 1.78981283e-05
0.59895 1.77333301e-05
0.60102 1.75699982e-05
0.60310 1.74081256e-05
0.60519 1.72476946e-05
0.60728 1.70886981e-05
0.60939 1.69311185e-05
0.61150 1.67749523e-05
0.61361 1.66201852e-05
0.61574 1.64668032e-05
0.61787 1.63147992e-05
0.62001 1.61641626e-05
0.62215 1.60206527e-05
0.62431 1.58785739e-05
0.62647 1.57377741e-05
0.62864 1.55982357e-05
0.63081 1.54599551e-05
0.63300 1.53229219e-05
0.63519 1.51871253e-05
0.63739 1.50525618e-05
0.63959 1.49192138e-05
0.64181 1.47870813e-05
0.64403 1.46600897e-05
0.64626 1.45365785e-05
0.64849 1.44141874e-05
0.65074 1.42929057e-05
0.65299 1.41727335e-05
0.65525 1.40536531e-05
0.65752 1.39356645e-05
0.65980 1.38187536e-05
0.66208 1.37033832e-05
0.66437 1.35951007e-05
0.66667 1.34878039e-05
0.66898 1.33814789e-05
0.67130 1.32761255e-05
0.67362 1.31717331e-05
0.67595 1.30682948e-05
0.67829 1.29662274e-05
0.68064 1.28712090e-05
0.68299 1.27770421e-05
0.68536 1.26837233e-05
0.68773 1.25912383e-05
0.69011 1.24995836e-05
0.69250 1.24108404e-05
0.69490 1.23271852e-05
0.69730 1.22442579e-05
0.69972 1.21620478e-05
0.70214 1.20805550e-05
0.70457 1.20035213e-05
0.70701 1.19294096e-05
0.70946 1.18559127e-05
0.71191 1.17830165e-05
0.71438 1.17150105e-05
0.71685 1.16487357e-05
0.71933 1.15829698e-05
0.72182 1.15209669e-05
0.72432 1.14609391e-05
0.72683 1.14022716e-05
0.72934 1.13470103e-05
0.73187 1.12932859e-05
0.73440 1.12419431e-05
0.73694 1.11929428e-05
0.73949 1.11446881e-05
0.74205 1.10966842e-05
0.74462 1.10489312e-05
0.74720 1.10014220e-05
0.74979 1.09541566e-05
0.75238 1.09071315e-05
0.75499 1.08603501e-05
0.75760 1.08138055e-05
0.76022 1.07674977e-05
0.76285 1.07214265e-05
0.76549 1.06755851e-05
0.76814 1.06299768e-05
0.77080 1.05845982e-05
0.77347 1.05394493e-05
0.77615 1.04945265e-05
0.77884 1.04498263e-05
0.78153 1.04053522e-05
0.78424 1.03610972e-05
0.78695 1.03170648e-05
0.78968 1.02732479e-05
0.79241 1.02296537e-05
0.79515 1.01862714e-05
0.79790 1.01431047e-05
0.80067 1.01001499e-05
0.80344 1.00574072e-05
0.80622 1.00148765e-05
0.80901 9.97255067e-06
0.81181 9.93043687e-06
0.81462 9.88852447e-06
0.81744 9.84682053e-06
0.82027 9.80532153e-06
0.82311 9.76402040e-06
0.82596 9.72292420e-06
0.82882 9.68202587e-06
0.83169 9.64132893e-06
0.83457 9.60082633e-06
0.83745 9.56052160e-06
0.84035 9.52041120e-06
0.84326 9.48049513e-06
0.84618 9.44076987e-06
0.84911 9.40123893e-06
0.85205 9.36189880e-06
0.85500 9.32274947e-06
0.85796 9.28378387e-06
0.86093 9.24500907e-06
0.86391 9.20641800e-06
0.86690 9.16801420e-06
0.86990 9.12979413e-06
0.87291 9.09175780e-06
0.87593 9.05390520e-06
0.87897 9.01622927e-06
0.88201 8.97873707e-06
0.88506 8.94142153e-06
0.88813 8.90428620e-06
0.89120 8.86732400e-06
0.89428 8.83054200e-06
0.89738 8.79393313e-06
0.90049 8.75750093e-06
0.90360 8.72123833e-06
0.90673 8.68514887e-06
0.90987 8.64923253e-06
0.91302 8.61348580e-06
0.91618 8.57790867e-06
0.91935 8.54250113e-06
0.92253 8.50725967e-06
0.92573 8.47218780e-06
0.92893 8.43728200e-06
0.93215 8.40253873e-06
0.93537 8.36795800e-06
0.93861 8.33354333e-06
0.94186 8.29929120e-06
0.94512 8.26520160e-06
0.94839 8.23127453e-06
0.95168 8.19750293e-06
0.95497 8.16389387e-06
0.95828 8.13044027e-06
0.96159 8.09714567e-06
0.96492 8.06400653e-06
0.96826 8.03102640e-06
0.97161 7.99819820e-06
0.97498 7.96552547e-06
0.97835 7.93300820e-06
0.98174 7.90064287e-06
0.98514 7.86842593e-06
0.98855 7.83636447e-06
0.99197 7.80445140e-06
0.99540 7.77268673e-06
0.99885 7.74107047e-06
1.00231 7.70960613e-06
1.00578 7.67828667e-06
1.00926 7.64711207e-06
1.01275 7.61608587e-06
1.01626 7.58520453e-06
1.01978 7.55446807e-06
1.02330 7.52387293e-06
1.02685 7.49342267e-06
1.03040 7.46311020e-06
1.03397 7.43294260e-06
1.03755 7.40291633e-06
1.04114 7.37302787e-06
1.04474 7.34328073e-06
1.04836 7.31367140e-06
1.05199 7.28419987e-06
1.05563 7.25486613e-06
1.05928 7.22566667e-06
1.06295 7.19660500e-06
1.06663 7.16767407e-06
1.07032 7.13888093e-06
1.07403 7.11022207e-06
1.07775 7.08169393e-06
1.08148 7.05330007e-06
1.08522 7.02503693e-06
1.08898 6.99690453e-06
1.09275 6.96890287e-06
1.09653 6.94102840e-06
1.10032 6.91328467e-06
1.10413 6.88567167e-06
1.10796 6.85818233e-06
1.11179 6.83082020e-06
1.11564 6.80358880e-06
1.11950 6.77647753e-06
1.12338 6.74949347e-06
1.12726 6.72263307e-06
1.13117 6.69589987e-06
1.13508 6.66928680e-06
1.13901 6.64279387e-06
1.14295 6.61642460e-06
1.14691 6.59017900e-06
1.15088 6.56405000e-06
1.15487 6.53804467e-06
1.15886 6.51215593e-06
1.16287 6.48638733e-06
1.16690 6.46073533e-06
1.17094 6.43519993e-06
1.17499 6.40978467e-06
1.17906 6.38448600e-06
1.18314 6.35930040e-06
1.18724 6.33422787e-06
1.19135 6.30927547e-06
1.19547 6.28443260e-06
1.19961 6.25970280e-06
1.20376 6.23508960e-06
1.20793 6.21058593e-06
1.21211 6.18619533e-06
1.21630 6.16191427e-06
1.22052 6.13774273e-06
1.22474 6.11368073e-06
1.22898 6.08973180e-06
1.23323 6.06588887e-06
1.23750 6.04215193e-06
1.24179 6.01852453e-06
1.24609 5.99500667e-06
1.25040 5.97159127e-06
1.25473 5.94828540e-06
1.25907 5.92508200e-06
1.26343 5.90198460e-06
1.26780 5.87898967e-06
1.27219 5.85610073e-06
1.27659 5.83331427e-06
1.28101 5.81063027e-06
1.28545 5.78804873e-06
1.28990 5.76556967e-06
1.29436 5.74318953e-06
1.29884 5.72091187e-06
1.30334 5.69873313e-06
1.30785 5.67665333e-06
1.31238 5.65467247e-06
1.31692 5.63279053e-06
1.32148 5.61100753e-06
1.32605 5.58931993e-06
1.33064 5.56773127e-06
1.33525 5.54623800e-06
1.33987 5.52484013e-06
1.34451 5.50354120e-06
1.34916 5.48233413e-06
1.35383 5.46121893e-06
1.35852 5.44020267e-06
1.36322 5.41927473e-06
1.36794 5.39844573e-06
1.37268 5.37770507e-06
1.37743 5.35705627e-06
1.38220 5.33649933e-06
1.38698 5.31603427e-06
1.39178 5.29566107e-06
1.39660 5.27537620e-06
1.40144 5.25517967e-06
1.40629 5.23507500e-06
1.41115 5.21505867e-06
1.41604 5.19512713e-06
1.42094 5.17528747e-06
1.42586 5.15553260e-06
1.43080 5.13586607e-06
1.43575 5.11628433e-06
1.44072 5.09679093e-06
1.44571 5.07738233e-06
1.45071 5.05805853e-06
1.45573 5.03881600e-06
1.46077 5.01966180e-06
1.46583 5.00058887e-06
1.47090 4.98160073e-06
1.47599 4.96269740e-06
1.48110 4.94387180e-06
1.48623 4.92513100e-06
1.49137 4.90647147e-06
1.49654 4.88789320e-06
1.50172 4.86939620e-06
1.50692 4.85097693e-06
1.51213 4.83264247e-06
1.51737 4.81438220e-06
1.52262 4.79620320e-06
1.52789 4.77810193e-06
1.53318 4.76008193e-06
1.53849 4.74213613e-06
1.54381 4.72427160e-06
1.54916 4.70648127e-06
1.55452 4.68876867e-06
1.55990 4.67113027e-06
1.56530 4.65356960e-06
1.57072 4.63608313e-06
1.57615 4.61867440e-06
1.58161 4.60133987e-06
1.58709 4.58407600e-06
1.59258 4.56688987e-06
1.59809 4.54977440e-06
1.60362 4.53273667e-06
1.60918 4.51576607e-06
1.61475 4.49886967e-06
1.62034 4.48204747e-06
1.62594 4.46529593e-06
1.63157 4.44861507e-06
1.63722 4.43200487e-06
1.64289 4.41546533e-06
1.64857 4.39899647e-06
1.65428 4.38259827e-06
1.66001 4.36627073e-06
1.66575 4.35001033e-06
1.67152 4.33381707e-06
1.67731 4.31769447e-06
1.68311 4.30163900e-06
1.68894 4.28565067e-06
1.69478 4.26973300e-06
1.70065 4.25387893e-06
1.70654 4.23809200e-06
1.71245 4.22237220e-06
1.71837 4.20671953e-06
1.72432 4.19113047e-06
1.73029 4.17560853e-06
1.73628 4.16015020e-06
1.74229 4.14475900e-06
1.74832 4.12943140e-06
1.75437 4.11416387e-06
1.76045 4.09896347e-06
1.76654 4.08382667e-06
1.77266 4.06875347e-06
1.77879 4.05374033e-06
1.78495 4.03879433e-06
1.79113 4.02390487e-06
1.79733 4.00907900e-06
1.80355 3.99431673e-06
1.80979 3.97961453e-06
1.81606 3.96497240e-06
1.82234 3.95039387e-06
1.82865 3.93587187e-06
1.83498 3.92140993e-06
1.84133 3.90701160e-06
1.84771 3.89266980e-06
1.85410 3.87838453e-06
1.86052 3.86416287e-06
1.86696 3.84999773e-06
1.87342 3.83588913e-06
1.87991 3.82184060e-06
1.88642 3.80784860e-06
1.89295 3.79391667e-06
1.89950 3.78003773e-06
1.90607 3.76621887e-06
1.91267 3.75245653e-06
1.91929 3.73874720e-06
1.92594 3.72509440e-06
1.93260 3.71150167e-06
1.93929 3.69795840e-06
1.94601 3.68447520e-06
1.95274 3.67104500e-06
1.95950 3.65766780e-06
1.96629 3.64434713e-06
1.97309 3.63107947e-06
1.97992 3.61786480e-06
1.98678 3.60470313e-06
1.99365 3.59159800e-06
2.00055 3.57854233e-06
2.00748 3.56554320e-06
2.01443 3.55259353e-06
2.02140 3.53969687e-06
2.02840 3.52685214e-06
2.03542 3.51405935e-06
2.04247 3.50131780e-06
2.04954 3.48862748e-06
2.05663 3.47598839e-06
2.06375 3.46339983e-06
2.07090 3.45086180e-06
2.07806 3.43837394e-06
2.08526 3.42593590e-06
2.09247 3.41354803e-06
2.09972 3.40120928e-06
2.10699 3.38891999e-06
2.11428 3.37667982e-06
2.12160 3.36448841e-06
2.12894 3.35234540e-06
2.13631 3.34025080e-06
2.14371 3.32820425e-06
2.15113 3.31620576e-06
2.15857 3.30425461e-06
2.16605 3.29235117e-06
2.17354 3.28049471e-06
2.18107 3.26868525e-06
2.18862 3.25692279e-06
2.19619 3.24520661e-06
2.20380 3.23353671e-06
2.21143 3.22191311e-06
2.21908 3.21033508e-06
2.22676 3.19880263e-06
2.23447 3.18731612e-06
2.24220 3.17587448e-06
2.24997 3.16447771e-06
2.25775 3.15312582e-06
2.26557 3.14181880e-06
2.27341 3.13055595e-06
2.28128 3.11933691e-06
2.28918 3.10816239e-06
2.29710 3.09703133e-06
2.30505 3.08594373e-06
2.31303 3.07489959e-06
2.32104 3.06389891e-06
2.32908 3.05294063e-06
2.33714 3.04202545e-06
2.34523 3.03115268e-06
2.35335 3.02032231e-06
2.36149 3.00953398e-06
2.36967 2.99878770e-06
2.37787 2.98808311e-06
2.38610 2.97742022e-06
2.39436 2.96679867e-06
2.40265 2.95621810e-06
2.41097 2.94567852e-06
2.41931 2.93517993e-06
2.42769 2.92472197e-06
2.43609 2.91430429e-06
2.44452 2.90392724e-06
2.45298 2.89358977e-06
2.46148 2.88329257e-06
2.47000 2.87303460e-06
2.47855 2.86281655e-06
2.48713 2.85263773e-06
2.49574 2.84249812e-06
2.50438 2.83239738e-06
2.51304 2.82233551e-06
2.52174 2.81231215e-06
2.53047 2.80232730e-06
2.53923 2.79238097e-06
2.54802 2.78247244e-06
2.55684 2.77260172e-06
2.56569 2.76276916e-06
2.57457 2.75297405e-06
2.58349 2.74321640e-06
2.59243 2.73349585e-06
2.60140 2.72381239e-06
2.61041 2.71416604e-06
2.61944 2.70455643e-06
2.62851 2.69498322e-06
2.63761 2.68544640e-06
2.64674 2.67594597e-06
2.65590 2.66648194e-06
2.66510 2.65705359e-06
2.67432 2.64766093e-06
2.68358 2.63830396e-06
2.69287 2.62898232e-06
2.70219 2.61969637e-06
2.71154 2.61044539e-06
2.72093 2.60122940e-06
2.73035 2.59204803e-06
2.73980 2.58290165e-06
2.74928 2.57378989e-06
2.75880 2.56471240e-06
2.76835 2.55566883e-06
2.77793 2.54665954e-06
2.78755 2.53768452e-06
2.79720 2.52874307e-06
2.80688 2.51983518e-06
2.81660 2.51096086e-06
2.82635 2.50211975e-06
2.83613 2.49331186e-06
2.84595 2.48453718e-06
2.85580 2.47579536e-06
2.86569 2.46708640e-06
2.87561 2.45840995e-06
2.88556 2.44976600e-06
2.89555 2.44115421e-06
2.90557 2.43257492e-06
2.91563 2.42402743e-06
2.92572 2.41551210e-06
2.93585 2.40702857e-06
2.94601 2.39857683e-06
2.95621 2.39015619e-06
2.96644 2.38176735e-06
2.97671 2.37340961e-06
2.98702 2.36508260e-06
2.99736 2.35678704e-06
3.00773 2.34852222e-06
3.01814 2.34028814e-06
3.02859 2.33208445e-06
3.03907 2.32391149e-06
3.04960 2.31576893e-06
3.06015 2.30765604e-06
3.07074 2.29957389e-06
3.08137 2.29152107e-06
3.09204 2.28349864e-06
3.10274 2.27550553e-06
3.11348 2.26754211e-06
3.12426 2.25960801e-06
3.13508 2.25170323e-06
3.14593 2.24382779e-06
3.15682 2.23598131e-06
3.16775 2.22816381e-06
3.17871 2.22037529e-06
3.18972 2.21261503e-06
3.20076 2.20488374e-06
3.21184 2.19718072e-06
3.22295 2.18950632e-06
3.23411 2.18185983e-06
3.24531 2.17424161e-06
3.25654 2.16665131e-06
3.26781 2.15908927e-06
3.27912 2.15155443e-06
3.29047 2.14404751e-06
3.30187 2.13656815e-06
3.31330 2.12911600e-06
3.32476 2.12169141e-06
3.33627 2.11429367e-06
3.34782 2.10692349e-06
3.35941 2.09957981e-06
3.37104 2.09226333e-06
3.38271 2.08497336e-06
3.39442 2.07771024e-06
3.40617 2.07047327e-06
3.41796 2.06326315e-06
3.42979 2.05607917e-06
3.44166 2.04892135e-06
3.45358 2.04178931e-06
3.46553 2.03468378e-06
3.47753 2.02760369e-06
3.48957 2.02054974e-06
3.50164 2.01352123e-06
3.51377 2.00651852e-06
3.52593 1.99954089e-06
3.53814 1.99258906e-06
3.55038 1.98566231e-06
3.56267 1.97876065e-06
3.57500 1.97188373e-06
3.58738 1.96503224e-06
3.59980 1.95820549e-06
3.61226 1.95140347e-06
3.62476 1.94462583e-06
3.63731 1.93787292e-06
3.64990 1.93114439e-06
3.66254 1.92444060e-06
3.67521 1.91776048e-06
3.68794 1.91110474e-06
3.70070 1.90447338e-06
3.71351 1.89786569e-06
3.72637 1.89128168e-06
3.73927 1.88472169e-06
3.75221 1.87818538e-06
3.76520 1.87167239e-06
3.77823 1.86518307e-06
3.79131 1.85871707e-06
3.80443 1.85227439e-06
3.81760 1.84585503e-06
3.83082 1.83945863e-06
3.84408 1.83308521e-06
3.85739 1.82689551e-06
3.87074 1.82075458e-06
3.88414 1.81463520e-06
3.89758 1.80853702e-06
3.91107 1.80246039e-06
3.92461 1.79640497e-06
3.93820 1.79037074e-06
3.95183 1.78435771e-06
3.96551 1.77836553e-06
3.97924 1.77239420e-06
3.99301 1.76644371e-06
4.00683 1.76051407e-06
4.02070 1.75460528e-06
4.03462 1.74871698e-06
4.04859 1.74284917e-06
4.06260 1.73700151e-06
4.07667 1.73117433e-06
4.09078 1.72536765e-06
4.10494 1.71958111e-06
4.11915 1.71381436e-06
4.13341 1.70806810e-06
4.14771 1.70234163e-06
4.16207 1.69663494e-06
4.17648 1.69101517e-06
4.19094 1.68544911e-06
4.20545 1.67990213e-06
4.22000 1.67437423e-06
4.23461 1.66886471e-06
4.24927 1.66337426e-06
4.26398 1.65790219e-06
4.27874 1.65244849e-06
4.29355 1.64701351e-06
4.30841 1.64159727e-06
4.32332 1.63619904e-06
4.33829 1.63081883e-06
4.35331 1.62545700e-06
4.36838 1.62011354e-06
4.38350 1.61478810e-06
4.39867 1.60948033e-06
4.41390 1.60419093e-06
4.42918 1.59891884e-06
4.44451 1.59366513e-06
4.45990 1.58842873e-06
4.47533 1.58320999e-06
4.49083 1.57800928e-06
4.50637 1.57282553e-06
4.52197 1.56765944e-06
4.53762 1.56251102e-06
4.55333 1.55741065e-06
4.56909 1.55235481e-06
4.58491 1.54731592e-06
4.60078 1.54229364e-06
4.61670 1.53728797e-06
4.63269 1.53229890e-06
4.64872 1.52732609e-06
4.66481 1.52237023e-06
4.68096 1.51743028e-06
4.69717 1.51250693e-06
4.71343 1.50759984e-06
4.72974 1.50270865e-06
4.74611 1.49783406e-06
4.76254 1.49297537e-06
4.77903 1.48813259e-06
4.79557 1.48330570e-06
4.81217 1.47849507e-06
4.82883 1.47369998e-06
4.84555 1.46892115e-06
4.86232 1.46415751e-06
4.87915 1.45940977e-06
4.89604 1.45467793e-06
4.91299 1.44996128e-06
4.92999 1.44526053e-06
4.94706 1.44057498e-06
4.96418 1.43590462e-06
4.98137 1.43125016e-06
4.99861 1.42661054e-06
5.01591 1.42212780e-06
5.03328 1.41767156e-06
5.05070 1.41322945e-06
5.06818 1.40880077e-06
5.08573 1.40438623e-06
5.10333 1.39998511e-06
5.12100 1.39559777e-06
5.13873 1.39122421e-06
5.15651 1.38686407e-06
5.17436 1.38251772e-06
5.19228 1.37818479e-06
5.21025 1.37386565e-06
5.22828 1.36955957e-06
5.24638 1.36526693e-06
5.26454 1.36098771e-06
5.28277 1.35672191e-06
5.30105 1.35246919e-06
5.31940 1.34822990e-06
5.33782 1.34400333e-06
5.35629 1.33979018e-06
5.37484 1.33559046e-06
5.39344 1.33140346e-06
5.41211 1.32722918e-06
5.43084 1.32306833e-06
5.44965 1.31892019e-06
5.46851 1.31478513e-06
5.48744 1.31066244e-06
5.50643 1.30655317e-06
5.52550 1.30245627e-06
5.54462 1.29837209e-06
5.56381 1.29438508e-06
5.58308 1.29053269e-06
5.60240 1.28669125e-06
5.62179 1.28286041e-06
5.64125 1.27904017e-06
5.66078 1.27523088e-06
5.68038 1.27143219e-06
5.70004 1.26764375e-06
5.71977 1.26386627e-06
5.73957 1.26009938e-06
5.75944 1.25634309e-06
5.77938 1.25259705e-06
5.79938 1.24886197e-06
5.81946 1.24513713e-06
5.83960 1.24142253e-06
5.85982 1.23771854e-06
5.88010 1.23402515e-06
5.90045 1.23052785e-06
5.92088 1.22705847e-06
5.94137 1.22359757e-06
5.96194 1.22014480e-06
5.98258 1.21670051e-06
6.00329 1.21326469e-06
6.02407 1.20983701e-06
6.04492 1.20641815e-06
6.06585 1.20300707e-06
6.08684 1.19960483e-06
6.10791 1.19621071e-06
6.12906 1.19282507e-06
6.15027 1.18944791e-06
6.17156 1.18607887e-06
6.19293 1.18271797e-06
6.21436 1.17936589e-06
6.23588 1.17602159e-06
6.25746 1.17277693e-06
6.27912 1.16971071e-06
6.30086 1.16665049e-06
6.32267 1.16359557e-06
6.34455 1.16054665e-06
6.36652 1.15750339e-06
6.38856 1.15446614e-06
6.41067 1.15143489e-06
6.43286 1.14840930e-06
6.45513 1.14543847e-06
6.47747 1.14277222e-06
6.49990 1.14010773e-06
6.52240 1.13744607e-06
6.54497 1.13478689e-06
6.56763 1.13213017e-06
6.59037 1.12947629e-06
6.61318 1.12682558e-06
6.63607 1.12417770e-06
6.65904 1.12153265e-06
6.68209 1.11901161e-06
6.70522 1.11655595e-06
6.72843 1.11410205e-06
6.75172 1.11164991e-06
6.77510 1.10959281e-06
6.79855 1.10764841e-06
6.82208 1.10570119e-06
6.84570 1.10375150e-06
6.86939 1.10215655e-06
6.89317 1.10061425e-06
6.91704 1.09906771e-06
6.94098 1.09751693e-06
6.96500 4.17007180e-06
6.98911 1.92084331e-05
7.01331 3.82092547e-05
7.03759 4.69423120e-05
7.06195 5.75159533e-05
7.08639 7.02818513e-05
7.11092 8.56544307e-05
7.13554 1.04130902e-04
7.16024 1.26300025e-04
7.18502 1.52844333e-04
7.20990 1.84576705e-04
7.23485 2.22516649e-04
7.25990 2.67806739e-04
7.28503 3.21905111e-04
7.31025 3.86614860e-04
7.33555 4.63985673e-04
7.36094 5.56819767e-04
7.38642 6.68451193e-04
7.41199 8.03164120e-04
7.43765 9.66486093e-04
7.46340 1.16526507e-03
7.48923 1.40843861e-03
7.51516 1.70762679e-03
7.54117 2.07767102e-03
7.56727 2.53771738e-03
7.59347 3.11281049e-03
7.61975 3.83545453e-03
7.64613 4.74854913e-03
7.67260 5.90752487e-03
7.69916 7.38646867e-03
7.72581 9.28682607e-03
7.75255 1.17413303e-02
7.77939 1.49367674e-02
7.80632 1.91261630e-02
7.83334 2.46547555e-02
7.86046 3.19778327e-02
7.88767 4.16242567e-02
7.91497 5.40171407e-02
7.94237 6.91504073e-02
7.96986 8.58192960e-02
7.99745 1.01704173e-01
8.02513 1.14255457e-01
8.05291 1.22413323e-01
8.08079 1.26829777e-01
8.10876 1.28909745e-01
8.13683 1.29989885e-01
8.16500 1.30935546e-01
8.19326 1.32218252e-01
8.22162 1.33995589e-01
8.25008 1.36256322e-01
8.27864 1.38910421e-01
8.30730 1.41849801e-01
8.33605 1.44978532e-01
8.36491 1.48227220e-01
8.39386 1.51560107e-01
8.42292 1.54988960e-01
8.45208 1.58566425e-01
8.48133 1.62385181e-01
8.51069 1.66621223e-01
8.54016 1.71524571e-01
8.56972 1.77474669e-01
8.59938 1.85066707e-01
8.62915 1.95123563e-01
8.65902 2.08918757e-01
8.68899 2.28336402e-01
8.71907 2.55951133e-01
8.74925 2.95119511e-01
8.77954 3.48480547e-01
8.80993 4.14675887e-01
8.84043 4.84695247e-01
8.87103 5.46491833e-01
8.90174 5.91766553e-01
8.93255 6.16170580e-01
8.96347 6.17008687e-01
8.99450 5.93410260e-01
9.02563 5.48478627e-01
9.05688 4.90469773e-01
9.08823 4.30102773e-01
9.11969 3.75393347e-01
9.15126 3.29629366e-01
9.18294 2.92791045e-01
9.21472 2.63686766e-01
9.24662 2.40669573e-01
9.27863 2.22311786e-01
9.31075 2.07324799e-01
9.34298 1.94550174e-01
9.37532 1.82935860e-01
9.40777 1.71774131e-01
9.44034 1.60702325e-01
9.47302 1.49635289e-01
9.50581 1.38675065e-01
9.53871 1.27957653e-01
9.57173 1.17624066e-01
9.60487 1.07757904e-01
9.63811 9.84343207e-02
9.67148 8.96731380e-02
9.70495 8.15040007e-02
9.73855 7.39354593e-02
9.77226 6.69809407e-02
9.80609 6.06449673e-02
9.84003 5.49419907e-02
9.87409 4.98676647e-02
9.90827 4.54224133e-02
9.94257 4.15903013e-02
9.97699 3.83486800e-02
10.01153 3.56565980e-02
10.04618 3.34685495e-02
10.08096 3.17200230e-02
10.11585 3.03532625e-02
10.15087 2.92930505e-02
10.18601 2.84785713e-02
10.22127 2.78454969e-02
10.25665 2.73430109e-02
10.29215 2.69247915e-02
10.32778 2.65563637e-02
10.36353 2.62097649e-02
10.39941 2.58672895e-02
10.43540 2.55165320e-02
10.47153 2.51481820e-02
10.50777 2.47604729e-02
10.54415 2.43492141e-02
10.58065 2.39171545e-02
10.61727 2.34666333e-02
10.65403 2.29989719e-02
10.69091 2.25181913e-02
10.72791 2.20305595e-02
10.76505 2.15365217e-02
10.80231 2.10428903e-02
10.83971 2.05535731e-02
10.87723 2.00727006e-02
10.91488 1.96063748e-02
10.95266 1.91602173e-02
10.99058 1.87382525e-02
11.02862 1.83472114e-02
11.06680 1.79955953e-02
11.10511 1.76878561e-02
11.14355 1.74323572e-02
11.18212 1.72355470e-02
11.22083 1.71069796e-02
11.25967 1.70550325e-02
11.29865 1.70870622e-02
11.33776 1.72110504e-02
11.37701 1.74355690e-02
11.41639 1.77679461e-02
11.45591 1.82137715e-02
11.49556 1.87777198e-02
11.53536 1.94627165e-02
11.57529 2.02701327e-02
11.61536 2.11968447e-02
11.65556 2.22375704e-02
11.69591 2.33839851e-02
11.73640 2.46234785e-02
11.77702 2.59404684e-02
11.81779 2.73136171e-02
11.85870 2.87216893e-02
11.89975 3.01370225e-02
11.94094 3.15344771e-02
11.98227 3.28868109e-02
12.02375 3.41657292e-02
12.06537 3.53454527e-02
12.10714 3.64026967e-02
12.14905 3.73165227e-02
12.19110 3.80686987e-02
12.23330 3.86500380e-02
12.27565 3.90526260e-02
12.31814 3.92715867e-02
12.36078 3.93078033e-02
12.40357 3.91614527e-02
12.44651 3.88432053e-02
12.48959 3.83634493e-02
12.53283 3.77344453e-02
12.57621 3.69635073e-02
12.61974 3.60675953e-02
12.66343 3.50633584e-02
12.70726 3.39659969e-02
12.75125 3.27862311e-02
12.79539 3.15416250e-02
12.83968 3.02456054e-02
12.88413 2.89102669e-02
12.92873 2.75490820e-02
12.97348 2.61738910e-02
13.01839 2.47949617e-02
13.06345 2.34208201e-02
13.10867 2.20635785e-02
13.15405 2.07295402e-02
13.19959 1.94256801e-02
13.24528 1.81602097e-02
13.29113 1.69367224e-02
13.33713 1.57596984e-02
13.38330 1.46353423e-02
13.42963 1.35670036e-02
13.47612 1.25557177e-02
13.52277 1.16039755e-02
13.56958 1.07137239e-02
13.61655 9.88510420e-03
13.66368 9.11929660e-03
13.71098 8.41529760e-03
13.75844 7.77191293e-03
13.80607 7.18891293e-03
13.85386 6.66391260e-03
13.90182 6.19553040e-03
13.94994 5.78122587e-03
13.99823 5.41918287e-03
14.04668 5.10582920e-03
14.09531 4.84004833e-03
14.14410 4.61699253e-03
14.19306 4.43624133e-03
14.24219 4.29302473e-03
14.29149 4.18568560e-03
14.34096 4.11118880e-03
14.39060 4.06655220e-03
14.44042 4.05059567e-03
14.49041 4.05947847e-03
14.54057 4.09216180e-03
14.59090 4.14620413e-03
14.64141 4.21935827e-03
14.69209 4.31099880e-03
14.74295 4.41853933e-03
14.79398 4.54095520e-03
14.84519 4.67727473e-03
14.89658 4.82595033e-03
14.94814 4.98622233e-03
14.99989 5.15717207e-03
15.05181 5.33813527e-03
15.10392 5.52826393e-03
15.15620 5.72717647e-03
15.20866 5.93413440e-03
15.26131 6.14895047e-03
15.31414 6.37105227e-03
15.36715 6.60013947e-03
15.42034 6.83586227e-03
15.47372 7.07819947e-03
15.52729 7.32699207e-03
15.58103 7.58163587e-03
15.63497 7.84230047e-03
15.68909 8.10852300e-03
15.74340 8.38057907e-03
15.79790 8.65835913e-03
15.85258 8.94130493e-03
15.90746 9.22928220e-03
15.96252 9.52302940e-03
16.01778 9.82182927e-03
16.07323 1.01249469e-02
16.12886 1.04334069e-02
16.18470 1.07472976e-02
16.24072 1.10655909e-02
16.29694 1.13877637e-02
16.35335 1.17152931e-02
16.40996 1.20474901e-02
16.46677 1.23841178e-02
16.52377 1.27249149e-02
16.58097 1.30702063e-02
16.63836 1.34200346e-02
16.69596 1.37740605e-02
16.75375 1.41322133e-02
16.81175 1.44952739e-02
16.86994 1.48617265e-02
16.92834 1.52323696e-02
16.98694 1.56076096e-02
17.04574 1.59866479e-02
17.10474 1.63705481e-02
17.16395 1.67583880e-02
17.22337 1.71504573e-02
17.28299 1.75477382e-02
17.34281 1.79487327e-02
17.40285 1.83554370e-02
17.46309 1.87668972e-02
17.52354 1.91842298e-02
17.58420 1.96066009e-02
17.64507 2.00349929e-02
17.70615 2.04703631e-02
17.76744 2.09116729e-02
17.82894 2.13617419e-02
17.89066 2.18190471e-02
17.95259 2.22855566e-02
18.01473 2.27616238e-02
18.07709 2.32479871e-02
18.13967 2.37465652e-02
18.20246 2.42587148e-02
18.26547 2.47845243e-02
18.32870 2.53269510e-02
18.39214 2.58874755e-02
18.45581 2.64689561e-02
18.51969 2.70726685e-02
18.58380 2.77035487e-02
18.64813 2.83644587e-02
18.71268 2.90593665e-02
18.77746 2.97936815e-02
18.84246 3.05734316e-02
18.90768 3.14044857e-02
18.97313 3.22976523e-02
19.03881 3.32635208e-02
19.10472 3.43139667e-02
19.17085 3.54641020e-02
19.23721 3.67310493e-02
19.30380 3.81387647e-02
19.37062 3.97211327e-02
19.43768 4.15038053e-02
19.50496 4.35219747e-02
19.57248 4.58131647e-02
19.64023 4.84280787e-02
19.70822 5.13922273e-02
19.77644 5.47071653e-02
19.84490 5.83627167e-02
19.91359 6.23785973e-02
19.98252 6.68548713e-02
20.05169 7.21689340e-02
20.12110 7.91403067e-02
20.19076 8.90449113e-02
20.26065 1.03246155e-01
20.33078 1.22577199e-01
20.40116 1.45945994e-01
20.47178 1.69756633e-01
20.54264 1.89787347e-01
20.61375 2.03253693e-01
20.68511 2.09355618e-01
20.75671 2.08732020e-01
20.82856 2.02298173e-01
20.90066 1.91433633e-01
20.97301 1.77844927e-01
21.04561 1.63048281e-01
21.11846 1.48334633e-01
21.19157 1.34460046e-01
21.26492 1.21914381e-01
21.33853 1.10763039e-01
21.41240 1.00933836e-01
21.48652 9.24167360e-02
21.56090 8.49516860e-02
21.63553 7.84689733e-02
21.71043 7.28467687e-02
21.78558 6.79488973e-02
21.86099 6.37771967e-02
21.93666 6.01717127e-02
22.01260 5.71249193e-02
22.08880 5.45418407e-02
22.16526 5.23561913e-02
22.24199 5.05011913e-02
22.31898 4.88751867e-02
22.39624 4.74158847e-02
22.47377 4.60368247e-02
22.55156 4.46843707e-02
22.62962 4.33170060e-02
22.70796 4.18986200e-02
22.78656 4.04288947e-02
22.86544 3.89052507e-02
22.94459 3.73403020e-02
23.02402 3.57408680e-02
23.10372 3.41280568e-02
23.18369 3.25113271e-02
23.26394 3.09078192e-02
23.34447 2.93257127e-02
23.42528 2.77788900e-02
23.50637 2.62711531e-02
23.58774 2.48132291e-02
23.66939 2.34058918e-02
23.75133 2.20580700e-02
23.83354 2.07691418e-02
23.91604 1.95447570e-02
23.99883 1.83855693e-02
24.08191 1.72924301e-02
24.16527 1.62671451e-02
24.24892 1.53096789e-02
24.33286 1.44193284e-02
24.41709 1.35982877e-02
24.50161 1.28408541e-02
24.58642 1.21494868e-02
24.67153 1.15202461e-02
24.75693 1.09497046e-02
24.84263 1.04389153e-02
24.92863 9.97993887e-03
25.01492 9.57321333e-03
25.10151 9.21344580e-03
25.18840 8.89489107e-03
25.27559 8.61962673e-03
25.36309 8.37817640e-03
25.45088 8.16820453e-03
25.53898 7.98830487e-03
25.62739 7.83169693e-03
25.71610 7.69697093e-03
25.80512 7.58145213e-03
25.89444 7.48063907e-03
25.98408 7.39323853e-03
26.07403 7.31725067e-03
26.16428 7.24954847e-03
26.25485 7.18864440e-03
26.34574 7.13384240e-03
26.43694 7.08305427e-03
26.52845 7.03524827e-03
26.62028 6.98998273e-03
26.71243 6.94609520e-03
26.80489 6.90316520e-03
26.89768 6.86040833e-03
26.99079 6.81790587e-03
27.08422 6.77484513e-03
27.17798 6.73148760e-03
27.27205 6.68726087e-03
27.36646 6.64224620e-03
27.46119 6.59637647e-03
27.55625 6.54996260e-03
27.65164 6.50214600e-03
27.74736 6.45372520e-03
27.84341 6.40435040e-03
27.93979 6.35436080e-03
28.03650 6.30344547e-03
28.13355 6.25145953e-03
28.23094 6.19907787e-03
28.32867 6.14616973e-03
28.42673 6.09229700e-03
28.52513 6.03797907e-03
28.62387 5.98302160e-03
28.72295 5.92809240e-03
28.82238 5.87259787e-03
28.92215 5.81643200e-03
29.02227 5.76022020e-03
29.12273 5.70362327e-03
29.22354 5.64711113e-03
29.32470 5.59013260e-03
29.42621 5.53306573e-03
29.52807 5.47603067e-03
29.63029 5.41856453e-03
29.73286 5.36147647e-03
29.83578 5.30426473e-03
29.93906 5.24724027e-03
30.04269 5.19011333e-03
30.14669 5.13293693e-03
30.25104 5.07595840e-03
30.35576 5.01923780e-03
30.46084 4.96269033e-03
30.56628 4.90599093e-03
30.67209 4.84986747e-03
30.77826 4.79357440e-03
30.88481 4.73782547e-03
30.99172 4.68216487e-03
31.09900 4.62678340e-03
31.20665 4.57172347e-03
31.31467 4.51688967e-03
31.42307 4.46264947e-03
31.53184 4.40855413e-03
31.64099 4.35476973e-03
31.75052 4.30102067e-03
31.86043 4.24797120e-03
31.97072 4.19517260e-03
32.08139 4.14286867e-03
32.19244 4.09093220e-03
32.30388 4.03946920e-03
32.41570 3.98817580e-03
32.52791 3.93745480e-03
32.64051 3.88695287e-03
32.75349 3.83696327e-03
32.86687 3.78740827e-03
32.98064 3.73830200e-03
33.09481 3.68946780e-03
33.20937 3.64126253e-03
33.32433 3.59347773e-03
33.43968 3.54604980e-03
33.55544 3.49898191e-03
33.67159 3.45259808e-03
33.78815 3.40642413e-03
33.90511 3.36075827e-03
34.02247 3.31562629e-03
34.14024 3.27096955e-03
34.25842 3.22664212e-03
34.37701 3.18289733e-03
34.49601 3.13949881e-03
34.61542 3.09658895e-03
34.73525 3.05411369e-03
34.85549 3.01212144e-03
34.97614 2.97058216e-03
35.09721 2.92951741e-03
35.21871 2.88889785e-03
35.34062 2.84877191e-03
35.46295 2.80904982e-03
35.58571 2.76981463e-03
35.70889 2.73091757e-03
35.83250 2.69257808e-03
35.95654 2.65458556e-03
36.08101 2.61714813e-03
36.20590 2.58007215e-03
36.33123 2.54351770e-03
36.45700 2.50733990e-03
36.58320 2.47164829e-03
36.70983 2.43635135e-03
36.83691 2.40144837e-03
36.96442 2.36704395e-03
37.09238 2.33307837e-03
37.22077 2.29947001e-03
37.34962 2.26629201e-03
37.47890 2.23354649e-03
37.60864 2.20119494e-03
37.73883 2.16927693e-03
37.86946 2.13775818e-03
38.00055 2.10666237e-03
38.13209 2.07596336e-03
38.26409 2.04565478e-03
38.39654 2.01574900e-03
38.52946 1.98619585e-03
38.66283 1.95703489e-03
38.79667 1.92831702e-03
38.93096 1.89995707e-03
39.06573 1.87200346e-03
39.20096 1.84433605e-03
39.33665 1.81710889e-03
39.47282 1.79021209e-03
39.60946 1.76371033e-03
39.74657 1.73758804e-03
39.88416 1.71180071e-03
40.02222 1.68634057e-03
40.16076 1.66121469e-03
40.29978 1.63651810e-03
40.43928 1.61209605e-03
40.57926 1.58804077e-03
40.71973 1.56432468e-03
40.86069 1.54091776e-03
41.00213 1.51782707e-03
41.14406 1.49508124e-03
41.28648 1.47270358e-03
41.42940 1.45058915e-03
41.57281 1.42878283e-03
41.71672 1.40729663e-03
41.86113 1.38611713e-03
42.00603 1.36523866e-03
42.15144 1.34467749e-03
42.29735 1.32439721e-03
42.44377 1.30441339e-03
42.59069 1.28472283e-03
42.73812 1.26530151e-03
42.88606 1.24617911e-03
43.03451 1.22730121e-03
43.18348 1.20871199e-03
43.33297 1.19041251e-03
43.48297 1.17238155e-03
43.63349 1.15463185e-03
43.78453 1.13709733e-03
43.93609 1.11983700e-03
44.08818 1.10284697e-03
44.24079 1.08606469e-03
44.39394 1.06958240e-03
44.54761 1.05332447e-03
44.70182 1.03731070e-03
44.85655 1.02155239e-03
45.01183 1.00598063e-03
45.16764 9.90683067e-04
45.32399 9.75611280e-04
45.48089 9.60750433e-04
45.63832 9.46114307e-04
45.79630 9.31724807e-04
45.95483 9.17543067e-04
46.11391 9.03559547e-04
46.27353 8.89774600e-04
46.43371 8.76216493e-04
46.59445 8.62859787e-04
46.75574 8.49699533e-04
46.91759 8.36742093e-04
47.08000 8.23985700e-04
47.24297 8.11426820e-04
47.40650 7.99062273e-04
47.57060 7.86891707e-04
47.73527 7.74898867e-04
47.90051 7.63087993e-04
48.06633 7.51462620e-04
48.23271 7.40005787e-04
48.39967 7.28716080e-04
48.56721 7.17597033e-04
48.73533 7.06674793e-04
48.90403 6.95914733e-04
49.07332 6.85314027e-04
49.24319 6.74868787e-04
49.41365 6.64597387e-04
49.58470 6.54480747e-04
49.75634 6.44515687e-04
49.92858 6.34718813e-04
50.10141 6.28893760e-04
50.27484 6.25808453e-04
50.44887 6.22738340e-04
50.62350 6.19683420e-04
50.79874 6.16643340e-04
50.97458 6.13618453e-04
51.15104 6.10608053e-04
51.32810 6.07612493e-04
51.50578 6.04631773e-04
51.68407 6.01665540e-04
51.86298 5.98714147e-04
52.04250 5.95776887e-04
52.22265 5.92854113e-04
52.40343 5.89945827e-04
52.58482 5.87051673e-04
52.76685 5.84172007e-04
52.94951 5.81306120e-04
53.13280 5.78454367e-04
53.31672 5.75616747e-04
53.50128 5.72792907e-04
53.68648 5.69982847e-04
53.87232 5.67186920e-04
54.05880 5.64404420e-04
54.24593 5.61635700e-04
54.43371 5.58880407e-04
54.62214 5.56138893e-04
54.81122 5.53410453e-04
55.00095 5.50695793e-04
55.19134 5.47994207e-04
55.38239 5.45306047e-04
55.57410 5.42630960e-04
55.76647 5.39968947e-04
55.95951 5.37320007e-04
56.15322 5.34684140e-04
56.34760 5.32060993e-04
56.54265 5.29450920e-04
56.73838 5.26853567e-04
56.93479 5.24269287e-04
57.13187 5.21697373e-04
57.32964 5.19138180e-04
57.52809 5.16591353e-04
57.72723 5.14057247e-04
57.92705 5.11535507e-04
58.12757 5.09026133e-04
58.32879 5.06529127e-04
58.53070 5.04044133e-04
58.73331 5.01571507e-04
58.93662 4.99110893e-04
59.14063 4.96662647e-04
59.34535 4.94226060e-04
59.55078 4.91801840e-04
59.75692 4.89389280e-04
59.96377 4.86988380e-04
60.17134 4.84599493e-04
60.37963 4.82222267e-04
60.58864 4.79856700e-04
60.79837 4.77502793e-04
61.00883 4.75160193e-04
61.22002 4.72829253e-04
61.43194 4.70509973e-04
61.64459 4.68201647e-04
61.85797 4.65904980e-04
62.07210 4.63619267e-04
62.28697 4.61345213e-04
62.50258 4.59081760e-04
62.71894 4.56829967e-04
62.93605 4.54588773e-04
63.15390 4.52358887e-04
63.37252 4.50139953e-04
63.59189 4.47931620e-04
63.81201 4.45734240e-04
64.03290 4.43547813e-04
64.25456 4.41371987e-04
64.47698 4.39206760e-04
64.70017 4.37052133e-04
64.92414 4.34908107e-04
65.14888 4.32774680e-04
65.37440 4.30651853e-04
65.60070 4.28539273e-04
65.82778 4.26436940e-04
66.05565 4.24345207e-04
66.28430 4.22263367e-04
66.51375 4.20192127e-04
66.74400 4.18130780e-04
66.97504 4.16079680e-04
67.20688 4.14038473e-04
67.43952 4.12007513e-04
67.67297 4.09986447e-04
67.90722 4.07975273e-04
68.14229 4.05973640e-04
68.37817 4.03982253e-04
68.61486 4.02000407e-04
68.85238 4.00028453e-04
69.09072 3.98066040e-04
69.32988 3.96113520e-04
69.56987 3.94170187e-04
69.81069 3.92236747e-04
70.05235 3.90312493e-04
70.29484 3.88397780e-04
70.53817 3.86492607e-04
70.78235 3.84596620e-04
71.02737 3.82710173e-04
71.27323 3.80832560e-04
71.51995 3.78964487e-04
71.76752 3.77105600e-04
72.01595 3.75255547e-04
72.26524 3.73414680e-04
72.51539 3.71583000e-04
72.76641 3.69760153e-04
73.01830 3.67946140e-04
73.27106 3.66141313e-04
73.52469 3.64345320e-04
73.77920 3.62557807e-04
74.03460 3.60779480e-04
74.29087 3.59009633e-04
74.54804 3.57248620e-04
74.80609 3.55496087e-04
75.06504 3.53752033e-04
75.32488 3.52016813e-04
75.58563 3.50290003e-04
75.84727 3.48571672e-04
76.10982 3.46861751e-04
76.37328 3.45160203e-04
76.63766 3.43467030e-04
76.90295 3.41782160e-04
77.16915 3.40105558e-04
77.43628 3.38437153e-04
77.70433 3.36776981e-04
77.97331 3.35124901e-04
78.24322 3.33480947e-04
78.51407 3.31845084e-04
78.78585 3.30217207e-04
79.05857 3.28597350e-04
79.33224 3.26985408e-04
79.60686 3.25381381e-04
79.88242 3.23785233e-04
80.15894 3.22196893e-04
80.43642 3.20616363e-04
80.71486 3.19043570e-04
80.99426 3.17478515e-04
81.27463 3.15921128e-04
81.55596 3.14371373e-04
81.83828 3.12829249e-04
82.12157 3.11294652e-04
82.40584 3.09767616e-04
82.69109 3.08248035e-04
82.97733 3.06735945e-04
83.26457 3.05231240e-04
83.55279 3.03733955e-04
83.84202 3.02243983e-04
84.13225 3.00761326e-04
84.42348 2.99285947e-04
84.71572 2.97817812e-04
85.00897 2.96356849e-04
85.30323 2.94903095e-04
85.59852 2.93456442e-04
85.89482 2.92016891e-04
86.19215 2.90584407e-04
86.49052 2.89158955e-04
86.78991 2.87740463e-04
87.09034 2.86328967e-04
87.39181 2.84924396e-04
87.69432 2.83526680e-04
87.99789 2.82135854e-04
88.30250 2.80751812e-04
88.60816 2.79374589e-04
88.91489 2.78004115e-04
89.22267 2.76640390e-04
89.53153 2.75283307e-04
89.84145 2.73932938e-04
90.15244 2.72589141e-04
90.46451 2.71251951e-04
90.77766 2.69921333e-04
91.09190 2.68597251e-04
91.40722 2.67279636e-04
91.72363 2.65968487e-04
92.04114 2.64663768e-04
92.35975 2.63365480e-04
92.67946 2.62073517e-04
93.00028 2.60787913e-04
93.32221 2.59508635e-04
93.64525 2.58235610e-04
93.96941 2.56968839e-04
94.29469 2.55708287e-04
94.62110 2.54453883e-04
94.94864 2.53205663e-04
95.27731 2.51963555e-04
95.60712 2.50727559e-04
95.93807 2.49497606e-04
96.27017 2.48273695e-04
96.60342 2.47055790e-04
96.93782 2.45843857e-04
97.27338 2.44637859e-04
97.61010 2.43437798e-04
97.94798 2.42243602e-04
98.28704 2.41055271e-04
98.62727 2.39872771e-04
98.96867 2.38696065e-04
99.31126 2.37525153e-04
99.65504 2.36359966e-04
100.00000 2.35200467e-04
