        2000  1.000000 4.000000
0.10000 1.41649280e+00
0.10035 1.41668480e+00
0.10069 1.41688480e+00
0.10104 1.41710187e+00
0.10139 1.41732267e+00
0.10174 1.41753493e+00
0.10210 1.41773973e+00
0.10245 1.41794720e+00
0.10280 1.41816107e+00
0.10316 1.41837547e+00
0.10352 1.41858240e+00
0.10387 1.41878827e+00
0.10423 1.41900373e+00
0.10459 1.41922133e+00
0.10496 1.41942773e+00
0.10532 1.41962560e+00
0.10568 1.41983520e+00
0.10605 1.42005920e+00
0.10642 1.42027893e+00
0.10679 1.42047840e+00
0.10716 1.42067253e+00
0.10753 1.42088747e+00
0.10790 1.42112053e+00
0.10827 1.42133920e+00
0.10865 1.42153440e+00
0.10902 1.42173333e+00
0.10940 1.42195627e+00
0.10978 1.42218453e+00
0.11016 1.42239413e+00
0.11054 1.42259627e+00
0.11092 1.42281013e+00
0.11131 1.42303093e+00
0.11169 1.42324160e+00
0.11208 1.42344427e+00
0.11247 1.42365440e+00
0.11286 1.42387467e+00
0.11325 1.42408907e+00
0.11364 1.42429173e+00
0.11403 1.42449013e+00
0.11443 1.42469707e+00
0.11482 1.42491200e+00
0.11522 1.42512427e+00
0.11562 1.42532427e+00
0.11602 1.42551680e+00
0.11642 1.42572000e+00
0.11682 1.42593973e+00
0.11723 1.42615573e+00
0.11763 1.42634507e+00
0.11804 1.42652267e+00
0.11845 1.42672587e+00
0.11886 1.42695840e+00
0.11927 1.42717920e+00
0.11968 1.42736000e+00
0.12010 1.42752960e+00
0.12051 1.42773387e+00
0.12093 1.42796693e+00
0.12135 1.42818187e+00
0.12177 1.42836053e+00
0.12219 1.42853867e+00
0.12262 1.42874720e+00
0.12304 1.42896747e+00
0.12347 1.42916320e+00
0.12389 1.42933547e+00
0.12432 1.42952267e+00
0.12475 1.42973813e+00
0.12518 1.42995413e+00
0.12562 1.43014347e+00
0.12605 1.43031360e+00
0.12649 1.43049173e+00
0.12693 1.43069067e+00
0.12737 1.43089760e+00
0.12781 1.43109707e+00
0.12825 1.43128640e+00
0.12869 1.43146827e+00
0.12914 1.43164107e+00
0.12959 1.43181493e+00
0.13003 1.43200747e+00
0.13048 1.43222613e+00
0.13094 1.43244267e+00
0.13139 1.43262133e+00
0.13184 1.43276053e+00
0.13230 1.43290293e+00
0.13276 1.43309173e+00
0.13322 1.43332427e+00
0.13368 1.43354987e+00
0.13414 1.43372640e+00
0.13461 1.43386080e+00
0.13507 1.43399680e+00
0.13554 1.43417067e+00
0.13601 1.43437867e+00
0.13648 1.43458293e+00
0.13695 1.43475627e+00
0.13743 1.43490187e+00
0.13790 1.43504640e+00
0.13838 1.43521120e+00
0.13886 1.43538720e+00
0.13934 1.43555520e+00
0.13982 1.43571360e+00
0.14031 1.43587733e+00
0.14079 1.43605067e+00
0.14128 1.43621760e+00
0.14177 1.43635680e+00
0.14226 1.43647040e+00
0.14275 1.43659413e+00
0.14324 1.43676107e+00
0.14374 1.43695840e+00
0.14424 1.43713973e+00
0.14474 1.43726987e+00
0.14524 1.43736480e+00
0.14574 1.43747413e+00
0.14625 1.43762293e+00
0.14675 1.43779040e+00
0.14726 1.43793760e+00
0.14777 1.43805440e+00
0.14828 1.43816480e+00
0.14879 1.43829333e+00
0.14931 1.43843253e+00
0.14983 1.43856000e+00
0.15034 1.43866827e+00
0.15087 1.43877600e+00
0.15139 1.43890080e+00
0.15191 1.43904053e+00
0.15244 1.43917013e+00
0.15297 1.43926933e+00
0.15349 1.43934667e+00
0.15403 1.43943200e+00
0.15456 1.43954133e+00
0.15509 1.43966773e+00
0.15563 1.43979253e+00
0.15617 1.43990667e+00
0.15671 1.44001333e+00
0.15725 1.44011520e+00
0.15780 1.44021013e+00
0.15834 1.44029333e+00
0.15889 1.44036640e+00
0.15944 1.44044480e+00
0.15999 1.44054453e+00
0.16055 1.44066400e+00
0.16110 1.44078400e+00
0.16166 1.44088640e+00
0.16222 1.44096853e+00
0.16278 1.44104533e+00
0.16335 1.44113067e+00
0.16391 1.44122400e+00
0.16448 1.44131840e+00
0.16505 1.44140640e+00
0.16562 1.44148960e+00
0.16619 1.44157547e+00
0.16677 1.44167040e+00
0.16734 1.44176640e+00
0.16792 1.44185333e+00
0.16851 1.44193173e+00
0.16909 1.44201333e+00
0.16967 1.44211093e+00
0.17026 1.44222933e+00
0.17085 1.44235253e+00
0.17144 1.44245280e+00
0.17204 1.44251787e+00
0.17263 1.44256213e+00
0.17323 1.44261280e+00
0.17383 1.44269493e+00
0.17443 1.44281547e+00
0.17503 1.44295413e+00
0.17564 1.44308320e+00
0.17625 1.44318827e+00
0.17686 1.44327573e+00
0.17747 1.44335947e+00
0.17808 1.44345173e+00
0.17870 1.44354987e+00
0.17932 1.44363840e+00
0.17994 1.44370560e+00
0.18056 1.44376373e+00
0.18119 1.44384000e+00
0.18182 1.44395520e+00
0.18244 1.44411093e+00
0.18308 1.44428427e+00
0.18371 1.44443573e+00
0.18435 1.44453600e+00
0.18498 1.44458613e+00
0.18562 1.44461653e+00
0.18627 1.44466293e+00
0.18691 1.44474880e+00
0.18756 1.44487413e+00
0.18821 1.44501920e+00
0.18886 1.44515573e+00
0.18951 1.44527040e+00
0.19017 1.44536960e+00
0.19083 1.44546987e+00
0.19149 1.44557867e+00
0.19215 1.44569227e+00
0.19282 1.44579733e+00
0.19348 1.44587947e+00
0.19415 1.44593760e+00
0.19483 1.44598667e+00
0.19550 1.44605387e+00
0.19618 1.44615893e+00
0.19686 1.44630240e+00
0.19754 1.44646347e+00
0.19822 1.44661120e+00
0.19891 1.44671893e+00
0.19960 1.44677973e+00
0.20029 1.44680747e+00
0.20098 1.44683147e+00
0.20168 1.44687840e+00
0.20237 1.44696160e+00
0.20307 1.44707680e+00
0.20378 1.44720427e+00
0.20448 1.44732000e+00
0.20519 1.44740533e+00
0.20590 1.44746027e+00
0.20661 1.44749813e+00
0.20733 1.44753813e+00
0.20805 1.44759413e+00
0.20877 1.44766773e+00
0.20949 1.44775147e+00
0.21021 1.44782827e+00
0.21094 1.44788213e+00
0.21167 1.44790613e+00
0.21240 1.44790880e+00
0.21314 1.44791040e+00
0.21388 1.44793173e+00
0.21462 1.44798400e+00
0.21536 1.44806293e+00
0.21611 1.44815093e+00
0.21685 1.44822453e+00
0.21760 1.44826080e+00
0.21836 1.44824907e+00
0.21911 1.44819680e+00
0.21987 1.44812587e+00
0.22063 1.44806773e+00
0.22140 1.44804587e+00
0.22216 1.44806933e+00
0.22293 1.44812533e+00
0.22370 1.44818827e+00
0.22448 1.44822720e+00
0.22526 1.44822027e+00
0.22604 1.44816107e+00
0.22682 1.44806400e+00
0.22760 1.44795573e+00
0.22839 1.44786667e+00
0.22918 1.44781653e+00
0.22998 1.44780587e+00
0.23077 1.44781547e+00
0.23157 1.44781333e+00
0.23237 1.44777120e+00
0.23318 1.44767680e+00
0.23398 1.44754080e+00
0.23479 1.44738933e+00
0.23561 1.44725387e+00
0.23642 1.44715733e+00
0.23724 1.44710560e+00
0.23806 1.44708373e+00
0.23889 1.44706133e+00
0.23971 1.44700373e+00
0.24054 1.44688853e+00
0.24137 1.44671520e+00
0.24221 1.44650453e+00
0.24305 1.44629173e+00
0.24389 1.44610987e+00
0.24473 1.44597707e+00
0.24558 1.44588960e+00
0.24643 1.44582560e+00
0.24728 1.44575573e+00
0.24814 1.44565333e+00
0.24900 1.44550400e+00
0.24986 1.44530827e+00
0.25073 1.44508053e+00
0.25159 1.44484160e+00
0.25246 1.44461227e+00
0.25334 1.44440640e+00
0.25422 1.44422667e+00
0.25510 1.44406453e+00
0.25598 1.44390827e+00
0.25687 1.44374720e+00
0.25775 1.44357813e+00
0.25865 1.44340000e+00
0.25954 1.44321280e+00
0.26044 1.44301493e+00
0.26134 1.44280427e+00
0.26225 1.44258027e+00
0.26315 1.44234240e+00
0.26406 1.44209013e+00
0.26498 1.44182720e+00
0.26590 1.44156320e+00
0.26682 1.44130987e+00
0.26774 1.44107627e+00
0.26867 1.44086347e+00
0.26960 1.44066560e+00
0.27053 1.44047413e+00
0.27147 1.44027520e+00
0.27241 1.44005653e+00
0.27335 1.43980693e+00
0.27430 1.43952533e+00
0.27525 1.43922187e+00
0.27620 1.43891307e+00
0.27715 1.43861653e+00
0.27811 1.43834400e+00
0.27908 1.43809867e+00
0.28004 1.43787787e+00
0.28101 1.43767200e+00
0.28198 1.43746773e+00
0.28296 1.43724907e+00
0.28394 1.43700160e+00
0.28492 1.43671893e+00
0.28591 1.43640427e+00
0.28690 1.43606987e+00
0.28789 1.43573440e+00
0.28889 1.43541600e+00
0.28989 1.43512853e+00
0.29089 1.43487520e+00
0.29190 1.43465173e+00
0.29291 1.43444587e+00
0.29392 1.43424107e+00
0.29494 1.43402133e+00
0.29596 1.43377333e+00
0.29699 1.43349227e+00
0.29801 1.43318027e+00
0.29905 1.43284960e+00
0.30008 1.43251520e+00
0.30112 1.43219307e+00
0.30216 1.43189440e+00
0.30321 1.43162293e+00
0.30426 1.43137813e+00
0.30531 1.43115307e+00
0.30637 1.43093813e+00
0.30743 1.43072160e+00
0.30849 1.43049120e+00
0.30956 1.43023733e+00
0.31063 1.42995733e+00
0.31171 1.42965600e+00
0.31279 1.42934453e+00
0.31387 1.42903680e+00
0.31496 1.42874507e+00
0.31605 1.42847520e+00
0.31714 1.42822880e+00
0.31824 1.42800053e+00
0.31934 1.42778400e+00
0.32044 1.42757013e+00
0.32155 1.42734987e+00
0.32267 1.42711627e+00
0.32378 1.42686720e+00
0.32490 1.42660320e+00
0.32603 1.42632907e+00
0.32716 1.42605227e+00
0.32829 1.42577973e+00
0.32943 1.42551733e+00
0.33057 1.42526880e+00
0.33171 1.42503467e+00
0.33286 1.42481387e+00
0.33401 1.42460373e+00
0.33517 1.42439893e+00
0.33633 1.42419520e+00
0.33749 1.42398613e+00
0.33866 1.42376853e+00
0.33983 1.42354240e+00
0.34101 1.42330987e+00
0.34219 1.42307467e+00
0.34337 1.42284107e+00
0.34456 1.42261120e+00
0.34576 1.42238933e+00
0.34695 1.42217547e+00
0.34815 1.42197013e+00
0.34936 1.42177227e+00
0.35057 1.42157813e+00
0.35178 1.42138560e+00
0.35300 1.42119200e+00
0.35422 1.42099520e+00
0.35545 1.42079520e+00
0.35668 1.42059467e+00
0.35791 1.42039573e+00
0.35915 1.42020000e+00
0.36039 1.42000800e+00
0.36164 1.41981867e+00
0.36289 1.41963093e+00
0.36415 1.41944427e+00
0.36541 1.41925867e+00
0.36668 1.41907467e+00
0.36795 1.41889387e+00
0.36922 1.41871627e+00
0.37050 1.41854080e+00
0.37178 1.41836587e+00
0.37307 1.41819093e+00
0.37436 1.41801387e+00
0.37565 1.41783520e+00
0.37695 1.41765707e+00
0.37826 1.41748053e+00
0.37957 1.41730880e+00
0.38088 1.41714187e+00
0.38220 1.41698027e+00
0.38352 1.41682293e+00
0.38485 1.41666773e+00
0.38618 1.41651200e+00
0.38752 1.41635413e+00
0.38886 1.41619200e+00
0.39021 1.41602560e+00
0.39156 1.41585440e+00
0.39291 1.41568000e+00
0.39427 1.41550400e+00
0.39564 1.41532747e+00
0.39701 1.41515253e+00
0.39838 1.41498027e+00
0.39976 1.41481120e+00
0.40115 1.41464587e+00
0.40253 1.41448267e+00
0.40393 1.41432107e+00
0.40533 1.41415893e+00
0.40673 1.41399627e+00
0.40814 1.41383200e+00
0.40955 1.41366507e+00
0.41097 1.41349600e+00
0.41239 1.41332373e+00
0.41382 1.41314933e+00
0.41525 1.41297333e+00
0.41669 1.41279573e+00
0.41813 1.41261760e+00
0.41958 1.41244000e+00
0.42103 1.41226240e+00
0.42249 1.41208480e+00
0.42395 1.41190560e+00
0.42542 1.41172373e+00
0.42689 1.41153760e+00
0.42837 1.41134773e+00
0.42985 1.41115200e+00
0.43134 1.41095147e+00
0.43283 1.41074507e+00
0.43433 1.41053333e+00
0.43583 1.41031627e+00
0.43734 1.41009387e+00
0.43886 1.40986773e+00
0.44037 1.40963893e+00
0.44190 1.40940800e+00
0.44343 1.40917707e+00
0.44496 1.40894720e+00
0.44650 1.40871947e+00
0.44805 1.40849387e+00
0.44960 1.40827040e+00
0.45116 1.40804747e+00
0.45272 1.40782293e+00
0.45429 1.40759413e+00
0.45586 1.40735947e+00
0.45744 1.40711573e+00
0.45902 1.40686133e+00
0.46061 1.40659627e+00
0.46220 1.40632000e+00
0.46380 1.40603253e+00
0.46541 1.40573440e+00
0.46702 1.40542667e+00
0.46864 1.40511040e+00
0.47026 1.40478720e+00
0.47189 1.40445813e+00
0.47352 1.40412533e+00
0.47516 1.40379040e+00
0.47680 1.40345600e+00
0.47845 1.40312320e+00
0.48011 1.40279253e+00
0.48177 1.40246293e+00
0.48344 1.40213227e+00
0.48511 1.40179840e+00
0.48679 1.40145813e+00
0.48848 1.40110773e+00
0.49017 1.40074560e+00
0.49186 1.40037013e+00
0.49357 1.39998080e+00
0.49528 1.39957760e+00
0.49699 1.39916213e+00
0.49871 1.39873707e+00
0.50044 1.39830507e+00
0.50217 1.39786880e+00
0.50391 1.39743040e+00
0.50565 1.39699093e+00
0.50740 1.39655040e+00
0.50916 1.39610720e+00
0.51092 1.39565973e+00
0.51269 1.39520693e+00
0.51446 1.39474667e+00
0.51625 1.39427733e+00
0.51803 1.39379680e+00
0.51983 1.39330293e+00
0.52163 1.39279467e+00
0.52343 1.39226987e+00
0.52524 1.39172747e+00
0.52706 1.39116907e+00
0.52889 1.39059467e+00
0.53072 1.39000587e+00
0.53255 1.38940587e+00
0.53440 1.38879733e+00
0.53625 1.38818240e+00
0.53810 1.38756480e+00
0.53997 1.38694720e+00
0.54183 1.38633227e+00
0.54371 1.38572053e+00
0.54559 1.38511360e+00
0.54748 1.38450880e+00
0.54938 1.38390453e+00
0.55128 1.38329707e+00
0.55319 1.38268267e+00
0.55510 1.38205707e+00
0.55702 1.38141760e+00
0.55895 1.38076000e+00
0.56089 1.38008267e+00
0.56283 1.37938400e+00
0.56478 1.37866347e+00
0.56673 1.37792053e+00
0.56869 1.37715733e+00
0.57066 1.37637440e+00
0.57264 1.37557547e+00
0.57462 1.37476320e+00
0.57661 1.37394027e+00
0.57860 1.37310933e+00
0.58061 1.37227307e+00
0.58262 1.37143307e+00
0.58463 1.37059093e+00
0.58666 1.36974773e+00
0.58869 1.36890400e+00
0.59073 1.36805920e+00
0.59277 1.36721387e+00
0.59482 1.36636587e+00
0.59688 1.36551360e+00
0.59895 1.36465440e+00
0.60102 1.36378560e+00
0.60310 1.36290400e+00
0.60519 1.36200747e+00
0.60728 1.36109333e+00
0.60939 1.36016053e+00
0.61150 1.35920800e+00
0.61361 1.35823627e+00
0.61574 1.35724640e+00
0.61787 1.35624000e+00
0.62001 1.35521867e+00
0.62215 1.35418667e+00
0.62431 1.35314507e+00
0.62647 1.35209760e+00
0.62864 1.35104640e+00
0.63081 1.34999253e+00
0.63300 1.34893760e+00
0.63519 1.34788160e+00
0.63739 1.34682347e+00
0.63959 1.34576160e+00
0.64181 1.34469440e+00
0.64403 1.34361920e+00
0.64626 1.34253387e+00
0.64849 1.34143573e+00
0.65074 1.34032267e+00
0.65299 1.33919307e+00
0.65525 1.33804533e+00
0.65752 1.33687893e+00
0.65980 1.33569387e+00
0.66208 1.33449067e+00
0.66437 1.33326933e+00
0.66667 1.33203147e+00
0.66898 1.33077813e+00
0.67130 1.32951093e+00
0.67362 1.32823040e+00
0.67595 1.32693813e+00
0.67829 1.32563573e+00
0.68064 1.32432373e+00
0.68299 1.32300373e+00
0.68536 1.32167733e+00
0.68773 1.32034613e+00
0.69011 1.31901067e+00
0.69250 1.31767253e+00
0.69490 1.31633280e+00
0.69730 1.31499200e+00
0.69972 1.31365120e+00
0.70214 1.31230987e+00
0.70457 1.31096800e+00
0.70701 1.30962400e+00
0.70946 1.30827733e+00
0.71191 1.30692587e+00
0.71438 1.30556747e+00
0.71685 1.30420000e+00
0.71933 1.30282133e+00
0.72182 1.30142933e+00
0.72432 1.30002187e+00
0.72683 1.29859787e+00
0.72934 1.29715573e+00
0.73187 1.29569493e+00
0.73440 1.29421493e+00
0.73694 1.29271627e+00
0.73949 1.29119947e+00
0.74205 1.28966507e+00
0.74462 1.28811413e+00
0.74720 1.28654880e+00
0.74979 1.28497067e+00
0.75238 1.28338080e+00
0.75499 1.28178080e+00
0.75760 1.28017333e+00
0.76022 1.27855840e+00
0.76285 1.27693760e+00
0.76549 1.27531147e+00
0.76814 1.27368107e+00
0.77080 1.27204533e+00
0.77347 1.27040427e+00
0.77615 1.26875893e+00
0.77884 1.26710773e+00
0.78153 1.26545120e+00
0.78424 1.26378827e+00
0.78695 1.26212000e+00
0.78968 1.26044480e+00
0.79241 1.25876373e+00
0.79515 1.25707627e+00
0.79790 1.25538347e+00
0.80067 1.25368373e+00
0.80344 1.25197867e+00
0.80622 1.25026773e+00
0.80901 1.24855093e+00
0.81181 1.24682773e+00
0.81462 1.24509760e+00
0.81744 1.24336053e+00
0.82027 1.24161547e+00
0.82311 1.23986240e+00
0.82596 1.23810080e+00
0.82882 1.23632960e+00
0.83169 1.23454933e+00
0.83457 1.23275947e+00
0.83745 1.23095947e+00
0.84035 1.22915093e+00
0.84326 1.22733333e+00
0.84618 1.22550773e+00
0.84911 1.22367467e+00
0.85205 1.22183467e+00
0.85500 1.21998827e+00
0.85796 1.21813600e+00
0.86093 1.21627840e+00
0.86391 1.21441547e+00
0.86690 1.21254773e+00
0.86990 1.21067520e+00
0.87291 1.20879680e+00
0.87593 1.20691253e+00
0.87897 1.20502187e+00
0.88201 1.20312373e+00
0.88506 1.20121760e+00
0.88813 1.19930187e+00
0.89120 1.19737653e+00
0.89428 1.19544000e+00
0.89738 1.19349120e+00
0.90049 1.19153013e+00
0.90360 1.18955573e+00
0.90673 1.18756747e+00
0.90987 1.18556533e+00
0.91302 1.18354987e+00
0.91618 1.18152107e+00
0.91935 1.17948053e+00
0.92253 1.17742827e+00
0.92573 1.17536587e+00
0.92893 1.17329547e+00
0.93215 1.17121867e+00
0.93537 1.16913653e+00
0.93861 1.16705173e+00
0.94186 1.16496533e+00
0.94512 1.16287947e+00
0.94839 1.16079520e+00
0.95168 1.15871467e+00
0.95497 1.15663840e+00
0.95828 1.15456747e+00
0.96159 1.15250240e+00
0.96492 1.15044373e+00
0.96826 1.14839200e+00
0.97161 1.14634667e+00
0.97498 1.14430720e+00
0.97835 1.14227307e+00
0.98174 1.14024373e+00
0.98514 1.13821813e+00
0.98855 1.13619520e+00
0.99197 1.13417387e+00
0.99540 1.13215307e+00
0.99885 1.13013067e+00
1.00231 1.12810560e+00
1.00578 1.12607680e+00
1.00926 1.12404267e+00
1.01275 1.12200213e+00
1.01626 1.11995307e+00
1.01978 1.11789440e+00
1.02330 1.11582507e+00
1.02685 1.11374347e+00
1.03040 1.11164853e+00
1.03397 1.10953973e+00
1.03755 1.10741653e+00
1.04114 1.10527733e+00
1.04474 1.10312213e+00
1.04836 1.10095147e+00
1.05199 1.09876427e+00
1.05563 1.09656213e+00
1.05928 1.09434453e+00
1.06295 1.09211253e+00
1.06663 1.08986773e+00
1.07032 1.08761067e+00
1.07403 1.08534293e+00
1.07775 1.08306613e+00
1.08148 1.08078133e+00
1.08522 1.07849067e+00
1.08898 1.07619627e+00
1.09275 1.07389920e+00
1.09653 1.07160107e+00
1.10032 1.06930400e+00
1.10413 1.06700960e+00
1.10796 1.06471947e+00
1.11179 1.06243413e+00
1.11564 1.06015520e+00
1.11950 1.05788427e+00
1.12338 1.05562133e+00
1.12726 1.05336747e+00
1.13117 1.05112267e+00
1.13508 1.04888747e+00
1.13901 1.04666187e+00
1.14295 1.04444533e+00
1.14691 1.04223787e+00
1.15088 1.04003840e+00
1.15487 1.03784640e+00
1.15886 1.03566080e+00
1.16287 1.03348053e+00
1.16690 1.03130400e+00
1.17094 1.02913067e+00
1.17499 1.02695893e+00
1.17906 1.02478667e+00
1.18314 1.02261333e+00
1.18724 1.02043733e+00
1.19135 1.01825760e+00
1.19547 1.01607200e+00
1.19961 1.01388000e+00
1.20376 1.01168107e+00
1.20793 1.00947413e+00
1.21211 1.00725760e+00
1.21630 1.00503253e+00
1.22052 1.00279733e+00
1.22474 1.00055253e+00
1.22898 9.98298133e-01
1.23323 9.96034667e-01
1.23750 9.93761600e-01
1.24179 9.91480533e-01
1.24609 9.89191467e-01
1.25040 9.86894933e-01
1.25473 9.84592533e-01
1.25907 9.82284800e-01
1.26343 9.79972800e-01
1.26780 9.77657600e-01
1.27219 9.75340267e-01
1.27659 9.73021867e-01
1.28101 9.70702933e-01
1.28545 9.68384533e-01
1.28990 9.66068267e-01
1.29436 9.63754133e-01
1.29884 9.61443733e-01
1.30334 9.59137067e-01
1.30785 9.56834667e-01
1.31238 9.54537600e-01
1.31692 9.52245333e-01
1.32148 9.49959467e-01
1.32605 9.47678933e-01
1.33064 9.45404800e-01
1.33525 9.43136000e-01
1.33987 9.40873600e-01
1.34451 9.38616533e-01
1.34916 9.36364800e-01
1.35383 9.34117867e-01
1.35852 9.31875733e-01
1.36322 9.29637867e-01
1.36794 9.27403733e-01
1.37268 9.25172267e-01
1.37743 9.22943467e-01
1.38220 9.20716267e-01
1.38698 9.18490133e-01
1.39178 9.16265067e-01
1.39660 9.14039467e-01
1.40144 9.11813333e-01
1.40629 9.09586133e-01
1.41115 9.07356800e-01
1.41604 9.05125333e-01
1.42094 9.02890667e-01
1.42586 9.00653333e-01
1.43080 8.98412267e-01
1.43575 8.96166933e-01
1.44072 8.93917867e-01
1.44571 8.91664533e-01
1.45071 8.89406400e-01
1.45573 8.87144533e-01
1.46077 8.84878400e-01
1.46583 8.82608000e-01
1.47090 8.80333333e-01
1.47599 8.78055467e-01
1.48110 8.75774933e-01
1.48623 8.73490667e-01
1.49137 8.71204800e-01
1.49654 8.68916800e-01
1.50172 8.66628267e-01
1.50692 8.64338667e-01
1.51213 8.62049067e-01
1.51737 8.59760533e-01
1.52262 8.57473600e-01
1.52789 8.55188800e-01
1.53318 8.52906667e-01
1.53849 8.50628267e-01
1.54381 8.48354133e-01
1.54916 8.46084800e-01
1.55452 8.43821333e-01
1.55990 8.41563733e-01
1.56530 8.39313067e-01
1.57072 8.37069867e-01
1.57615 8.34834133e-01
1.58161 8.32606933e-01
1.58709 8.30387733e-01
1.59258 8.28177600e-01
1.59809 8.25976533e-01
1.60362 8.23785067e-01
1.60918 8.21602133e-01
1.61475 8.19428800e-01
1.62034 8.17265067e-01
1.62594 8.15110400e-01
1.63157 8.12964267e-01
1.63722 8.10827200e-01
1.64289 8.08698667e-01
1.64857 8.06578133e-01
1.65428 8.04465067e-01
1.66001 8.02358933e-01
1.66575 8.00259733e-01
1.67152 7.98166400e-01
1.67731 7.96078400e-01
1.68311 7.93995733e-01
1.68894 7.91916800e-01
1.69478 7.89841600e-01
1.70065 7.87769600e-01
1.70654 7.85699200e-01
1.71245 7.83630400e-01
1.71837 7.81562667e-01
1.72432 7.79494933e-01
1.73029 7.77426667e-01
1.73628 7.75357867e-01
1.74229 7.73286933e-01
1.74832 7.71213867e-01
1.75437 7.69138667e-01
1.76045 7.67059733e-01
1.76654 7.64978133e-01
1.77266 7.62892267e-01
1.77879 7.60802133e-01
1.78495 7.58708267e-01
1.79113 7.56609600e-01
1.79733 7.54506133e-01
1.80355 7.52398400e-01
1.80979 7.50285867e-01
1.81606 7.48169067e-01
1.82234 7.46047467e-01
1.82865 7.43922133e-01
1.83498 7.41792533e-01
1.84133 7.39659200e-01
1.84771 7.37522667e-01
1.85410 7.35383467e-01
1.86052 7.33241067e-01
1.86696 7.31097067e-01
1.87342 7.28951467e-01
1.87991 7.26804267e-01
1.88642 7.24657067e-01
1.89295 7.22509333e-01
1.89950 7.20362133e-01
1.90607 7.18216000e-01
1.91267 7.16072000e-01
1.91929 7.13929600e-01
1.92594 7.11790400e-01
1.93260 7.09654400e-01
1.93929 7.07522133e-01
1.94601 7.05394667e-01
1.95274 7.03271467e-01
1.95950 7.01154133e-01
1.96629 6.99042667e-01
1.97309 6.96937067e-01
1.97992 6.94838400e-01
1.98678 6.92746667e-01
1.99365 6.90662400e-01
2.00055 6.88585600e-01
2.00748 6.86516800e-01
2.01443 6.84456000e-01
2.02140 6.82403733e-01
2.02840 6.80359467e-01
2.03542 6.78323733e-01
2.04247 6.76296533e-01
2.04954 6.74277867e-01
2.05663 6.72268267e-01
2.06375 6.70266667e-01
2.07090 6.68273600e-01
2.07806 6.66289067e-01
2.08526 6.64312533e-01
2.09247 6.62344000e-01
2.09972 6.60383467e-01
2.10699 6.58430400e-01
2.11428 6.56484800e-01
2.12160 6.54546133e-01
2.12894 6.52614400e-01
2.13631 6.50689067e-01
2.14371 6.48769600e-01
2.15113 6.46856533e-01
2.15857 6.44948800e-01
2.16605 6.43046933e-01
2.17354 6.41149333e-01
2.18107 6.39256533e-01
2.18862 6.37368533e-01
2.19619 6.35484267e-01
2.20380 6.33603733e-01
2.21143 6.31726400e-01
2.21908 6.29852267e-01
2.22676 6.27981333e-01
2.23447 6.26113067e-01
2.24220 6.24247467e-01
2.24997 6.22384000e-01
2.25775 6.20522133e-01
2.26557 6.18662933e-01
2.27341 6.16804800e-01
2.28128 6.14948800e-01
2.28918 6.13094400e-01
2.29710 6.11241067e-01
2.30505 6.09389867e-01
2.31303 6.07539200e-01
2.32104 6.05690667e-01
2.32908 6.03843733e-01
2.33714 6.01997867e-01
2.34523 6.00153600e-01
2.35335 5.98310933e-01
2.36149 5.96470400e-01
2.36967 5.94631467e-01
2.37787 5.92794667e-01
2.38610 5.90960000e-01
2.39436 5.89128000e-01
2.40265 5.87298133e-01
2.41097 5.85471467e-01
2.41931 5.83647467e-01
2.42769 5.81827200e-01
2.43609 5.80010133e-01
2.44452 5.78196800e-01
2.45298 5.76387200e-01
2.46148 5.74581867e-01
2.47000 5.72781333e-01
2.47855 5.70985067e-01
2.48713 5.69194133e-01
2.49574 5.67408533e-01
2.50438 5.65628267e-01
2.51304 5.63853867e-01
2.52174 5.62085333e-01
2.53047 5.60323733e-01
2.53923 5.58568000e-01
2.54802 5.56819200e-01
2.55684 5.55077333e-01
2.56569 5.53342400e-01
2.57457 5.51614933e-01
2.58349 5.49894933e-01
2.59243 5.48182933e-01
2.60140 5.46478933e-01
2.61041 5.44782933e-01
2.61944 5.43094933e-01
2.62851 5.41414933e-01
2.63761 5.39744000e-01
2.64674 5.38081067e-01
2.65590 5.36427200e-01
2.66510 5.34781333e-01
2.67432 5.33144693e-01
2.68358 5.31516533e-01
2.69287 5.29897173e-01
2.70219 5.28286507e-01
2.71154 5.26684533e-01
2.72093 5.25091200e-01
2.73035 5.23506507e-01
2.73980 5.21930400e-01
2.74928 5.20362720e-01
2.75880 5.18803413e-01
2.76835 5.17252373e-01
2.77793 5.15709493e-01
2.78755 5.14174613e-01
2.79720 5.12647573e-01
2.80688 5.11128213e-01
2.81660 5.09616373e-01
2.82635 5.08111840e-01
2.83613 5.06614453e-01
2.84595 5.05124000e-01
2.85580 5.03640213e-01
2.86569 5.02162933e-01
2.87561 5.00691840e-01
2.88556 4.99226773e-01
2.89555 4.97767413e-01
2.90557 4.96313547e-01
2.91563 4.94864907e-01
2.92572 4.93421227e-01
2.93585 4.91982187e-01
2.94601 4.90547573e-01
2.95621 4.89117120e-01
2.96644 4.87690453e-01
2.97671 4.86267360e-01
2.98702 4.84847573e-01
2.99736 4.83430720e-01
3.00773 4.82016640e-01
3.01814 4.80604960e-01
3.02859 4.79195413e-01
3.03907 4.77787733e-01
3.04960 4.76381707e-01
3.06015 4.74976960e-01
3.07074 4.73573333e-01
3.08137 4.72170453e-01
3.09204 4.70768160e-01
3.10274 4.69366187e-01
3.11348 4.67964213e-01
3.12426 4.66562133e-01
3.13508 4.65159627e-01
3.14593 4.63756480e-01
3.15682 4.62352533e-01
3.16775 4.60947520e-01
3.17871 4.59541280e-01
3.18972 4.58133653e-01
3.20076 4.56724427e-01
3.21184 4.55313440e-01
3.22295 4.53900587e-01
3.23411 4.52485600e-01
3.24531 4.51068480e-01
3.25654 4.49649067e-01
3.26781 4.48227200e-01
3.27912 4.46802773e-01
3.29047 4.45375787e-01
3.30187 4.43946027e-01
3.31330 4.42513547e-01
3.32476 4.41078187e-01
3.33627 4.39639947e-01
3.34782 4.38198827e-01
3.35941 4.36754667e-01
3.37104 4.35307573e-01
3.38271 4.33857493e-01
3.39442 4.32404373e-01
3.40617 4.30948320e-01
3.41796 4.29489280e-01
3.42979 4.28027307e-01
3.44166 4.26562453e-01
3.45358 4.25094720e-01
3.46553 4.23624213e-01
3.47753 4.22150933e-01
3.48957 4.20674987e-01
3.50164 4.19196480e-01
3.51377 4.17715413e-01
3.52593 4.16231947e-01
3.53814 4.14746187e-01
3.55038 4.13258187e-01
3.56267 4.11768053e-01
3.57500 4.10275947e-01
3.58738 4.08781973e-01
3.59980 4.07286240e-01
3.61226 4.05788907e-01
3.62476 4.04290080e-01
3.63731 4.02789920e-01
3.64990 4.01288587e-01
3.66254 3.99786133e-01
3.67521 3.98282827e-01
3.68794 3.96778720e-01
3.70070 3.95274027e-01
3.71351 3.93768907e-01
3.72637 3.92263467e-01
3.73927 3.90757920e-01
3.75221 3.89252373e-01
3.76520 3.87747040e-01
3.77823 3.86242080e-01
3.79131 3.84737600e-01
3.80443 3.83233760e-01
3.81760 3.81730827e-01
3.83082 3.80228853e-01
3.84408 3.78728053e-01
3.85739 3.77228587e-01
3.87074 3.75730560e-01
3.88414 3.74234240e-01
3.89758 3.72739680e-01
3.91107 3.71247040e-01
3.92461 3.69756533e-01
3.93820 3.68268320e-01
3.95183 3.66782453e-01
3.96551 3.65299200e-01
3.97924 3.63818613e-01
3.99301 3.62340907e-01
4.00683 3.60866133e-01
4.02070 3.59394560e-01
4.03462 3.57926187e-01
4.04859 3.56461227e-01
4.06260 3.54999787e-01
4.07667 3.53541973e-01
4.09078 3.52087947e-01
4.10494 3.50637813e-01
4.11915 3.49191733e-01
4.13341 3.47749707e-01
4.14771 3.46311947e-01
4.16207 3.44878560e-01
4.17648 3.43449600e-01
4.19094 3.42025173e-01
4.20545 3.40605387e-01
4.22000 3.39190347e-01
4.23461 3.37780107e-01
4.24927 3.36374827e-01
4.26398 3.34974507e-01
4.27874 3.33579307e-01
4.29355 3.32189227e-01
4.30841 3.30804373e-01
4.32332 3.29424853e-01
4.33829 3.28050667e-01
4.35331 3.26681920e-01
4.36838 3.25318667e-01
4.38350 3.23960960e-01
4.39867 3.22608853e-01
4.41390 3.21262347e-01
4.42918 3.19921600e-01
4.44451 3.18586560e-01
4.45990 3.17257333e-01
4.47533 3.15933920e-01
4.49083 3.14616320e-01
4.50637 3.13304640e-01
4.52197 3.11998880e-01
4.53762 3.10699093e-01
4.55333 3.09405227e-01
4.56909 3.08117333e-01
4.58491 3.06835520e-01
4.60078 3.05559680e-01
4.61670 3.04289867e-01
4.63269 3.03026133e-01
4.64872 3.01768480e-01
4.66481 3.00516853e-01
4.68096 2.99271307e-01
4.69717 2.98031787e-01
4.71343 2.96798400e-01
4.72974 2.95571040e-01
4.74611 2.94349813e-01
4.76254 2.93134560e-01
4.77903 2.91925440e-01
4.79557 2.90722293e-01
4.81217 2.89525227e-01
4.82883 2.88334187e-01
4.84555 2.87149120e-01
4.86232 2.85970027e-01
4.87915 2.84796960e-01
4.89604 2.83629813e-01
4.91299 2.82468587e-01
4.92999 2.81313280e-01
4.94706 2.80163893e-01
4.96418 2.79020373e-01
4.98137 2.77882667e-01
4.99861 2.76750773e-01
5.01591 2.75624640e-01
5.03328 2.74504320e-01
5.05070 2.73389707e-01
5.06818 2.72280800e-01
5.08573 2.71177547e-01
5.10333 2.70079947e-01
5.12100 2.68987947e-01
5.13873 2.67901547e-01
5.15651 2.66820640e-01
5.17436 2.65745280e-01
5.19228 2.64675360e-01
5.21025 2.63610880e-01
5.22828 2.62551787e-01
5.24638 2.61498080e-01
5.26454 2.60449707e-01
5.28277 2.59406667e-01
5.30105 2.58368800e-01
5.31940 2.57336213e-01
5.33782 2.56308747e-01
5.35629 2.55286453e-01
5.37484 2.54269280e-01
5.39344 2.53257173e-01
5.41211 2.52250080e-01
5.43084 2.51248000e-01
5.44965 2.50250827e-01
5.46851 2.49258613e-01
5.48744 2.48271253e-01
5.50643 2.47288747e-01
5.52550 2.46311040e-01
5.54462 2.45338080e-01
5.56381 2.44369867e-01
5.58308 2.43406293e-01
5.60240 2.42447413e-01
5.62179 2.41493120e-01
5.64125 2.40543413e-01
5.66078 2.39598240e-01
5.68038 2.38657547e-01
5.70004 2.37721333e-01
5.71977 2.36789547e-01
5.73957 2.35862133e-01
5.75944 2.34939093e-01
5.77938 2.34020373e-01
5.79938 2.33105920e-01
5.81946 2.32195733e-01
5.83960 2.31289760e-01
5.85982 2.30387947e-01
5.88010 2.29490240e-01
5.90045 2.28596693e-01
5.92088 2.27707200e-01
5.94137 2.26821760e-01
5.96194 2.25940320e-01
5.98258 2.25062880e-01
6.00329 2.24189387e-01
6.02407 2.23319787e-01
6.04492 2.22454027e-01
6.06585 2.21592160e-01
6.08684 2.20734133e-01
6.10791 2.19879840e-01
6.12906 2.19029387e-01
6.15027 2.18182613e-01
6.17156 2.17339520e-01
6.19293 2.16500107e-01
6.21436 2.15664373e-01
6.23588 2.14832213e-01
6.25746 2.14003627e-01
6.27912 2.13178667e-01
6.30086 2.12357173e-01
6.32267 2.11539253e-01
6.34455 2.10724747e-01
6.36652 2.09913707e-01
6.38856 2.09106133e-01
6.41067 2.08301920e-01
6.43286 2.07501120e-01
6.45513 2.06703680e-01
6.47747 2.05909547e-01
6.49990 2.05118720e-01
6.52240 2.04331200e-01
6.54497 2.03546933e-01
6.56763 2.02765920e-01
6.59037 2.01988107e-01
6.61318 2.01213493e-01
6.63607 2.00442027e-01
6.65904 1.99673760e-01
6.68209 1.98908587e-01
6.70522 1.98146560e-01
6.72843 1.97387573e-01
6.75172 1.96631680e-01
6.77510 1.95878880e-01
6.79855 1.95129067e-01
6.82208 1.94382293e-01
6.84570 1.93638507e-01
6.86939 1.92897707e-01
6.89317 1.92159893e-01
6.91704 1.91424960e-01
6.94098 1.90693013e-01
6.96500 1.89963947e-01
6.98911 1.89237760e-01
7.01331 1.88514453e-01
7.03759 1.87794027e-01
7.06195 1.87076427e-01
7.08639 1.86361707e-01
7.11092 1.85649707e-01
7.13554 1.84940587e-01
7.16024 1.84234187e-01
7.18502 1.83530613e-01
7.20990 1.82829760e-01
7.23485 1.82131627e-01
7.25990 1.81436267e-01
7.28503 1.80743573e-01
7.31025 1.80053600e-01
7.33555 1.79366293e-01
7.36094 1.78681653e-01
7.38642 1.77999680e-01
7.41199 1.77320373e-01
7.43765 1.76643680e-01
7.46340 1.75969600e-01
7.48923 1.75298187e-01
7.51516 1.74629280e-01
7.54117 1.73963040e-01
7.56727 1.73299307e-01
7.59347 1.72638187e-01
7.61975 1.71979573e-01
7.64613 1.71323520e-01
7.67260 1.70669973e-01
7.69916 1.70018987e-01
7.72581 1.69370453e-01
7.75255 1.68724427e-01
7.77939 1.68080907e-01
7.80632 1.67943200e-01
7.83334 1.69460800e-01
7.86046 1.70993973e-01
7.88767 1.72542880e-01
7.91497 1.74107733e-01
7.94237 1.75688587e-01
7.96986 1.77285653e-01
7.99745 1.78899093e-01
8.02513 1.80621120e-01
8.05291 1.82371200e-01
8.08079 1.84140267e-01
8.10876 1.85928587e-01
8.13683 1.87736320e-01
8.16500 1.89563680e-01
8.19326 1.91410880e-01
8.22162 1.93335467e-01
8.25008 1.95299787e-01
8.27864 1.97286347e-01
8.30730 1.99295360e-01
8.33605 2.01327147e-01
8.36491 2.03381920e-01
8.39386 2.05459893e-01
8.42292 2.07602613e-01
8.45208 2.09781333e-01
8.48133 2.11985493e-01
8.51069 2.14215307e-01
8.54016 2.16471147e-01
8.56972 2.18753227e-01
8.59938 2.21061920e-01
8.62915 2.23678240e-01
8.65902 2.26334293e-01
8.68899 2.29024640e-01
8.71907 2.31749653e-01
8.74925 2.34509813e-01
8.77954 2.37305547e-01
8.80993 2.40208480e-01
8.84043 2.43298507e-01
8.87103 2.46431200e-01
8.90174 2.49607200e-01
8.93255 2.52827040e-01
8.96347 2.56091360e-01
8.99450 2.59400747e-01
9.02563 2.63089653e-01
9.05688 2.66907040e-01
9.08823 2.70782933e-01
9.11969 2.74718240e-01
9.15126 2.78713813e-01
9.18294 2.82770560e-01
9.21472 2.87025547e-01
9.24662 2.91508320e-01
9.27863 2.96064427e-01
9.31075 3.00695040e-01
9.34298 3.05401333e-01
9.37532 3.10184427e-01
9.40777 3.15149600e-01
9.44034 3.20534133e-01
9.47302 3.26013973e-01
9.50581 3.31590720e-01
9.53871 3.37265867e-01
9.57173 3.43041067e-01
9.60487 3.49063947e-01
9.63811 3.56061067e-01
9.67148 3.63199840e-01
9.70495 3.70482720e-01
9.73855 3.77912213e-01
9.77226 3.85490773e-01
9.80609 3.93424267e-01
9.84003 4.02468000e-01
9.87409 4.11715787e-01
9.90827 4.21171040e-01
9.94257 4.30837280e-01
9.97699 4.40717600e-01
10.01153 4.51270613e-01
10.04618 4.62995787e-01
10.08096 4.75006933e-01
10.11585 4.87307733e-01
10.15087 4.99901707e-01
10.18601 5.12791840e-01
10.22127 5.27596480e-01
10.25665 5.43873067e-01
10.29215 5.60586667e-01
10.32778 5.77739733e-01
10.36353 5.95335467e-01
10.39941 6.13374400e-01
10.43540 6.33377067e-01
10.47153 6.53945600e-01
10.50777 6.75059733e-01
10.54415 6.96726400e-01
10.58065 7.18952000e-01
10.61727 7.41051733e-01
10.65403 7.62964267e-01
10.69091 7.85499733e-01
10.72791 8.08691200e-01
10.76505 8.32577067e-01
10.80231 8.56882667e-01
10.83971 8.77020267e-01
10.87723 8.97785600e-01
10.91488 9.19215467e-01
10.95266 9.41347733e-01
10.99058 9.64222933e-01
11.02862 9.82632000e-01
11.06680 9.99793067e-01
11.10511 1.01740320e+00
11.14355 1.03547307e+00
11.18212 1.05401173e+00
11.22083 1.07087413e+00
11.25967 1.08621653e+00
11.29865 1.10184320e+00
11.33776 1.11775093e+00
11.37701 1.13393547e+00
11.41639 1.14826400e+00
11.45591 1.15972373e+00
11.49556 1.17123787e+00
11.53536 1.18279520e+00
11.57529 1.19438560e+00
11.61536 1.20391200e+00
11.65556 1.21002667e+00
11.69591 1.21606027e+00
11.73640 1.22200693e+00
11.77702 1.22785973e+00
11.81779 1.23240000e+00
11.85870 1.23528053e+00
11.89975 1.23807413e+00
11.94094 1.24077760e+00
11.98227 1.24338987e+00
12.02375 1.24530133e+00
12.06537 1.24669280e+00
12.10714 1.24802400e+00
12.14905 1.24929440e+00
12.19110 1.25050240e+00
12.23330 1.25164800e+00
12.27565 1.25272960e+00
12.31814 1.25374667e+00
12.36078 1.25469760e+00
12.40357 1.25558240e+00
12.44651 1.25639947e+00
12.48959 1.25714880e+00
12.53283 1.25762560e+00
12.57621 1.25798667e+00
12.61974 1.25829813e+00
12.66343 1.25855893e+00
12.70726 1.25876907e+00
12.75125 1.25892853e+00
12.79539 1.25903680e+00
12.83968 1.25909333e+00
12.88413 1.25909707e+00
12.92873 1.25904907e+00
12.97348 1.25894827e+00
13.01839 1.25868107e+00
13.06345 1.25820427e+00
13.10867 1.25768427e+00
13.15405 1.25712160e+00
13.19959 1.25651520e+00
13.24528 1.25586560e+00
13.29113 1.25517227e+00
13.33713 1.25443520e+00
13.38330 1.25365440e+00
13.42963 1.25282987e+00
13.47612 1.25196107e+00
13.52277 1.25103520e+00
13.56958 1.25005653e+00
13.61655 1.24904213e+00
13.66368 1.24799147e+00
13.71098 1.24690507e+00
13.75844 1.24578293e+00
13.80607 1.24462453e+00
13.85386 1.24342987e+00
13.90182 1.24219947e+00
13.94994 1.24093333e+00
13.99823 1.23963147e+00
14.04668 1.23886133e+00
14.09531 1.23808160e+00
14.14410 1.23726987e+00
14.19306 1.23642613e+00
14.24219 1.23555040e+00
14.29149 1.23464267e+00
14.34096 1.23370347e+00
14.39060 1.23273227e+00
14.44042 1.23172853e+00
14.49041 1.23069333e+00
14.54057 1.23038400e+00
14.59090 1.23021760e+00
14.64141 1.23001387e+00
14.69209 1.22977280e+00
14.74295 1.22949440e+00
14.79398 1.22917760e+00
14.84519 1.22882347e+00
14.89658 1.22843093e+00
14.94814 1.22800000e+00
14.99989 1.22753120e+00
15.05181 1.22656480e+00
15.10392 1.22554827e+00
15.15620 1.22448107e+00
15.20866 1.22336427e+00
15.26131 1.22219787e+00
15.31414 1.22098133e+00
15.36715 1.21971467e+00
15.42034 1.21839840e+00
15.47372 1.21703253e+00
15.52729 1.21508000e+00
15.58103 1.21255680e+00
15.63497 1.20998133e+00
15.68909 1.20735413e+00
15.74340 1.20467573e+00
15.79790 1.20194560e+00
15.85258 1.19916480e+00
15.90746 1.19633387e+00
15.96252 1.19345227e+00
16.01778 1.19014507e+00
16.07323 1.18599680e+00
16.12886 1.18180533e+00
16.18470 1.17757173e+00
16.24072 1.17329653e+00
16.29694 1.16898080e+00
16.35335 1.16462400e+00
16.40996 1.16022773e+00
16.46677 1.15579253e+00
16.52377 1.15098773e+00
16.58097 1.14568747e+00
16.63836 1.14035840e+00
16.69596 1.13500053e+00
16.75375 1.12961547e+00
16.81175 1.12420373e+00
16.86994 1.11876587e+00
16.92834 1.11330240e+00
16.98694 1.10781440e+00
17.04574 1.10161653e+00
17.10474 1.09521067e+00
17.16395 1.08879467e+00
17.22337 1.08236907e+00
17.28299 1.07593440e+00
17.34281 1.06949227e+00
17.40285 1.06304213e+00
17.46309 1.05658560e+00
17.52354 1.04970987e+00
17.58420 1.04219093e+00
17.64507 1.03468320e+00
17.70615 1.02718773e+00
17.76744 1.01970453e+00
17.82894 1.01223520e+00
17.89066 1.00477973e+00
17.95259 9.97338133e-01
18.01473 9.89692800e-01
18.07709 9.81367467e-01
18.13967 9.73078933e-01
18.20246 9.64827200e-01
18.26547 9.56611733e-01
18.32870 9.48433600e-01
18.39214 9.40293333e-01
18.45581 9.32190400e-01
18.51969 9.23927467e-01
18.58380 9.15270400e-01
18.64813 9.06669333e-01
18.71268 8.98124267e-01
18.77746 8.89635200e-01
18.84246 8.81201600e-01
18.90768 8.72824000e-01
18.97313 8.64502400e-01
19.03881 8.56011200e-01
19.10472 8.47429867e-01
19.17085 8.38915733e-01
19.23721 8.30468800e-01
19.30380 8.22088533e-01
19.37062 8.13775467e-01
19.43768 8.05528533e-01
19.50496 7.97341867e-01
19.57248 7.89154133e-01
19.64023 7.81036267e-01
19.70822 7.72988267e-01
19.77644 7.65009600e-01
19.84490 7.57100267e-01
19.91359 7.49259200e-01
19.98252 7.41486400e-01
20.05169 7.34228800e-01
20.12110 7.27184000e-01
20.19076 7.20200533e-01
20.26065 7.13276800e-01
20.33078 7.06412800e-01
20.40116 6.99608000e-01
20.47178 6.92862400e-01
20.54264 6.86175467e-01
20.61375 6.79546667e-01
20.68511 6.72976000e-01
20.75671 6.66462400e-01
20.82856 6.60005867e-01
20.90066 6.53605867e-01
20.97301 6.47262400e-01
21.04561 6.41801600e-01
21.11846 6.36871467e-01
21.19157 6.31977067e-01
21.26492 6.27119467e-01
21.33853 6.22297600e-01
21.41240 6.17512000e-01
21.48652 6.12761600e-01
21.56090 6.08046400e-01
21.63553 6.03366400e-01
21.71043 5.98721600e-01
21.78558 5.94110933e-01
21.86099 5.89535467e-01
21.93666 5.84993600e-01
22.01260 5.80700800e-01
22.08880 5.77515733e-01
22.16526 5.74348800e-01
22.24199 5.71200000e-01
22.31898 5.68069867e-01
22.39624 5.64957333e-01
22.47377 5.61862400e-01
22.55156 5.58785600e-01
22.62962 5.55726400e-01
22.70796 5.52685333e-01
22.78656 5.49660800e-01
22.86544 5.46654400e-01
22.94459 5.43665067e-01
23.02402 5.40958933e-01
23.10372 5.38878933e-01
23.18369 5.36808533e-01
23.26394 5.34746133e-01
23.34447 5.32692907e-01
23.42528 5.30648213e-01
23.50637 5.28612213e-01
23.58774 5.26584747e-01
23.66939 5.24565920e-01
23.75133 5.22555573e-01
23.83354 5.20553707e-01
23.91604 5.18560267e-01
23.99883 5.16575253e-01
24.08191 5.14899787e-01
24.16527 5.13233493e-01
24.24892 5.11572053e-01
24.33286 5.09915467e-01
24.41709 5.08263680e-01
24.50161 5.06616693e-01
24.58642 5.04974560e-01
24.67153 5.03337173e-01
24.75693 5.01704587e-01
24.84263 5.00076747e-01
24.92863 4.98453653e-01
25.01492 4.96790347e-01
25.10151 4.94915787e-01
25.18840 4.93045440e-01
25.27559 4.91179360e-01
25.36309 4.89317547e-01
25.45088 4.87460000e-01
25.53898 4.85606720e-01
25.62739 4.83757707e-01
25.71610 4.81912960e-01
25.80512 4.80072587e-01
25.89444 4.78236480e-01
25.98408 4.76404693e-01
26.07403 4.74205920e-01
26.16428 4.71933707e-01
26.25485 4.69668373e-01
26.34574 4.67409813e-01
26.43694 4.65158133e-01
26.52845 4.62913333e-01
26.62028 4.60675360e-01
26.71243 4.58444267e-01
26.80489 4.56220053e-01
26.89768 4.54002827e-01
26.99079 4.51792427e-01
27.08422 4.49029280e-01
27.17798 4.46217600e-01
27.27205 4.43418987e-01
27.36646 4.40633493e-01
27.46119 4.37861067e-01
27.55625 4.35101707e-01
27.65164 4.32355360e-01
27.74736 4.29622027e-01
27.84341 4.26901653e-01
27.93979 4.24194293e-01
28.03650 4.21318347e-01
28.13355 4.18160053e-01
28.23094 4.15021440e-01
28.32867 4.11902400e-01
28.42673 4.08802880e-01
28.52513 4.05722773e-01
28.62387 4.02661973e-01
28.72295 3.99620373e-01
28.82238 3.96597973e-01
28.92215 3.93594667e-01
29.02227 3.90541333e-01
29.12273 3.87268640e-01
29.22354 3.84020107e-01
29.32470 3.80795467e-01
29.42621 3.77594667e-01
29.52807 3.74417493e-01
29.63029 3.71263840e-01
29.73286 3.68133600e-01
29.83578 3.65026507e-01
29.93906 3.61942560e-01
30.04269 3.58793227e-01
30.14669 3.55543573e-01
30.25104 3.52320960e-01
30.35576 3.49125173e-01
30.46084 3.45956107e-01
30.56628 3.42813440e-01
30.67209 3.39697067e-01
30.77826 3.36606720e-01
30.88481 3.33542240e-01
30.99172 3.30503467e-01
31.09900 3.27490133e-01
31.20665 3.24502133e-01
31.31467 3.21539200e-01
31.42307 3.18601227e-01
31.53184 3.15687947e-01
31.64099 3.12799200e-01
31.75052 3.09934827e-01
31.86043 3.07094613e-01
31.97072 3.04278347e-01
32.08139 3.01458880e-01
32.19244 2.98654453e-01
32.30388 2.95874773e-01
32.41570 2.93119627e-01
32.52791 2.90388853e-01
32.64051 2.87682293e-01
32.75349 2.84999680e-01
32.86687 2.82340800e-01
32.98064 2.79705547e-01
33.09481 2.77093707e-01
33.20937 2.74505013e-01
33.32433 2.71939360e-01
33.43968 2.69396533e-01
33.55544 2.66876320e-01
33.67159 2.64378560e-01
33.78815 2.61903093e-01
33.90511 2.59449653e-01
34.02247 2.57032693e-01
34.14024 2.54698507e-01
34.25842 2.52384800e-01
34.37701 2.50091360e-01
34.49601 2.47818133e-01
34.61542 2.45564907e-01
34.73525 2.43331467e-01
34.85549 2.41117760e-01
34.97614 2.38923520e-01
35.09721 2.36748587e-01
35.21871 2.34592853e-01
35.34062 2.32456213e-01
35.46295 2.30338347e-01
35.58571 2.28239253e-01
35.70889 2.26158667e-01
35.83250 2.24096533e-01
35.95654 2.22052587e-01
36.08101 2.20108747e-01
36.20590 2.18225227e-01
36.33123 2.16357600e-01
36.45700 2.14505653e-01
36.58320 2.12669333e-01
36.70983 2.10848480e-01
36.83691 2.09042933e-01
36.96442 2.07252640e-01
37.09238 2.05477387e-01
37.22077 2.03717173e-01
37.34962 2.01971787e-01
37.47890 2.00241120e-01
37.60864 1.98525067e-01
37.73883 1.96823467e-01
37.86946 1.95136267e-01
38.00055 1.93463680e-01
38.13209 1.91878187e-01
38.26409 1.90305547e-01
38.39654 1.88745760e-01
38.52946 1.87198667e-01
38.66283 1.85664160e-01
38.79667 1.84142187e-01
38.93096 1.82632587e-01
39.06573 1.81135253e-01
39.20096 1.79650133e-01
39.33665 1.78177120e-01
39.47282 1.76716107e-01
39.60946 1.75267040e-01
39.74657 1.73829707e-01
39.88416 1.72404160e-01
40.02222 1.71014347e-01
40.16076 1.69760693e-01
40.29978 1.68516267e-01
40.43928 1.67281120e-01
40.57926 1.66055093e-01
40.71973 1.64838133e-01
40.86069 1.63630187e-01
41.00213 1.62431200e-01
41.14406 1.61241067e-01
41.28648 1.60059733e-01
41.42940 1.58887147e-01
41.57281 1.57723200e-01
41.71672 1.56567893e-01
41.86113 1.55421120e-01
42.00603 1.54282880e-01
42.15144 1.53153013e-01
42.29735 1.52031467e-01
42.44377 1.50918293e-01
42.59069 1.49813280e-01
42.73812 1.48716480e-01
42.88606 1.47627733e-01
43.03451 1.46547093e-01
43.18348 1.45474400e-01
43.33297 1.44409653e-01
43.48297 1.43352747e-01
43.63349 1.42303680e-01
43.78453 1.41262347e-01
43.93609 1.40228693e-01
44.08818 1.39202667e-01
44.24079 1.38184267e-01
44.39394 1.37173333e-01
44.54761 1.36169920e-01
44.70182 1.35173867e-01
44.85655 1.34185173e-01
45.01183 1.33213493e-01
45.16764 1.32366453e-01
45.32399 1.31524907e-01
45.48089 1.30688907e-01
45.63832 1.29858293e-01
45.79630 1.29033120e-01
45.95483 1.28213333e-01
46.11391 1.27398880e-01
46.27353 1.26589760e-01
46.43371 1.25785867e-01
46.59445 1.24987253e-01
46.75574 1.24193813e-01
46.91759 1.23405493e-01
47.08000 1.22622347e-01
47.24297 1.21844267e-01
47.40650 1.21071307e-01
47.57060 1.20303307e-01
47.73527 1.19540320e-01
47.90051 1.18782240e-01
48.06633 1.18029120e-01
48.23271 1.17280907e-01
48.39967 1.16537493e-01
48.56721 1.15798933e-01
48.73533 1.15065173e-01
48.90403 1.14336160e-01
49.07332 1.13611840e-01
49.24319 1.12892213e-01
49.41365 1.12177280e-01
49.58470 1.11466987e-01
49.75634 1.10761227e-01
49.92858 1.10060107e-01
50.10141 1.09461973e-01
50.27484 1.08936373e-01
50.44887 1.08413440e-01
50.62350 1.07893173e-01
50.79874 1.07375573e-01
50.97458 1.06860533e-01
51.15104 1.06348160e-01
51.32810 1.05838347e-01
51.50578 1.05331093e-01
51.68407 1.04826453e-01
51.86298 1.04324320e-01
52.04250 1.03824747e-01
52.22265 1.03327680e-01
52.40343 1.02833120e-01
52.58482 1.02341067e-01
52.76685 1.01851467e-01
52.94951 1.01364373e-01
53.13280 1.00879680e-01
53.31672 1.00397493e-01
53.50128 9.99176533e-02
53.68648 9.94402667e-02
53.87232 9.89652800e-02
54.05880 9.84926400e-02
54.24593 9.80224000e-02
54.43371 9.75545067e-02
54.62214 9.70889600e-02
54.81122 9.66257067e-02
55.00095 9.61648533e-02
55.19134 9.57062400e-02
55.38239 9.52499200e-02
55.57410 9.47958933e-02
55.76647 9.43441600e-02
55.95951 9.38946133e-02
56.15322 9.34473600e-02
56.34760 9.30023467e-02
56.54265 9.25595200e-02
56.73838 9.21189333e-02
56.93479 9.16804800e-02
57.13187 9.12442667e-02
57.32964 9.08101867e-02
57.52809 9.03782400e-02
57.72723 8.99484800e-02
57.92705 8.95208533e-02
58.12757 8.90953600e-02
58.32879 8.86719467e-02
58.53070 8.82506667e-02
58.73331 8.78314133e-02
58.93662 8.74142933e-02
59.14063 8.69992000e-02
59.34535 8.65861867e-02
59.55078 8.61752000e-02
59.75692 8.57662400e-02
59.96377 8.53593067e-02
60.17134 8.50715200e-02
60.37963 8.48094933e-02
60.58864 8.45483733e-02
60.79837 8.42881067e-02
61.00883 8.40287467e-02
61.22002 8.37702400e-02
61.43194 8.35125867e-02
61.64459 8.32558400e-02
61.85797 8.29999467e-02
62.07210 8.27449067e-02
62.28697 8.24907200e-02
62.50258 8.22373867e-02
62.71894 8.19849067e-02
62.93605 8.17332267e-02
63.15390 8.14824533e-02
63.37252 8.12324800e-02
63.59189 8.09833600e-02
63.81201 8.07350400e-02
64.03290 8.04875733e-02
64.25456 8.02409067e-02
64.47698 7.99950933e-02
64.70017 7.97500800e-02
64.92414 7.95059200e-02
65.14888 7.92625067e-02
65.37440 7.90199467e-02
65.60070 7.87781867e-02
65.82778 7.85371733e-02
66.05565 7.82970133e-02
66.28430 7.80576533e-02
66.51375 7.78190400e-02
66.74400 7.75812267e-02
66.97504 7.73442133e-02
67.20688 7.71080000e-02
67.43952 7.68725333e-02
67.67297 7.66378667e-02
67.90722 7.64039467e-02
68.14229 7.61708267e-02
68.37817 7.59384533e-02
68.61486 7.57068267e-02
68.85238 7.54760000e-02
69.09072 7.52459200e-02
69.32988 7.50165333e-02
69.56987 7.47879467e-02
69.81069 7.45601067e-02
70.05235 7.43359467e-02
70.29484 7.41228267e-02
70.53817 7.39103467e-02
70.78235 7.36985600e-02
71.02737 7.34873600e-02
71.27323 7.32767467e-02
71.51995 7.30668267e-02
71.76752 7.28574933e-02
72.01595 7.26488000e-02
72.26524 7.24406933e-02
72.51539 7.22332267e-02
72.76641 7.20263467e-02
73.01830 7.18201067e-02
73.27106 7.16144533e-02
73.52469 7.14094400e-02
73.77920 7.12050133e-02
74.03460 7.10011733e-02
74.29087 7.07979200e-02
74.54804 7.05953067e-02
74.80609 7.03932800e-02
75.06504 7.01918400e-02
75.32488 6.99909867e-02
75.58563 6.97907200e-02
75.84727 6.95910933e-02
76.10982 6.93920000e-02
76.37328 6.91934933e-02
76.63766 6.89955733e-02
76.90295 6.87982400e-02
77.16915 6.86014933e-02
77.43628 6.84053333e-02
77.70433 6.82097067e-02
77.97331 6.80146667e-02
78.24322 6.78202133e-02
78.51407 6.76263467e-02
78.78585 6.74330133e-02
79.05857 6.72402133e-02
79.33224 6.70480533e-02
79.60686 6.68563733e-02
79.88242 6.66653333e-02
80.15894 6.64556800e-02
80.43642 6.62325333e-02
80.71486 6.60101867e-02
80.99426 6.57885333e-02
81.27463 6.55676267e-02
81.55596 6.53474133e-02
81.83828 6.51280000e-02
82.12157 6.49092800e-02
82.40584 6.46912533e-02
82.69109 6.44740267e-02
82.97733 6.42574400e-02
83.26457 6.40416000e-02
83.55279 6.38265067e-02
83.84202 6.36121067e-02
84.13225 6.33984000e-02
84.42348 6.31854400e-02
84.71572 6.29731200e-02
85.00897 6.27615467e-02
85.30323 6.25506667e-02
85.59852 6.23404800e-02
85.89482 6.21310400e-02
86.19215 6.19222400e-02
86.49052 6.17141333e-02
86.78991 6.15067200e-02
87.09034 6.13000000e-02
87.39181 6.10939733e-02
87.69432 6.08885867e-02
87.99789 6.06838933e-02
88.30250 6.04798933e-02
88.60816 6.02765867e-02
88.91489 6.00739200e-02
89.22267 5.98719467e-02
89.53153 5.96706133e-02
89.84145 5.94699733e-02
90.15244 5.92560000e-02
90.46451 5.90282133e-02
90.77766 5.88013333e-02
91.09190 5.85753067e-02
91.40722 5.83500800e-02
91.72363 5.81257600e-02
92.04114 5.79022400e-02
92.35975 5.76795733e-02
92.67946 5.74577600e-02
93.00028 5.72368000e-02
93.32221 5.70165867e-02
93.64525 5.67972800e-02
93.96941 5.65787733e-02
94.29469 5.63610667e-02
94.62110 5.61442133e-02
94.94864 5.59281600e-02
95.27731 5.57129067e-02
95.60712 5.54984533e-02
95.93807 5.52848533e-02
96.27017 5.50720000e-02
96.60342 5.48600000e-02
96.93782 5.46487467e-02
97.27338 5.44383467e-02
97.61010 5.42286933e-02
97.94798 5.40198400e-02
98.28704 5.38117867e-02
98.62727 5.36044800e-02
98.96867 5.33979733e-02
99.31126 5.31922240e-02
99.65504 5.29872640e-02
100.00000 5.27830720e-02
