        2000  0.100000 3.300000
0.10000 1.40453412e+00
0.10035 1.40436648e+00
0.10069 1.40418564e+00
0.10104 1.40399116e+00
0.10139 1.40378128e+00
0.10174 1.40355512e+00
0.10210 1.40331136e+00
0.10245 1.40305000e+00
0.10280 1.40276972e+00
0.10316 1.40247096e+00
0.10352 1.40215460e+00
0.10387 1.40182020e+00
0.10423 1.40146952e+00
0.10459 1.40110300e+00
0.10496 1.40072196e+00
0.10532 1.40032772e+00
0.10568 1.39992160e+00
0.10605 1.39950580e+00
0.10642 1.39908208e+00
0.10679 1.39865176e+00
0.10716 1.39821748e+00
0.10753 1.39778100e+00
0.10790 1.39734364e+00
0.10827 1.39690760e+00
0.10865 1.39647376e+00
0.10902 1.39604344e+00
0.10940 1.39561708e+00
0.10978 1.39519468e+00
0.11016 1.39477536e+00
0.11054 1.39435868e+00
0.11092 1.39394244e+00
0.11131 1.39352576e+00
0.11169 1.39310688e+00
0.11208 1.39268536e+00
0.11247 1.39225988e+00
0.11286 1.39183044e+00
0.11325 1.39139704e+00
0.11364 1.39095924e+00
0.11403 1.39051792e+00
0.11443 1.39007396e+00
0.11482 1.38962736e+00
0.11522 1.38917988e+00
0.11562 1.38873240e+00
0.11602 1.38828668e+00
0.11642 1.38784404e+00
0.11682 1.38740580e+00
0.11723 1.38697284e+00
0.11763 1.38654516e+00
0.11804 1.38612320e+00
0.11845 1.38570432e+00
0.11886 1.38528676e+00
0.11927 1.38486612e+00
0.11968 1.38443712e+00
0.12010 1.38399316e+00
0.12051 1.38352588e+00
0.12093 1.38302736e+00
0.12135 1.38248748e+00
0.12177 1.38189744e+00
0.12219 1.38124844e+00
0.12262 1.38053212e+00
0.12304 1.37974188e+00
0.12347 1.37887376e+00
0.12389 1.37792424e+00
0.12432 1.37689376e+00
0.12475 1.37578364e+00
0.12518 1.37459828e+00
0.12562 1.37334472e+00
0.12605 1.37203088e+00
0.12649 1.37066732e+00
0.12693 1.36926504e+00
0.12737 1.36783636e+00
0.12781 1.36639492e+00
0.12825 1.36495304e+00
0.12869 1.36352392e+00
0.12914 1.36211944e+00
0.12959 1.36075060e+00
0.13003 1.35942664e+00
0.13048 1.35815592e+00
0.13094 1.35694372e+00
0.13139 1.35579444e+00
0.13184 1.35470940e+00
0.13230 1.35368816e+00
0.13276 1.35272852e+00
0.13322 1.35182652e+00
0.13368 1.35097600e+00
0.13414 1.35017036e+00
0.13461 1.34940168e+00
0.13507 1.34866072e+00
0.13554 1.34793780e+00
0.13601 1.34722324e+00
0.13648 1.34650736e+00
0.13695 1.34578004e+00
0.13743 1.34503204e+00
0.13790 1.34425412e+00
0.13838 1.34343924e+00
0.13886 1.34257992e+00
0.13934 1.34167000e+00
0.13982 1.34070552e+00
0.14031 1.33968208e+00
0.14079 1.33859836e+00
0.14128 1.33745216e+00
0.14177 1.33624436e+00
0.14226 1.33497540e+00
0.14275 1.33364748e+00
0.14324 1.33226280e+00
0.14374 1.33082532e+00
0.14424 1.32933812e+00
0.14474 1.32780560e+00
0.14524 1.32623216e+00
0.14574 1.32462220e+00
0.14625 1.32298056e+00
0.14675 1.32131164e+00
0.14726 1.31961940e+00
0.14777 1.31790824e+00
0.14828 1.31618212e+00
0.14879 1.31444456e+00
0.14931 1.31269952e+00
0.14983 1.31094964e+00
0.15034 1.30919800e+00
0.15087 1.30744812e+00
0.15139 1.30570132e+00
0.15191 1.30396068e+00
0.15244 1.30222796e+00
0.15297 1.30050580e+00
0.15349 1.29879464e+00
0.15403 1.29709756e+00
0.15456 1.29541544e+00
0.15509 1.29375004e+00
0.15563 1.29210268e+00
0.15617 1.29047468e+00
0.15671 1.28886692e+00
0.15725 1.28728116e+00
0.15780 1.28571784e+00
0.15834 1.28417696e+00
0.15889 1.28265984e+00
0.15944 1.28116560e+00
0.15999 1.27969424e+00
0.16055 1.27824400e+00
0.16110 1.27681444e+00
0.16166 1.27540292e+00
0.16222 1.27400680e+00
0.16278 1.27262344e+00
0.16335 1.27124888e+00
0.16391 1.26987828e+00
0.16448 1.26850768e+00
0.16505 1.26713180e+00
0.16562 1.26574448e+00
0.16619 1.26434044e+00
0.16677 1.26291396e+00
0.16734 1.26145844e+00
0.16792 1.25996816e+00
0.16851 1.25843784e+00
0.16909 1.25686176e+00
0.16967 1.25523596e+00
0.17026 1.25355560e+00
0.17085 1.25181716e+00
0.17144 1.25001888e+00
0.17204 1.24815768e+00
0.17263 1.24623356e+00
0.17323 1.24424520e+00
0.17383 1.24219392e+00
0.17443 1.24008104e+00
0.17503 1.23790876e+00
0.17564 1.23567928e+00
0.17625 1.23339700e+00
0.17686 1.23106588e+00
0.17747 1.22868988e+00
0.17808 1.22627428e+00
0.17870 1.22382480e+00
0.17932 1.22134672e+00
0.17994 1.21884532e+00
0.18056 1.21632720e+00
0.18119 1.21379808e+00
0.18182 1.21126412e+00
0.18244 1.20873060e+00
0.18308 1.20620412e+00
0.18371 1.20368952e+00
0.18435 1.20119208e+00
0.18498 1.19871796e+00
0.18562 1.19627112e+00
0.18627 1.19385596e+00
0.18691 1.19147776e+00
0.18756 1.18913916e+00
0.18821 1.18684456e+00
0.18886 1.18459660e+00
0.18951 1.18239748e+00
0.19017 1.18024984e+00
0.19083 1.17815500e+00
0.19149 1.17611472e+00
0.19215 1.17412944e+00
0.19282 1.17219916e+00
0.19348 1.17032388e+00
0.19415 1.16850272e+00
0.19483 1.16673436e+00
0.19550 1.16501748e+00
0.19618 1.16334988e+00
0.19686 1.16172804e+00
0.19754 1.16014976e+00
0.19822 1.15861064e+00
0.19891 1.15710672e+00
0.19960 1.15563404e+00
0.20029 1.15662712e+00
0.20098 1.16109620e+00
0.20168 1.16557496e+00
0.20237 1.17005680e+00
0.20307 1.17453556e+00
0.20378 1.17900376e+00
0.20448 1.18345568e+00
0.20519 1.18788516e+00
0.20590 1.19228604e+00
0.20661 1.19665348e+00
0.20733 1.20098132e+00
0.20805 1.20526604e+00
0.20877 1.20950280e+00
0.20949 1.21368808e+00
0.21021 1.21781880e+00
0.21094 1.22189232e+00
0.21167 1.22590644e+00
0.21240 1.22985940e+00
0.21314 1.23374988e+00
0.21388 1.23757788e+00
0.21462 1.24134296e+00
0.21536 1.24504512e+00
0.21611 1.24868568e+00
0.21685 1.25226552e+00
0.21760 1.25578596e+00
0.21836 1.25924920e+00
0.21911 1.26265744e+00
0.21987 1.26601288e+00
0.22063 1.26552228e+00
0.22140 1.26421196e+00
0.22216 1.26284752e+00
0.22293 1.26143072e+00
0.22370 1.25996464e+00
0.22448 1.25845192e+00
0.22526 1.25689432e+00
0.22604 1.25529624e+00
0.22682 1.25365988e+00
0.22760 1.25198920e+00
0.22839 1.25028772e+00
0.22918 1.24855852e+00
0.22998 1.24680600e+00
0.23077 1.24503368e+00
0.23157 1.24324552e+00
0.23237 1.24144592e+00
0.23318 1.23963840e+00
0.23398 1.23782692e+00
0.23479 1.23601588e+00
0.23561 1.23420924e+00
0.23642 1.23241096e+00
0.23724 1.23062500e+00
0.23806 1.22885532e+00
0.23889 1.22710544e+00
0.23971 1.22537932e+00
0.24054 1.22294084e+00
0.24137 1.22013540e+00
0.24221 1.21735944e+00
0.24305 1.21461560e+00
0.24389 1.21190784e+00
0.24473 1.20923880e+00
0.24558 1.20661200e+00
0.24643 1.20402964e+00
0.24728 1.20149436e+00
0.24814 1.19900880e+00
0.24900 1.19657516e+00
0.24986 1.19419476e+00
0.25073 1.19186980e+00
0.25159 1.18960160e+00
0.25246 1.18739148e+00
0.25334 1.18523988e+00
0.25422 1.18314812e+00
0.25510 1.18111576e+00
0.25598 1.17914324e+00
0.25687 1.17723012e+00
0.25775 1.17537640e+00
0.25865 1.17358032e+00
0.25954 1.17184144e+00
0.26044 1.16941264e+00
0.26134 1.16626268e+00
0.26225 1.16316860e+00
0.26315 1.16012820e+00
0.26406 1.15713884e+00
0.26498 1.15419788e+00
0.26590 1.15130312e+00
0.26682 1.14845060e+00
0.26774 1.14563680e+00
0.26867 1.14285820e+00
0.26960 1.14011128e+00
0.27053 1.13739120e+00
0.27147 1.13469400e+00
0.27241 1.13201484e+00
0.27335 1.12934976e+00
0.27430 1.12669348e+00
0.27525 1.12404160e+00
0.27620 1.12138928e+00
0.27715 1.11873212e+00
0.27811 1.11606440e+00
0.27908 1.11338260e+00
0.28004 1.11065416e+00
0.28101 1.10730268e+00
0.28198 1.10392128e+00
0.28296 1.10050600e+00
0.28394 1.09705200e+00
0.28492 1.09355576e+00
0.28591 1.09001376e+00
0.28690 1.08642248e+00
0.28789 1.08277840e+00
0.28889 1.07907932e+00
0.28989 1.07532260e+00
0.29089 1.07150604e+00
0.29190 1.06762832e+00
0.29291 1.06368768e+00
0.29392 1.05968368e+00
0.29494 1.05561588e+00
0.29596 1.05148384e+00
0.29699 1.04728756e+00
0.29801 1.04302792e+00
0.29905 1.03870580e+00
0.30008 1.03431020e+00
0.30112 1.02970296e+00
0.30216 1.02503852e+00
0.30321 1.02031820e+00
0.30426 1.01554508e+00
0.30531 1.01072180e+00
0.30637 1.00585144e+00
0.30743 1.00093708e+00
0.30849 9.95982240e-01
0.30956 9.90991320e-01
0.31063 9.85966960e-01
0.31171 9.80914000e-01
0.31279 9.75835960e-01
0.31387 9.70737240e-01
0.31496 9.65622240e-01
0.31605 9.60494920e-01
0.31714 9.55359680e-01
0.31824 9.50220920e-01
0.31934 9.45082600e-01
0.32044 9.39304080e-01
0.32155 9.32575160e-01
0.32267 9.25862520e-01
0.32378 9.19171880e-01
0.32490 9.12506760e-01
0.32603 9.05872440e-01
0.32716 8.99272880e-01
0.32829 8.92712040e-01
0.32943 8.86194320e-01
0.33057 8.79723680e-01
0.33171 8.73303640e-01
0.33286 8.66937280e-01
0.33401 8.60628120e-01
0.33517 8.54379240e-01
0.33633 8.48193280e-01
0.33749 8.42073320e-01
0.33866 8.36020680e-01
0.33983 8.30038440e-01
0.34101 8.22470880e-01
0.34219 8.14725560e-01
0.34337 8.07080120e-01
0.34456 7.99536320e-01
0.34576 7.92094600e-01
0.34695 7.84756280e-01
0.34815 7.77520920e-01
0.34936 7.70388960e-01
0.35057 7.63359520e-01
0.35178 7.56432160e-01
0.35300 7.49605560e-01
0.35422 7.42878400e-01
0.35545 7.36249360e-01
0.35668 7.29716240e-01
0.35791 7.23276840e-01
0.35915 7.16928960e-01
0.36039 7.10524320e-01
0.36164 7.03896160e-01
0.36289 6.97358200e-01
0.36415 6.90906480e-01
0.36541 6.84537040e-01
0.36668 6.78245920e-01
0.36795 6.72028280e-01
0.36922 6.65880160e-01
0.37050 6.59797160e-01
0.37178 6.53774000e-01
0.37307 6.47807160e-01
0.37436 6.41890920e-01
0.37565 6.36021760e-01
0.37695 6.30194840e-01
0.37826 6.24405760e-01
0.37957 6.18650120e-01
0.38088 6.13021200e-01
0.38220 6.07461360e-01
0.38352 6.01918240e-01
0.38485 5.96388320e-01
0.38618 5.90867640e-01
0.38752 5.85352680e-01
0.38886 5.79840360e-01
0.39021 5.74328040e-01
0.39156 5.68812640e-01
0.39291 5.63291960e-01
0.39427 5.57764240e-01
0.39564 5.52226840e-01
0.39701 5.46678880e-01
0.39838 5.41118600e-01
0.39976 5.35545560e-01
0.40115 5.30322760e-01
0.40253 5.25155840e-01
0.40393 5.19968240e-01
0.40533 5.14759520e-01
0.40673 5.09530560e-01
0.40814 5.04281360e-01
0.40955 4.99013240e-01
0.41097 4.93727520e-01
0.41239 4.88424640e-01
0.41382 4.83106360e-01
0.41525 4.77774880e-01
0.41669 4.72431080e-01
0.41813 4.67077160e-01
0.41958 4.61715320e-01
0.42103 4.56550160e-01
0.42249 4.51459800e-01
0.42395 4.46363280e-01
0.42542 4.41262360e-01
0.42689 4.36159504e-01
0.42837 4.31057440e-01
0.42985 4.25958500e-01
0.43134 4.20865192e-01
0.43283 4.15779892e-01
0.43433 4.10705196e-01
0.43583 4.05643392e-01
0.43734 4.00596988e-01
0.43886 3.95568272e-01
0.44037 3.90559576e-01
0.44190 3.85573056e-01
0.44343 3.80611000e-01
0.44496 3.75675432e-01
0.44650 3.70768376e-01
0.44805 3.65891768e-01
0.44960 3.61047500e-01
0.45116 3.56371972e-01
0.45272 3.51775424e-01
0.45429 3.47212360e-01
0.45586 3.42684276e-01
0.45744 3.38192580e-01
0.45902 3.33738548e-01
0.46061 3.29323500e-01
0.46220 3.24948536e-01
0.46380 3.20614756e-01
0.46541 3.16323040e-01
0.46702 3.12074356e-01
0.46864 3.07869496e-01
0.47026 3.03709208e-01
0.47189 2.99594108e-01
0.47352 2.95524812e-01
0.47516 2.91501848e-01
0.47680 2.87525568e-01
0.47845 2.83596412e-01
0.48011 2.79714688e-01
0.48177 2.75880572e-01
0.48344 2.72094372e-01
0.48511 2.68356088e-01
0.48679 2.64665852e-01
0.48848 2.61023708e-01
0.49017 2.57429612e-01
0.49186 2.53883476e-01
0.49357 2.50385256e-01
0.49528 2.46934732e-01
0.49699 2.43531728e-01
0.49871 2.40176024e-01
0.50044 2.36794712e-01
0.50217 2.33249632e-01
0.50391 2.29757484e-01
0.50565 2.26317828e-01
0.50740 2.22930136e-01
0.50916 2.19594012e-01
0.51092 2.16308972e-01
0.51269 2.13074400e-01
0.51446 2.09889812e-01
0.51625 2.06754680e-01
0.51803 2.03668432e-01
0.51983 2.00630452e-01
0.52163 1.97640212e-01
0.52343 1.94697008e-01
0.52524 1.91800356e-01
0.52706 1.88949596e-01
0.52889 1.86144112e-01
0.53072 1.83383244e-01
0.53255 1.80666420e-01
0.53440 1.77992980e-01
0.53625 1.75362308e-01
0.53810 1.72773744e-01
0.53997 1.70226716e-01
0.54183 1.67720520e-01
0.54371 1.65254628e-01
0.54559 1.62828292e-01
0.54748 1.60440984e-01
0.54938 1.58092044e-01
0.55128 1.55808312e-01
0.55319 1.53574124e-01
0.55510 1.51375400e-01
0.55702 1.49211480e-01
0.55895 1.47081880e-01
0.56089 1.44986028e-01
0.56283 1.42923308e-01
0.56478 1.40893148e-01
0.56673 1.38895108e-01
0.56869 1.36928528e-01
0.57066 1.34992968e-01
0.57264 1.33087812e-01
0.57462 1.31212620e-01
0.57661 1.29366864e-01
0.57860 1.27549972e-01
0.58061 1.25761504e-01
0.58262 1.24000976e-01
0.58463 1.22267860e-01
0.58666 1.20561716e-01
0.58869 1.18882060e-01
0.59073 1.17228452e-01
0.59277 1.15600408e-01
0.59482 1.13997488e-01
0.59688 1.12419252e-01
0.59895 1.10865260e-01
0.60102 1.09294636e-01
0.60310 1.07707380e-01
0.60519 1.06145424e-01
0.60728 1.04608372e-01
0.60939 1.03095784e-01
0.61150 1.01607176e-01
0.61361 1.00142152e-01
0.61574 9.87002280e-02
0.61787 9.72810960e-02
0.62001 9.58842280e-02
0.62215 9.45093160e-02
0.62431 9.31559200e-02
0.62647 9.18236440e-02
0.62864 9.05121800e-02
0.63081 8.92210880e-02
0.63300 8.79500160e-02
0.63519 8.66986560e-02
0.63739 8.54666560e-02
0.63959 8.42536200e-02
0.64181 8.30592400e-02
0.64403 8.18832080e-02
0.64626 8.07251720e-02
0.64849 7.95848680e-02
0.65074 7.85353800e-02
0.65299 7.76492200e-02
0.65525 7.67742360e-02
0.65752 7.59102960e-02
0.65980 7.50572240e-02
0.66208 7.42148000e-02
0.66437 7.33829360e-02
0.66667 7.25614560e-02
0.66898 7.17501840e-02
0.67130 7.09489440e-02
0.67362 7.01576480e-02
0.67595 6.93760760e-02
0.67829 6.86041400e-02
0.68064 6.78416640e-02
0.68299 6.70885160e-02
0.68536 6.63445640e-02
0.68773 6.56096760e-02
0.69011 6.48837200e-02
0.69250 6.41665640e-02
0.69490 6.34580320e-02
0.69730 6.27580800e-02
0.69972 6.20665320e-02
0.70214 6.13730040e-02
0.70457 6.06864720e-02
0.70701 6.00081680e-02
0.70946 5.93380480e-02
0.71191 5.86759360e-02
0.71438 5.80217000e-02
0.71685 5.73752960e-02
0.71933 5.67365920e-02
0.72182 5.61055000e-02
0.72432 5.54818880e-02
0.72683 5.48656680e-02
0.72934 5.42567080e-02
0.73187 5.36549640e-02
0.73440 5.30603040e-02
0.73694 5.24726400e-02
0.73949 5.18918840e-02
0.74205 5.13179480e-02
0.74462 5.07507000e-02
0.74720 5.01901400e-02
0.74979 4.96360920e-02
0.75238 4.91164960e-02
0.75499 4.86052160e-02
0.75760 4.80995680e-02
0.76022 4.75995080e-02
0.76285 4.71049480e-02
0.76549 4.66158880e-02
0.76814 4.61321960e-02
0.77080 4.56537840e-02
0.77347 4.51806520e-02
0.77615 4.47127120e-02
0.77884 4.42498760e-02
0.78153 4.37921044e-02
0.78424 4.33393268e-02
0.78695 4.28914904e-02
0.78968 4.24485292e-02
0.79241 4.20103860e-02
0.79515 4.15769992e-02
0.79790 4.11483160e-02
0.80067 4.07574948e-02
0.80344 4.04743856e-02
0.80622 4.01934808e-02
0.80901 3.99147540e-02
0.81181 3.96381876e-02
0.81462 3.93637596e-02
0.81744 3.90914524e-02
0.82027 3.88212396e-02
0.82311 3.85531080e-02
0.82596 3.82870312e-02
0.82882 3.80229960e-02
0.83169 3.77609804e-02
0.83457 3.75009624e-02
0.83745 3.72429288e-02
0.84035 3.69868620e-02
0.84326 3.67327356e-02
0.84618 3.64805408e-02
0.84911 3.62302556e-02
0.85205 3.59818668e-02
0.85500 3.57353524e-02
0.85796 3.54906948e-02
0.86093 3.52478808e-02
0.86391 3.50068928e-02
0.86690 3.47677176e-02
0.86990 3.45303376e-02
0.87291 3.42947308e-02
0.87593 3.40608928e-02
0.87897 3.38287972e-02
0.88201 3.35984352e-02
0.88506 3.33697936e-02
0.88813 3.31428504e-02
0.89120 3.29175968e-02
0.89428 3.26940196e-02
0.89738 3.24721012e-02
0.90049 3.22641924e-02
0.90360 3.21241448e-02
0.90673 3.19848584e-02
0.90987 3.18463376e-02
0.91302 3.17085736e-02
0.91618 3.15715576e-02
0.91935 3.14352852e-02
0.92253 3.12997520e-02
0.92573 3.11649492e-02
0.92893 3.10308812e-02
0.93215 3.08975304e-02
0.93537 3.07649012e-02
0.93861 3.06329848e-02
0.94186 3.05017724e-02
0.94512 3.03712640e-02
0.94839 3.02414552e-02
0.95168 3.01123372e-02
0.95497 2.99839100e-02
0.95828 2.98561648e-02
0.96159 2.97290972e-02
0.96492 2.96027028e-02
0.96826 2.94769772e-02
0.97161 2.93519204e-02
0.97498 2.92275192e-02
0.97835 2.91037780e-02
0.98174 2.89806836e-02
0.98514 2.88582404e-02
0.98855 2.87364396e-02
0.99197 2.86152768e-02
0.99540 2.84947476e-02
0.99885 2.83748520e-02
1.00231 2.81948920e-02
1.00578 2.79860680e-02
1.00926 2.77788720e-02
1.01275 2.75732908e-02
1.01626 2.73693156e-02
1.01978 2.71669332e-02
1.02330 2.69661304e-02
1.02685 2.67668896e-02
1.03040 2.65692020e-02
1.03397 2.63730544e-02
1.03755 2.61784292e-02
1.04114 2.59853264e-02
1.04474 2.57937196e-02
1.04836 2.56036044e-02
1.05199 2.54149676e-02
1.05563 2.52277960e-02
1.05928 2.50420808e-02
1.06295 2.48578044e-02
1.06663 2.46749624e-02
1.07032 2.44935328e-02
1.07403 2.43135156e-02
1.07775 2.41348932e-02
1.08148 2.39576524e-02
1.08522 2.37817888e-02
1.08898 2.36072848e-02
1.09275 2.34341316e-02
1.09653 2.32623204e-02
1.10032 2.30858364e-02
1.10413 2.28470440e-02
1.10796 2.26108168e-02
1.11179 2.23771196e-02
1.11564 2.21459304e-02
1.11950 2.19172184e-02
1.12338 2.16909572e-02
1.12726 2.14671204e-02
1.13117 2.12456772e-02
1.13508 2.10266012e-02
1.13901 2.08098704e-02
1.14295 2.05954584e-02
1.14691 2.03833344e-02
1.15088 2.01734764e-02
1.15487 1.99658580e-02
1.15886 1.97604572e-02
1.16287 1.95572476e-02
1.16690 1.93562028e-02
1.17094 1.91573052e-02
1.17499 1.89605196e-02
1.17906 1.87658328e-02
1.18314 1.85732228e-02
1.18724 1.83826544e-02
1.19135 1.81941188e-02
1.19547 1.80075852e-02
1.19961 1.78230316e-02
1.20376 1.75958904e-02
1.20793 1.73671212e-02
1.21211 1.71413836e-02
1.21630 1.69186424e-02
1.22052 1.66988492e-02
1.22474 1.64819688e-02
1.22898 1.62679616e-02
1.23323 1.60567880e-02
1.23750 1.58484128e-02
1.24179 1.56427920e-02
1.24609 1.54398904e-02
1.25040 1.52396728e-02
1.25473 1.50421040e-02
1.25907 1.48471488e-02
1.26343 1.46547676e-02
1.26780 1.44649296e-02
1.27219 1.42775996e-02
1.27659 1.40927424e-02
1.28101 1.39103272e-02
1.28545 1.37303144e-02
1.28990 1.35526820e-02
1.29436 1.33773904e-02
1.29884 1.32044132e-02
1.30334 1.30257160e-02
1.30785 1.28467284e-02
1.31238 1.26702224e-02
1.31692 1.24961628e-02
1.32148 1.23245144e-02
1.32605 1.21552464e-02
1.33064 1.19883236e-02
1.33525 1.18237108e-02
1.33987 1.16613816e-02
1.34451 1.15013008e-02
1.34916 1.13434376e-02
1.35383 1.11877612e-02
1.35852 1.10342408e-02
1.36322 1.08828500e-02
1.36794 1.07335492e-02
1.37268 1.05863208e-02
1.37743 1.04411252e-02
1.38220 1.02979448e-02
1.38698 1.01567444e-02
1.39178 1.00174976e-02
1.39660 9.88017800e-03
1.40144 9.75828480e-03
1.40629 9.66968200e-03
1.41115 9.58192400e-03
1.41604 9.49500640e-03
1.42094 9.40891600e-03
1.42586 9.32365280e-03
1.43080 9.23919920e-03
1.43575 9.15555080e-03
1.44072 9.07270320e-03
1.44571 8.99063880e-03
1.45071 8.90935760e-03
1.45573 8.82885080e-03
1.46077 8.74910960e-03
1.46583 8.67012080e-03
1.47090 8.59188440e-03
1.47599 8.51439160e-03
1.48110 8.43763360e-03
1.48623 8.36159720e-03
1.49137 8.28628680e-03
1.49654 8.21168480e-03
1.50172 8.14468600e-03
1.50692 8.09210600e-03
1.51213 8.03989120e-03
1.51737 7.98803720e-03
1.52262 7.93654840e-03
1.52789 7.88541600e-03
1.53318 7.83464000e-03
1.53849 7.78421600e-03
1.54381 7.73413960e-03
1.54916 7.68441520e-03
1.55452 7.63503400e-03
1.55990 7.58599160e-03
1.56530 7.53729240e-03
1.57072 7.48893200e-03
1.57615 7.44090160e-03
1.58161 7.39320560e-03
1.58709 7.34583520e-03
1.59258 7.29879480e-03
1.59809 7.25208000e-03
1.60362 7.21581080e-03
1.60918 7.18505920e-03
1.61475 7.15446160e-03
1.62034 7.12400920e-03
1.62594 7.09370640e-03
1.63157 7.06354880e-03
1.63722 7.03353640e-03
1.64289 7.00366920e-03
1.64857 6.97394720e-03
1.65428 6.94437040e-03
1.66001 6.91493000e-03
1.66575 6.88563920e-03
1.67152 6.85648480e-03
1.67731 6.82747120e-03
1.68311 6.79859840e-03
1.68894 6.76986200e-03
1.69478 6.74126200e-03
1.70065 6.71426360e-03
1.70654 6.69905280e-03
1.71245 6.68389480e-03
1.71837 6.66879400e-03
1.72432 6.65374160e-03
1.73029 6.63874200e-03
1.73628 6.62379520e-03
1.74229 6.60890120e-03
1.74832 6.59406000e-03
1.75437 6.57926720e-03
1.76045 6.56452720e-03
1.76654 6.54983560e-03
1.77266 6.53519240e-03
1.77879 6.52060640e-03
1.78495 6.50606440e-03
1.79113 6.49157520e-03
1.79733 6.47713000e-03
1.80355 6.45102480e-03
1.80979 6.41625600e-03
1.81606 6.38169840e-03
1.82234 6.34734320e-03
1.82865 6.31319920e-03
1.83498 6.27925760e-03
1.84133 6.24551400e-03
1.84771 6.21197720e-03
1.85410 6.17863400e-03
1.86052 6.14549320e-03
1.86696 6.11255040e-03
1.87342 6.07980120e-03
1.87991 6.04724560e-03
1.88642 6.01488360e-03
1.89295 5.98271080e-03
1.89950 5.95073160e-03
1.90607 5.90882600e-03
1.91267 5.86640560e-03
1.91929 5.82429760e-03
1.92594 5.78250640e-03
1.93260 5.74102760e-03
1.93929 5.69985680e-03
1.94601 5.65898960e-03
1.95274 5.61843040e-03
1.95950 5.57817040e-03
1.96629 5.53820960e-03
1.97309 5.49854800e-03
1.97992 5.45918120e-03
1.98678 5.42010480e-03
1.99365 5.38131880e-03
2.00055 5.34208400e-03
2.00748 5.29480160e-03
2.01443 5.24794160e-03
2.02140 5.20151280e-03
2.02840 5.15550200e-03
2.03542 5.10990920e-03
2.04247 5.06473440e-03
2.04954 5.01996440e-03
2.05663 4.97559920e-03
2.06375 4.93163880e-03
2.07090 4.88807880e-03
2.07806 4.84491040e-03
2.08526 4.80213360e-03
2.09247 4.75974400e-03
2.09972 4.71773720e-03
2.10699 4.67611320e-03
2.11428 4.63486320e-03
2.12160 4.59398280e-03
2.12894 4.55347640e-03
2.13631 4.51333520e-03
2.14371 4.47355480e-03
2.15113 4.43413520e-03
2.15857 4.39507024e-03
2.16605 4.35635816e-03
2.17354 4.31799544e-03
2.18107 4.27997812e-03
2.18862 4.24230356e-03
2.19619 4.20496824e-03
2.20380 4.17359844e-03
2.21143 4.14808680e-03
2.21908 4.12273840e-03
2.22676 4.09755236e-03
2.23447 4.07252736e-03
2.24220 4.04766252e-03
2.24997 4.02295652e-03
2.25775 3.99840848e-03
2.26557 3.97401708e-03
2.27341 3.94978144e-03
2.28128 3.92570024e-03
2.28918 3.90177304e-03
2.29710 3.87799808e-03
2.30505 3.85437448e-03
2.31303 3.83090136e-03
2.32104 3.80757784e-03
2.32908 3.78440260e-03
2.33714 3.76137476e-03
2.34523 3.73849300e-03
2.35335 3.71575688e-03
2.36149 3.69316464e-03
2.36967 3.67071628e-03
2.37787 3.64841004e-03
2.38610 3.62624548e-03
2.39436 3.60422128e-03
2.40265 3.58300932e-03
2.41097 3.56335540e-03
2.41931 3.54381500e-03
2.42769 3.52438724e-03
2.43609 3.50507124e-03
2.44452 3.48586700e-03
2.45298 3.46677276e-03
2.46148 3.44778896e-03
2.47000 3.42891384e-03
2.47855 3.41014784e-03
2.48713 3.39148920e-03
2.49574 3.37293792e-03
2.50438 3.35449312e-03
2.51304 3.33615436e-03
2.52174 3.31792076e-03
2.53047 3.29979144e-03
2.53923 3.28176596e-03
2.54802 3.26384388e-03
2.55684 3.24602432e-03
2.56569 3.22830684e-03
2.57457 3.21069012e-03
2.58349 3.19317460e-03
2.59243 3.17575896e-03
2.60140 3.15902268e-03
2.61041 3.14549928e-03
2.61944 3.13203836e-03
2.62851 3.11863992e-03
2.63761 3.10530308e-03
2.64674 3.09202740e-03
2.65590 3.07881332e-03
2.66510 3.06565952e-03
2.67432 3.05256688e-03
2.68358 3.03953408e-03
2.69287 3.02656112e-03
2.70219 3.01364800e-03
2.71154 3.00079384e-03
2.72093 2.98799864e-03
2.73035 2.97526196e-03
2.73980 2.96258380e-03
2.74928 2.94996328e-03
2.75880 2.93740084e-03
2.76835 2.92489560e-03
2.77793 2.91244756e-03
2.78755 2.90005628e-03
2.79720 2.88772132e-03
2.80688 2.87504976e-03
2.81660 2.86227744e-03
2.82635 2.84956584e-03
2.83613 2.83691408e-03
2.84595 2.82432172e-03
2.85580 2.81178920e-03
2.86569 2.79931520e-03
2.87561 2.78690016e-03
2.88556 2.77454320e-03
2.89555 2.76224476e-03
2.90557 2.75000396e-03
2.91563 2.73782036e-03
2.92572 2.72569440e-03
2.93585 2.71362476e-03
2.94601 2.70161188e-03
2.95621 2.68965532e-03
2.96644 2.67775508e-03
2.97671 2.66590984e-03
2.98702 2.65412048e-03
2.99736 2.64238612e-03
3.00773 2.63137820e-03
3.01814 2.62064880e-03
3.02859 2.60996560e-03
3.03907 2.59932904e-03
3.04960 2.58873912e-03
3.06015 2.57819452e-03
3.07074 2.56769612e-03
3.08137 2.55724304e-03
3.09204 2.54683528e-03
3.10274 2.53647240e-03
3.11348 2.52615440e-03
3.12426 2.51588128e-03
3.13508 2.50565260e-03
3.14593 2.49546792e-03
3.15682 2.48532724e-03
3.16775 2.47523012e-03
3.17871 2.46517700e-03
3.18972 2.45516700e-03
3.20076 2.44520012e-03
3.21184 2.43527592e-03
3.22295 2.42539484e-03
3.23411 2.41555600e-03
3.24531 2.40575940e-03
3.25654 2.39600460e-03
3.26781 2.38629204e-03
3.27912 2.37662128e-03
3.29047 2.36699188e-03
3.30187 2.35740340e-03
3.31330 2.34785628e-03
3.32476 2.33835008e-03
3.33627 2.32888436e-03
3.34782 2.31945912e-03
3.35941 2.31007436e-03
3.37104 2.30072964e-03
3.38271 2.29142452e-03
3.39442 2.28215944e-03
3.40617 2.27293352e-03
3.41796 2.26374720e-03
3.42979 2.25460004e-03
3.44166 2.24549160e-03
3.45358 2.23642188e-03
3.46553 2.22739088e-03
3.47753 2.21839860e-03
3.48957 2.20944416e-03
3.50164 2.20062700e-03
3.51377 2.19247644e-03
3.52593 2.18435800e-03
3.53814 2.17627168e-03
3.55038 2.16821704e-03
3.56267 2.16019408e-03
3.57500 2.15220236e-03
3.58738 2.14424232e-03
3.59980 2.13631308e-03
3.61226 2.12841552e-03
3.62476 2.12054832e-03
3.63731 2.11271236e-03
3.64990 2.10490676e-03
3.66254 2.09713196e-03
3.67521 2.08938708e-03
3.68794 2.08167300e-03
3.70070 2.07398884e-03
3.71351 2.06633460e-03
3.72637 2.05870984e-03
3.73927 2.05111544e-03
3.75221 2.04355008e-03
3.76520 2.03601464e-03
3.77823 2.02850824e-03
3.79131 2.02103088e-03
3.80443 2.01358256e-03
3.81760 2.00616372e-03
3.83082 1.99877304e-03
3.84408 1.99141140e-03
3.85739 1.98407836e-03
3.87074 1.97677348e-03
3.88414 1.96949676e-03
3.89758 1.96224864e-03
3.91107 1.95502824e-03
3.92461 1.94783600e-03
3.93820 1.94067148e-03
3.95183 1.93353424e-03
3.96551 1.92642516e-03
3.97924 1.91934336e-03
3.99301 1.91228884e-03
4.00683 1.90595636e-03
4.02070 1.90035604e-03
4.03462 1.89477376e-03
4.04859 1.88920864e-03
4.06260 1.88366112e-03
4.07667 1.87813164e-03
4.09078 1.87261888e-03
4.10494 1.86712416e-03
4.11915 1.86164616e-03
4.13341 1.85618576e-03
4.14771 1.85074252e-03
4.16207 1.84531600e-03
4.17648 1.83990664e-03
4.19094 1.83451444e-03
4.20545 1.82913896e-03
4.22000 1.82378064e-03
4.23461 1.81843904e-03
4.24927 1.81311372e-03
4.26398 1.80780556e-03
4.27874 1.80251368e-03
4.29355 1.79723808e-03
4.30841 1.79197920e-03
4.32332 1.78673704e-03
4.33829 1.78151072e-03
4.35331 1.77630112e-03
4.36838 1.77110736e-03
4.38350 1.76592988e-03
4.39867 1.76076824e-03
4.41390 1.75562288e-03
4.42918 1.75049380e-03
4.44451 1.74538012e-03
4.45990 1.74028228e-03
4.47533 1.73520072e-03
4.49083 1.73013456e-03
4.50637 1.73089136e-03
4.52197 1.74006492e-03
4.53762 1.74928820e-03
4.55333 1.75856120e-03
4.56909 1.76788392e-03
4.58491 1.77725680e-03
4.60078 1.78668072e-03
4.61670 1.79615480e-03
4.63269 1.80568036e-03
4.64872 1.81525696e-03
4.66481 1.82488504e-03
4.68096 1.83456504e-03
4.69717 1.84429740e-03
4.71343 1.85408212e-03
4.72974 1.86391920e-03
4.74611 1.87380952e-03
4.76254 1.88375308e-03
4.77903 1.89374988e-03
4.79557 1.90380080e-03
4.81217 1.91390584e-03
4.82883 1.92406500e-03
4.84555 1.93427872e-03
4.86232 1.94454788e-03
4.87915 1.95487204e-03
4.89604 1.96525164e-03
4.91299 1.97568712e-03
4.92999 1.98617892e-03
4.94706 1.99672704e-03
4.96418 2.00733192e-03
4.98137 2.01799356e-03
4.99861 2.02871284e-03
5.01591 2.03618668e-03
5.03328 2.04339916e-03
5.05070 2.05063760e-03
5.06818 2.05790244e-03
5.08573 2.06519324e-03
5.10333 2.07251088e-03
5.12100 2.07985448e-03
5.13873 2.08722492e-03
5.15651 2.09462220e-03
5.17436 2.10204632e-03
5.19228 2.10949684e-03
5.21025 2.11697464e-03
5.22828 2.12447928e-03
5.24638 2.13201120e-03
5.26454 2.13956996e-03
5.28277 2.14715644e-03
5.30105 2.15477020e-03
5.31940 2.16241124e-03
5.33782 2.17008000e-03
5.35629 2.17777648e-03
5.37484 2.18550068e-03
5.39344 2.19325260e-03
5.41211 2.20103268e-03
5.43084 2.20884092e-03
5.44965 2.21667688e-03
5.46851 2.22454144e-03
5.48744 2.23243460e-03
5.50643 2.23481236e-03
5.52550 2.22637888e-03
5.54462 2.21797708e-03
5.56381 2.20960652e-03
5.58308 2.20126720e-03
5.60240 2.19295868e-03
5.62179 2.18468096e-03
5.64125 2.17643404e-03
5.66078 2.16821792e-03
5.68038 2.16003216e-03
5.70004 2.15187632e-03
5.71977 2.14375128e-03
5.73957 2.13565660e-03
5.75944 2.12759140e-03
5.77938 2.11955656e-03
5.79938 2.11155120e-03
5.81946 2.10357576e-03
5.83960 2.09562980e-03
5.85982 2.08771332e-03
5.88010 2.07982632e-03
5.90045 2.07196836e-03
5.92088 2.06413944e-03
5.94137 2.05633956e-03
5.96194 2.04856872e-03
5.98258 2.04082692e-03
6.00329 2.03325144e-03
6.02407 2.02643188e-03
6.04492 2.01963388e-03
6.06585 2.01285788e-03
6.08684 2.00610300e-03
6.10791 1.99936968e-03
6.12906 1.99265748e-03
6.15027 1.98596684e-03
6.17156 1.97929688e-03
6.19293 1.97264848e-03
6.21436 1.96602120e-03
6.23588 1.95941504e-03
6.25746 1.95282956e-03
6.27912 1.94626520e-03
6.30086 1.93972152e-03
6.32267 1.93319852e-03
6.34455 1.92669620e-03
6.36652 1.92021456e-03
6.38856 1.91375360e-03
6.41067 1.90731332e-03
6.43286 1.90089328e-03
6.45513 1.89449348e-03
6.47747 1.88811392e-03
6.49990 1.88175504e-03
6.52240 1.88818608e-03
6.54497 1.89469456e-03
6.56763 1.90122020e-03
6.59037 1.90776432e-03
6.61318 1.91432604e-03
6.63607 1.92090580e-03
6.65904 1.92750360e-03
6.68209 1.93411944e-03
6.70522 1.94075332e-03
6.72843 1.94740524e-03
6.75172 1.95407564e-03
6.77510 1.96076452e-03
6.79855 1.96747100e-03
6.82208 1.97419640e-03
6.84570 1.98093984e-03
6.86939 1.98770176e-03
6.89317 1.99448260e-03
6.91704 2.00128148e-03
6.94098 2.00809928e-03
6.96500 2.01493556e-03
6.98911 2.02179032e-03
7.01331 2.03961516e-03
7.03759 2.06667868e-03
7.06195 2.09408584e-03
7.08639 2.12184104e-03
7.11092 2.14994824e-03
7.13554 2.17841228e-03
7.16024 2.20723712e-03
7.18502 2.23642716e-03
7.20990 2.26598768e-03
7.23485 2.29592264e-03
7.25990 2.32623732e-03
7.28503 2.35693612e-03
7.31025 2.38802388e-03
7.33555 2.41950544e-03
7.36094 2.45138564e-03
7.38642 2.48366976e-03
7.41199 2.51636308e-03
7.43765 2.54947000e-03
7.46340 2.58299668e-03
7.48923 2.61694752e-03
7.51516 2.78455892e-03
7.54117 3.06802892e-03
7.56727 3.38022124e-03
7.59347 3.72403592e-03
7.61975 4.10266736e-03
7.64613 4.51963160e-03
7.67260 4.97879800e-03
7.69916 5.48442840e-03
7.72581 6.04121320e-03
7.75255 6.65431800e-03
7.77939 7.32941880e-03
7.80632 8.07278120e-03
7.83334 8.89128240e-03
7.86046 9.79250800e-03
7.88767 1.07847916e-02
7.91497 1.18773072e-02
7.94237 1.30801572e-02
7.96986 1.44044340e-02
7.99745 1.58623476e-02
8.02513 1.79501696e-02
8.05291 2.03683480e-02
8.08079 2.31111320e-02
8.10876 2.62216504e-02
8.13683 2.97485276e-02
8.16500 3.37465172e-02
8.19326 3.82771224e-02
8.22162 4.12587736e-02
8.25008 4.37699064e-02
8.27864 4.64314400e-02
8.30730 4.92518840e-02
8.33605 5.22402760e-02
8.36491 5.54061200e-02
8.39386 5.87592720e-02
8.42292 6.17849320e-02
8.45208 6.48154760e-02
8.48133 6.79910880e-02
8.51069 7.13185880e-02
8.54016 7.48052800e-02
8.56972 7.84589960e-02
8.59938 8.22882280e-02
8.62915 8.62374040e-02
8.65902 9.03818520e-02
8.68899 9.47358720e-02
8.71907 9.93139400e-02
8.74925 1.04132556e-01
8.77954 1.09210376e-01
8.80993 1.13610068e-01
8.84043 1.16166204e-01
8.87103 1.18774260e-01
8.90174 1.21429836e-01
8.93255 1.24128092e-01
8.96347 1.26863704e-01
8.99450 1.29630732e-01
9.02563 1.30238152e-01
9.05688 1.30361528e-01
9.08823 1.30466292e-01
9.11969 1.30551828e-01
9.15126 1.30617564e-01
9.18294 1.30662972e-01
9.21472 1.30742260e-01
9.24662 1.30869640e-01
9.27863 1.30983160e-01
9.31075 1.31082512e-01
9.34298 1.31167388e-01
9.37532 1.31237524e-01
9.40777 1.31227140e-01
9.44034 1.30992840e-01
9.47302 1.30742216e-01
9.50581 1.30475180e-01
9.53871 1.30191644e-01
9.57173 1.29891520e-01
9.60487 1.29476820e-01
9.63811 1.28481584e-01
9.67148 1.27479704e-01
9.70495 1.26471444e-01
9.73855 1.25456936e-01
9.77226 1.24436400e-01
9.80609 1.23394524e-01
9.84003 1.22281940e-01
9.87409 1.21173184e-01
9.90827 1.20068300e-01
9.94257 1.18967376e-01
9.97699 1.17870368e-01
10.01153 1.16871524e-01
10.04618 1.16062320e-01
10.08096 1.15253160e-01
10.11585 1.14444176e-01
10.15087 1.13635324e-01
10.18601 1.12826780e-01
10.22127 1.11974500e-01
10.25665 1.11093400e-01
10.29215 1.10212476e-01
10.32778 1.09331772e-01
10.36353 1.08451420e-01
10.39941 1.07571508e-01
10.43540 1.06407092e-01
10.47153 1.05243644e-01
10.50777 1.04086092e-01
10.54415 1.02934480e-01
10.58065 1.01788852e-01
10.61727 1.00503788e-01
10.65403 9.90677600e-02
10.69091 9.76459880e-02
10.72791 9.62384720e-02
10.76505 9.48450800e-02
10.80231 9.34365960e-02
10.83971 9.16095400e-02
10.87723 8.98134600e-02
10.91488 8.80478280e-02
10.95266 8.63121600e-02
10.99058 8.46059280e-02
11.02862 8.26368400e-02
11.06680 8.06168440e-02
11.10511 7.86434880e-02
11.14355 7.67158040e-02
11.18212 7.48326040e-02
11.22083 7.28687960e-02
11.25967 7.08508680e-02
11.29865 6.88872800e-02
11.33776 6.69766240e-02
11.37701 6.51174480e-02
11.41639 6.31690400e-02
11.45591 6.10881920e-02
11.49556 5.90748840e-02
11.53536 5.71270480e-02
11.57529 5.52425280e-02
11.61536 5.33671160e-02
11.65556 5.14732680e-02
11.69591 4.96459040e-02
11.73640 4.78827360e-02
11.77702 4.61816080e-02
11.81779 4.43694240e-02
11.85870 4.24158020e-02
11.89975 4.05472496e-02
11.94094 3.87601764e-02
11.98227 3.70511504e-02
12.02375 3.55413608e-02
12.06537 3.41812196e-02
12.10714 3.28715904e-02
12.14905 3.16107132e-02
12.19110 3.03968808e-02
12.23330 2.92284344e-02
12.27565 2.81037680e-02
12.31814 2.70213108e-02
12.36078 2.59795624e-02
12.40357 2.49770488e-02
12.44651 2.40123576e-02
12.48959 2.30841116e-02
12.53283 2.24917836e-02
12.57621 2.20075108e-02
12.61974 2.15326012e-02
12.66343 2.10669008e-02
12.70726 2.06102732e-02
12.75125 2.01625732e-02
12.79539 1.97236512e-02
12.83968 1.92933708e-02
12.88413 1.88715912e-02
12.92873 1.84581716e-02
12.97348 1.80529712e-02
13.01839 1.78978668e-02
13.06345 1.80957920e-02
13.10867 1.82952616e-02
13.15405 1.84962756e-02
13.19959 1.86988428e-02
13.24528 1.89029720e-02
13.29113 1.91086720e-02
13.33713 1.93159472e-02
13.38330 1.95248020e-02
13.42963 1.97352496e-02
13.47612 1.99472944e-02
13.52277 2.01640516e-02
13.56958 2.03860976e-02
13.61655 2.06103304e-02
13.66368 2.08367676e-02
13.71098 2.10654268e-02
13.75844 2.12963344e-02
13.80607 2.15295036e-02
13.85386 2.17649564e-02
13.90182 2.20027148e-02
13.94994 2.22428052e-02
13.99823 2.24852408e-02
14.04668 2.26370716e-02
14.09531 2.27861040e-02
14.14410 2.29358404e-02
14.19306 2.30862940e-02
14.24219 2.32374604e-02
14.29149 2.33893440e-02
14.34096 2.35419448e-02
14.39060 2.36952672e-02
14.44042 2.38493112e-02
14.49041 2.40040856e-02
14.54057 2.41869188e-02
14.59090 2.43771836e-02
14.64141 2.45684252e-02
14.69209 2.47606524e-02
14.74295 2.49538652e-02
14.79398 2.51480680e-02
14.84519 2.53432652e-02
14.89658 2.55394568e-02
14.94814 2.57366516e-02
14.99989 2.59348496e-02
15.05181 2.64269896e-02
15.10392 2.69283168e-02
15.15620 2.74383560e-02
15.20866 2.79572480e-02
15.26131 2.84851380e-02
15.31414 2.90221800e-02
15.36715 2.95685236e-02
15.42034 3.01243272e-02
15.47372 3.06897448e-02
15.52729 3.13891248e-02
15.58103 3.22268584e-02
15.63497 3.30864556e-02
15.68909 3.39684840e-02
15.74340 3.48735464e-02
15.79790 3.58022588e-02
15.85258 3.67552592e-02
15.90746 3.77332120e-02
15.96252 3.87367948e-02
16.01778 3.97491776e-02
16.07323 4.07501952e-02
16.12886 4.17768780e-02
16.18470 4.28299608e-02
16.24072 4.39102004e-02
16.29694 4.50183800e-02
16.35335 4.61553840e-02
16.40996 4.73220000e-02
16.46677 4.85191520e-02
16.52377 4.95995280e-02
16.58097 5.04932120e-02
16.63836 5.14039240e-02
16.69596 5.23320160e-02
16.75375 5.32778840e-02
16.81175 5.42419680e-02
16.86994 5.52247080e-02
16.92834 5.62264560e-02
16.98694 5.72477840e-02
17.04574 5.80683400e-02
17.10474 5.88372400e-02
17.16395 5.96166560e-02
17.22337 6.04067640e-02
17.28299 6.12076960e-02
17.34281 6.20195840e-02
17.40285 6.28425160e-02
17.46309 6.36767120e-02
17.52354 6.43872680e-02
17.58420 6.48911120e-02
17.64507 6.53975520e-02
17.70615 6.59065440e-02
17.76744 6.64180440e-02
17.82894 6.69319200e-02
17.89066 6.74481720e-02
17.95259 6.79666680e-02
18.01473 6.84153360e-02
18.07709 6.86315080e-02
18.13967 6.88460520e-02
18.20246 6.90588800e-02
18.26547 6.92699920e-02
18.32870 6.94793000e-02
18.39214 6.96866720e-02
18.45581 6.98921520e-02
18.51969 7.00572840e-02
18.58380 7.01346800e-02
18.64813 7.02104920e-02
18.71268 7.02846760e-02
18.77746 7.03572320e-02
18.84246 7.04281160e-02
18.90768 7.04972840e-02
18.97313 7.05647360e-02
19.03881 7.06667280e-02
19.10472 7.07930080e-02
19.17085 7.09186280e-02
19.23721 7.10435440e-02
19.30380 7.11677560e-02
19.37062 7.12912200e-02
19.43768 7.14138920e-02
19.50496 7.15603240e-02
19.57248 7.20155920e-02
19.64023 7.24729280e-02
19.70822 7.29323320e-02
19.77644 7.33937160e-02
19.84490 7.38570800e-02
19.91359 7.43222920e-02
19.98252 7.47893080e-02
20.05169 7.53241720e-02
20.12110 7.58737760e-02
20.19076 7.64139200e-02
20.26065 7.69439440e-02
20.33078 7.74631000e-02
20.40116 7.79708160e-02
20.47178 7.84663440e-02
20.54264 7.89489800e-02
20.61375 7.94181080e-02
20.68511 7.98728920e-02
20.75671 8.03127160e-02
20.82856 8.07367880e-02
20.90066 8.11443600e-02
20.97301 8.15347280e-02
21.04561 8.05422200e-02
21.11846 7.87567000e-02
21.19157 7.69947200e-02
21.26492 7.52561480e-02
21.33853 7.35408960e-02
21.41240 7.18488320e-02
21.48652 7.01798680e-02
21.56090 6.85338720e-02
21.63553 6.69108440e-02
21.71043 6.53106520e-02
21.78558 6.37332960e-02
21.86099 6.21787320e-02
21.93666 6.06468720e-02
22.01260 5.91789000e-02
22.08880 5.79411360e-02
22.16526 5.67263840e-02
22.24199 5.55343360e-02
22.31898 5.43647280e-02
22.39624 5.32172960e-02
22.47377 5.20916880e-02
22.55156 5.09877280e-02
22.62962 4.99050200e-02
22.70796 4.88433000e-02
22.78656 4.78022160e-02
22.86544 4.67815040e-02
22.94459 4.57808560e-02
23.02402 4.49232960e-02
23.10372 4.43619000e-02
23.18369 4.38069192e-02
23.26394 4.32582656e-02
23.34447 4.27159172e-02
23.42528 4.21798212e-02
23.50637 4.16499248e-02
23.58774 4.11261796e-02
23.66939 4.06085372e-02
23.75133 4.00969448e-02
23.83354 3.95913452e-02
23.91604 3.90916944e-02
23.99883 3.85979352e-02
24.08191 3.82793180e-02
24.16527 3.79656112e-02
24.24892 3.76543552e-02
24.33286 3.73455280e-02
24.41709 3.70391120e-02
24.50161 3.67351028e-02
24.58642 3.64334696e-02
24.67153 3.61342080e-02
24.75693 3.58372960e-02
24.84263 3.55427160e-02
24.92863 3.52504548e-02
25.01492 3.49748476e-02
25.10151 3.47696668e-02
25.18840 3.45656652e-02
25.27559 3.43628384e-02
25.36309 3.41611776e-02
25.45088 3.39606784e-02
25.53898 3.37613364e-02
25.62739 3.35631428e-02
25.71610 3.33660888e-02
25.80512 3.31701744e-02
25.89444 3.29753908e-02
25.98408 3.27817248e-02
26.07403 3.26173804e-02
26.16428 3.24598868e-02
26.25485 3.23031456e-02
26.34574 3.21471480e-02
26.43694 3.19918940e-02
26.52845 3.18373748e-02
26.62028 3.16835904e-02
26.71243 3.15305364e-02
26.80489 3.13782128e-02
26.89768 3.12266108e-02
26.99079 3.10757260e-02
27.08422 3.09186504e-02
27.17798 3.07615880e-02
27.27205 3.06052956e-02
27.36646 3.04497688e-02
27.46119 3.02950076e-02
27.55625 3.01410032e-02
27.65164 2.99877512e-02
27.74736 2.98352560e-02
27.84341 2.96835044e-02
27.93979 2.95325008e-02
28.03650 2.93827556e-02
28.13355 2.92345680e-02
28.23094 2.90870844e-02
28.32867 2.89403004e-02
28.42673 2.87942072e-02
28.52513 2.86488048e-02
28.62387 2.85040932e-02
28.72295 2.83600636e-02
28.82238 2.82167204e-02
28.92215 2.80740548e-02
29.02227 2.79255812e-02
29.12273 2.77552616e-02
29.22354 2.75859188e-02
29.32470 2.74175440e-02
29.42621 2.72501328e-02
29.52807 2.70836808e-02
29.63029 2.69181880e-02
29.73286 2.67536368e-02
29.83578 2.65900360e-02
29.93906 2.64273680e-02
30.04269 2.62583244e-02
30.14669 2.60799044e-02
30.25104 2.59026284e-02
30.35576 2.57264920e-02
30.46084 2.55514908e-02
30.56628 2.53776116e-02
30.67209 2.52048500e-02
30.77826 2.50332016e-02
30.88481 2.48626576e-02
30.99172 2.46932136e-02
31.09900 2.45248564e-02
31.20665 2.43575860e-02
31.31467 2.41913936e-02
31.42307 2.40262704e-02
31.53184 2.38622120e-02
31.64099 2.36992140e-02
31.75052 2.35372676e-02
31.86043 2.33763640e-02
31.97072 2.32165032e-02
32.08139 2.30426636e-02
32.19244 2.28647100e-02
32.30388 2.26880720e-02
32.41570 2.25127452e-02
32.52791 2.23387164e-02
32.64051 2.21659768e-02
32.75349 2.19945176e-02
32.86687 2.18243300e-02
32.98064 2.16554096e-02
33.09481 2.14877388e-02
33.20937 2.13213132e-02
33.32433 2.11561240e-02
33.43968 2.09921624e-02
33.55544 2.08294196e-02
33.67159 2.06678868e-02
33.78815 2.05075552e-02
33.90511 2.03484160e-02
34.02247 2.01887136e-02
34.14024 2.00228776e-02
34.25842 1.98583748e-02
34.37701 1.96951876e-02
34.49601 1.95333072e-02
34.61542 1.93727292e-02
34.73525 1.92134360e-02
34.85549 1.90554188e-02
34.97614 1.88986732e-02
35.09721 1.87431816e-02
35.21871 1.85889396e-02
35.34062 1.84359384e-02
35.46295 1.82841604e-02
35.58571 1.81336056e-02
35.70889 1.79842608e-02
35.83250 1.78361172e-02
35.95654 1.76891660e-02
36.08101 1.75407584e-02
36.20590 1.73921660e-02
36.33123 1.72447968e-02
36.45700 1.70986420e-02
36.58320 1.69536928e-02
36.70983 1.68099404e-02
36.83691 1.66673760e-02
36.96442 1.65259864e-02
37.09238 1.63857672e-02
37.22077 1.62467008e-02
37.34962 1.61087872e-02
37.47890 1.59720132e-02
37.60864 1.58363700e-02
37.73883 1.57018488e-02
37.86946 1.55684364e-02
38.00055 1.54361196e-02
38.13209 1.53023244e-02
38.26409 1.51696644e-02
38.39654 1.50381352e-02
38.52946 1.49077236e-02
38.66283 1.47784208e-02
38.79667 1.46502180e-02
38.93096 1.45231108e-02
39.06573 1.43970860e-02
39.20096 1.42721348e-02
39.33665 1.41482484e-02
39.47282 1.40254180e-02
39.60946 1.39036348e-02
39.74657 1.37828900e-02
39.88416 1.36631792e-02
40.02222 1.35459324e-02
40.16076 1.34371644e-02
40.29978 1.33292544e-02
40.43928 1.32222024e-02
40.57926 1.31159952e-02
40.71973 1.30106284e-02
40.86069 1.29060976e-02
41.00213 1.28023940e-02
41.14406 1.26995132e-02
41.28648 1.25974508e-02
41.42940 1.24961936e-02
41.57281 1.23957416e-02
41.71672 1.22960860e-02
41.86113 1.21972224e-02
42.00603 1.20991376e-02
42.15144 1.20018360e-02
42.29735 1.19053088e-02
42.44377 1.18095428e-02
42.59069 1.17145424e-02
42.73812 1.16202944e-02
42.88606 1.15267944e-02
43.03451 1.14340380e-02
43.18348 1.13420164e-02
43.33297 1.12507296e-02
43.48297 1.11601688e-02
43.63349 1.10703252e-02
43.78453 1.09811988e-02
43.93609 1.08927808e-02
44.08818 1.08050668e-02
44.24079 1.07180480e-02
44.39394 1.06317244e-02
44.54761 1.05460872e-02
44.70182 1.04611320e-02
44.85655 1.03768544e-02
45.01183 1.02943192e-02
45.16764 1.02253932e-02
45.32399 1.01569248e-02
45.48089 1.00889096e-02
45.63832 1.00213476e-02
45.79630 9.95423440e-03
45.95483 9.88756560e-03
46.11391 9.82134120e-03
46.27353 9.75555680e-03
46.43371 9.69020800e-03
46.59445 9.62529920e-03
46.75574 9.56081720e-03
46.91759 9.49676640e-03
47.08000 9.43313800e-03
47.24297 9.36993640e-03
47.40650 9.30715720e-03
47.57060 9.24479160e-03
47.73527 9.18284400e-03
47.90051 9.12130560e-03
48.06633 9.06017640e-03
48.23271 8.99945640e-03
48.39967 8.93914120e-03
48.56721 8.87922640e-03
48.73533 8.81970760e-03
48.90403 8.76058920e-03
49.07332 8.70186240e-03
49.24319 8.64352720e-03
49.41365 8.58558360e-03
49.58470 8.52802280e-03
49.75634 8.47084480e-03
49.92858 8.41404520e-03
50.10141 8.34993720e-03
50.27484 8.28093200e-03
50.44887 8.21249000e-03
50.62350 8.14461120e-03
50.79874 8.07728680e-03
50.97458 8.01051240e-03
51.15104 7.94428360e-03
51.32810 7.87860040e-03
51.50578 7.81345400e-03
51.68407 7.74884000e-03
51.86298 7.68475840e-03
52.04250 7.62120040e-03
52.22265 7.55816160e-03
52.40343 7.49564200e-03
52.58482 7.43363280e-03
52.76685 7.37213400e-03
52.94951 7.31114120e-03
53.13280 7.25064560e-03
53.31672 7.19064720e-03
53.50128 7.13114160e-03
53.68648 7.07212440e-03
53.87232 7.01358680e-03
54.05880 6.95553320e-03
54.24593 6.89795920e-03
54.43371 6.84085600e-03
54.62214 6.78421920e-03
54.81122 6.72804880e-03
55.00095 6.67239320e-03
55.19134 6.62739880e-03
55.38239 6.58270800e-03
55.57410 6.53831200e-03
55.76647 6.49421960e-03
55.95951 6.45042200e-03
56.15322 6.40691480e-03
56.34760 6.36370240e-03
56.54265 6.32078040e-03
56.73838 6.27814880e-03
56.93479 6.23579880e-03
57.13187 6.19373480e-03
57.32964 6.15195240e-03
57.52809 6.11045160e-03
57.72723 6.06923240e-03
57.92705 6.02828600e-03
58.12757 5.98761680e-03
58.32879 5.94721600e-03
58.53070 5.90709240e-03
58.73331 5.86723280e-03
58.93662 5.82764600e-03
59.14063 5.78832320e-03
59.34535 5.74926440e-03
59.55078 5.71046960e-03
59.75692 5.67193000e-03
59.96377 5.63365440e-03
60.17134 5.58973360e-03
60.37963 5.54491080e-03
60.58864 5.50044440e-03
60.79837 5.45633440e-03
61.00883 5.41257200e-03
61.22002 5.36916160e-03
61.43194 5.32609880e-03
61.64459 5.28337480e-03
61.85797 5.24099840e-03
62.07210 5.19895640e-03
62.28697 5.15724880e-03
62.50258 5.11587560e-03
62.71894 5.07482800e-03
62.93605 5.03411480e-03
63.15390 4.99372280e-03
63.37252 4.95365200e-03
63.59189 4.91390240e-03
63.81201 4.87446960e-03
64.03290 4.83535360e-03
64.25456 4.79655000e-03
64.47698 4.75805440e-03
64.70017 4.71986680e-03
64.92414 4.68198280e-03
65.14888 4.65047000e-03
65.37440 4.62225280e-03
65.60070 4.59420280e-03
65.82778 4.56632440e-03
66.05565 4.53861320e-03
66.28430 4.51106920e-03
66.51375 4.48369240e-03
66.74400 4.45648280e-03
66.97504 4.42943600e-03
67.20688 4.40255640e-03
67.43952 4.37583476e-03
67.67297 4.34927724e-03
67.90722 4.32288032e-03
68.14229 4.29664312e-03
68.37817 4.27056520e-03
68.61486 4.24464480e-03
68.85238 4.21888148e-03
69.09072 4.19327392e-03
69.32988 4.16782124e-03
69.56987 4.14252300e-03
69.81069 4.11737832e-03
70.05235 4.09233924e-03
70.29484 4.06728608e-03
70.53817 4.04238604e-03
70.78235 4.01763780e-03
71.02737 3.99304048e-03
71.27323 3.96859364e-03
71.51995 3.94429596e-03
71.76752 3.92014700e-03
72.01595 3.89614500e-03
72.26524 3.87228996e-03
72.51539 3.84858012e-03
72.76641 3.82501548e-03
73.01830 3.80159472e-03
73.27106 3.77831696e-03
73.52469 3.75518132e-03
73.77920 3.73218692e-03
74.03460 3.70933288e-03
74.29087 3.68661832e-03
74.54804 3.66404280e-03
74.80609 3.64160500e-03
75.06504 3.61863436e-03
75.32488 3.59382100e-03
75.58563 3.56917748e-03
75.84727 3.54470204e-03
76.10982 3.52039380e-03
76.37328 3.49625188e-03
76.63766 3.47227496e-03
76.90295 3.44846172e-03
77.16915 3.42481084e-03
77.43628 3.40132232e-03
77.70433 3.37799396e-03
77.97331 3.35482488e-03
78.24322 3.33181420e-03
78.51407 3.30896104e-03
78.78585 3.28626408e-03
79.05857 3.26372200e-03
79.33224 3.24133392e-03
79.60686 3.21909940e-03
79.88242 3.19701668e-03
80.15894 3.17515484e-03
80.43642 3.15349364e-03
80.71486 3.13198028e-03
80.99426 3.11061300e-03
81.27463 3.08939136e-03
81.55596 3.06831404e-03
81.83828 3.04738016e-03
82.12157 3.02658840e-03
82.40584 3.00593832e-03
82.69109 2.98542904e-03
82.97733 2.96505924e-03
83.26457 2.94482804e-03
83.55279 2.92473456e-03
83.84202 2.90477792e-03
84.13225 2.88495680e-03
84.42348 2.86527076e-03
84.71572 2.84571892e-03
85.00897 2.82629996e-03
85.30323 2.80701344e-03
85.59852 2.78785804e-03
85.89482 2.76883332e-03
86.19215 2.74993796e-03
86.49052 2.73117108e-03
86.78991 2.71253224e-03
87.09034 2.69402012e-03
87.39181 2.67563428e-03
87.69432 2.65737340e-03
87.99789 2.63923704e-03
88.30250 2.62122388e-03
88.60816 2.60333392e-03
88.91489 2.58556540e-03
89.22267 2.56791788e-03
89.53153 2.55039092e-03
89.84145 2.53298276e-03
90.15244 2.51569340e-03
90.46451 2.49852196e-03
90.77766 2.48146756e-03
91.09190 2.46452932e-03
91.40722 2.44770636e-03
91.72363 2.43099780e-03
92.04114 2.41440320e-03
92.35975 2.39792168e-03
92.67946 2.38155280e-03
93.00028 2.36529480e-03
93.32221 2.34914812e-03
93.64525 2.33311100e-03
93.96941 2.31718344e-03
94.29469 2.30136412e-03
94.62110 2.28565304e-03
94.94864 2.27004844e-03
95.27731 2.25455076e-03
95.60712 2.23915824e-03
95.93807 2.22387088e-03
96.27017 2.20868780e-03
96.60342 2.19360768e-03
96.93782 2.17863096e-03
97.27338 2.16375588e-03
97.61010 2.14898244e-03
97.94798 2.13430932e-03
98.28704 2.11973652e-03
98.62727 2.10526272e-03
98.96867 2.09088792e-03
99.31126 2.07661124e-03
99.65504 2.06243136e-03
100.00000 2.04834872e-03
