        2000  2.000000 3.300000
0.10000 9.18848480e-01
0.10035 9.18969920e-01
0.10069 9.19092240e-01
0.10104 9.19214560e-01
0.10139 9.19337760e-01
0.10174 9.19460960e-01
0.10210 9.19584160e-01
0.10245 9.19708240e-01
0.10280 9.19832320e-01
0.10316 9.19957280e-01
0.10352 9.20082240e-01
0.10387 9.20207200e-01
0.10423 9.20333040e-01
0.10459 9.20458880e-01
0.10496 9.20585600e-01
0.10532 9.20712320e-01
0.10568 9.20839040e-01
0.10605 9.20966640e-01
0.10642 9.21095120e-01
0.10679 9.21222720e-01
0.10716 9.21351200e-01
0.10753 9.21480560e-01
0.10790 9.21609920e-01
0.10827 9.21739280e-01
0.10865 9.21869520e-01
0.10902 9.21999760e-01
0.10940 9.22130880e-01
0.10978 9.22262000e-01
0.11016 9.22393120e-01
0.11054 9.22525120e-01
0.11092 9.22657120e-01
0.11131 9.22790000e-01
0.11169 9.22922880e-01
0.11208 9.23056640e-01
0.11247 9.23190400e-01
0.11286 9.23324160e-01
0.11325 9.23458800e-01
0.11364 9.23593440e-01
0.11403 9.23728960e-01
0.11443 9.23864480e-01
0.11482 9.24000880e-01
0.11522 9.24137280e-01
0.11562 9.24273680e-01
0.11602 9.24410960e-01
0.11642 9.24549120e-01
0.11682 9.24687280e-01
0.11723 9.24825440e-01
0.11763 9.24963600e-01
0.11804 9.25103520e-01
0.11845 9.25242560e-01
0.11886 9.25382480e-01
0.11927 9.25523280e-01
0.11968 9.25664080e-01
0.12010 9.25804880e-01
0.12051 9.25946560e-01
0.12093 9.26088240e-01
0.12135 9.26230800e-01
0.12177 9.26373360e-01
0.12219 9.26516800e-01
0.12262 9.26660240e-01
0.12304 9.26804560e-01
0.12347 9.26948880e-01
0.12389 9.27093200e-01
0.12432 9.27238400e-01
0.12475 9.27384480e-01
0.12518 9.27530560e-01
0.12562 9.27676640e-01
0.12605 9.27823600e-01
0.12649 9.27970560e-01
0.12693 9.28118400e-01
0.12737 9.28267120e-01
0.12781 9.28414960e-01
0.12825 9.28564560e-01
0.12869 9.28713280e-01
0.12914 9.28863760e-01
0.12959 9.29013360e-01
0.13003 9.29163840e-01
0.13048 9.29315200e-01
0.13094 9.29466560e-01
0.13139 9.29618800e-01
0.13184 9.29771040e-01
0.13230 9.29923280e-01
0.13276 9.30077280e-01
0.13322 9.30230400e-01
0.13368 9.30384400e-01
0.13414 9.30539280e-01
0.13461 9.30694160e-01
0.13507 9.30849040e-01
0.13554 9.31005680e-01
0.13601 9.31161440e-01
0.13648 9.31318080e-01
0.13695 9.31475600e-01
0.13743 9.31633120e-01
0.13790 9.31790640e-01
0.13838 9.31949040e-01
0.13886 9.32108320e-01
0.13934 9.32267600e-01
0.13982 9.32427760e-01
0.14031 9.32587920e-01
0.14079 9.32748080e-01
0.14128 9.32909120e-01
0.14177 9.33071040e-01
0.14226 9.33232960e-01
0.14275 9.33395760e-01
0.14324 9.33558560e-01
0.14374 9.33722240e-01
0.14424 9.33885920e-01
0.14474 9.34050480e-01
0.14524 9.34215040e-01
0.14574 9.34380480e-01
0.14625 9.34545920e-01
0.14675 9.34712240e-01
0.14726 9.34879440e-01
0.14777 9.35046640e-01
0.14828 9.35213840e-01
0.14879 9.35381920e-01
0.14931 9.35550880e-01
0.14983 9.35719840e-01
0.15034 9.35888800e-01
0.15087 9.36058640e-01
0.15139 9.36229360e-01
0.15191 9.36400080e-01
0.15244 9.36571680e-01
0.15297 9.36743280e-01
0.15349 9.36915760e-01
0.15403 9.37089120e-01
0.15456 9.37262480e-01
0.15509 9.37435840e-01
0.15563 9.37610080e-01
0.15617 9.37785200e-01
0.15671 9.37960320e-01
0.15725 9.38136320e-01
0.15780 9.38312320e-01
0.15834 9.38489200e-01
0.15889 9.38666080e-01
0.15944 9.38844720e-01
0.15999 9.39022480e-01
0.16055 9.39201120e-01
0.16110 9.39380640e-01
0.16166 9.39560160e-01
0.16222 9.39740560e-01
0.16278 9.39920960e-01
0.16335 9.40102240e-01
0.16391 9.40284400e-01
0.16448 9.40466560e-01
0.16505 9.40649600e-01
0.16562 9.40832640e-01
0.16619 9.41016560e-01
0.16677 9.41200480e-01
0.16734 9.41386160e-01
0.16792 9.41570960e-01
0.16851 9.41757520e-01
0.16909 9.41943200e-01
0.16967 9.42130640e-01
0.17026 9.42318080e-01
0.17085 9.42505520e-01
0.17144 9.42694720e-01
0.17204 9.42883040e-01
0.17263 9.43073120e-01
0.17323 9.43263200e-01
0.17383 9.43453280e-01
0.17443 9.43645120e-01
0.17503 9.43836960e-01
0.17564 9.44028800e-01
0.17625 9.44221520e-01
0.17686 9.44415120e-01
0.17747 9.44608720e-01
0.17808 9.44803200e-01
0.17870 9.44997680e-01
0.17932 9.45193040e-01
0.17994 9.45389280e-01
0.18056 9.45585520e-01
0.18119 9.45782640e-01
0.18182 9.45980640e-01
0.18244 9.46178640e-01
0.18308 9.46377520e-01
0.18371 9.46576400e-01
0.18435 9.46777040e-01
0.18498 9.46976800e-01
0.18562 9.47178320e-01
0.18627 9.47379840e-01
0.18691 9.47581360e-01
0.18756 9.47784640e-01
0.18821 9.47987040e-01
0.18886 9.48191200e-01
0.18951 9.48395360e-01
0.19017 9.48600400e-01
0.19083 9.48806320e-01
0.19149 9.49012240e-01
0.19215 9.49219040e-01
0.19282 9.49425840e-01
0.19348 9.49633520e-01
0.19415 9.49842080e-01
0.19483 9.50050640e-01
0.19550 9.50260080e-01
0.19618 9.50470400e-01
0.19686 9.50681600e-01
0.19754 9.50892800e-01
0.19822 9.51104000e-01
0.19891 9.51316960e-01
0.19960 9.51529920e-01
0.20029 9.51728800e-01
0.20098 9.51906560e-01
0.20168 9.52084320e-01
0.20237 9.52261200e-01
0.20307 9.52437200e-01
0.20378 9.52613200e-01
0.20448 9.52788320e-01
0.20519 9.52963440e-01
0.20590 9.53137680e-01
0.20661 9.53311920e-01
0.20733 9.53484400e-01
0.20805 9.53656880e-01
0.20877 9.53828480e-01
0.20949 9.54000080e-01
0.21021 9.54170800e-01
0.21094 9.54340640e-01
0.21167 9.54509600e-01
0.21240 9.54677680e-01
0.21314 9.54844880e-01
0.21388 9.55012080e-01
0.21462 9.55177520e-01
0.21536 9.55342080e-01
0.21611 9.55506640e-01
0.21685 9.55669440e-01
0.21760 9.55832240e-01
0.21836 9.55993280e-01
0.21911 9.56153440e-01
0.21987 9.56312720e-01
0.22063 9.56494000e-01
0.22140 9.56681440e-01
0.22216 9.56868880e-01
0.22293 9.57056320e-01
0.22370 9.57244640e-01
0.22448 9.57433840e-01
0.22526 9.57623920e-01
0.22604 9.57814000e-01
0.22682 9.58004960e-01
0.22760 9.58195920e-01
0.22839 9.58387760e-01
0.22918 9.58580480e-01
0.22998 9.58773200e-01
0.23077 9.58966800e-01
0.23157 9.59161280e-01
0.23237 9.59355760e-01
0.23318 9.59551120e-01
0.23398 9.59746480e-01
0.23479 9.59943600e-01
0.23561 9.60140720e-01
0.23642 9.60337840e-01
0.23724 9.60535840e-01
0.23806 9.60734720e-01
0.23889 9.60934480e-01
0.23971 9.61134240e-01
0.24054 9.61326080e-01
0.24137 9.61514400e-01
0.24221 9.61702720e-01
0.24305 9.61892800e-01
0.24389 9.62082880e-01
0.24473 9.62273840e-01
0.24558 9.62464800e-01
0.24643 9.62656640e-01
0.24728 9.62849360e-01
0.24814 9.63042960e-01
0.24900 9.63236560e-01
0.24986 9.63431920e-01
0.25073 9.63626400e-01
0.25159 9.63822640e-01
0.25246 9.64019760e-01
0.25334 9.64216880e-01
0.25422 9.64414880e-01
0.25510 9.64612880e-01
0.25598 9.64812640e-01
0.25687 9.65012400e-01
0.25775 9.65213040e-01
0.25865 9.65413680e-01
0.25954 9.65616080e-01
0.26044 9.65827280e-01
0.26134 9.66047280e-01
0.26225 9.66269040e-01
0.26315 9.66490800e-01
0.26406 9.66713440e-01
0.26498 9.66936080e-01
0.26590 9.67159600e-01
0.26682 9.67383120e-01
0.26774 9.67608400e-01
0.26867 9.67833680e-01
0.26960 9.68058960e-01
0.27053 9.68285120e-01
0.27147 9.68512160e-01
0.27241 9.68739200e-01
0.27335 9.68967120e-01
0.27430 9.69195920e-01
0.27525 9.69424720e-01
0.27620 9.69654400e-01
0.27715 9.69884960e-01
0.27811 9.70115520e-01
0.27908 9.70346960e-01
0.28004 9.70580160e-01
0.28101 9.70834480e-01
0.28198 9.71089680e-01
0.28296 9.71345760e-01
0.28394 9.71601840e-01
0.28492 9.71858800e-01
0.28591 9.72116640e-01
0.28690 9.72374480e-01
0.28789 9.72632320e-01
0.28889 9.72891920e-01
0.28989 9.73151520e-01
0.29089 9.73411120e-01
0.29190 9.73672480e-01
0.29291 9.73932960e-01
0.29392 9.74195200e-01
0.29494 9.74457440e-01
0.29596 9.74720560e-01
0.29699 9.74983680e-01
0.29801 9.75247680e-01
0.29905 9.75512560e-01
0.30008 9.75777440e-01
0.30112 9.76043200e-01
0.30216 9.76309840e-01
0.30321 9.76576480e-01
0.30426 9.76844000e-01
0.30531 9.77111520e-01
0.30637 9.77379920e-01
0.30743 9.77648320e-01
0.30849 9.77918480e-01
0.30956 9.78188640e-01
0.31063 9.78458800e-01
0.31171 9.78729840e-01
0.31279 9.79001760e-01
0.31387 9.79274560e-01
0.31496 9.79547360e-01
0.31605 9.79821040e-01
0.31714 9.80094720e-01
0.31824 9.80370160e-01
0.31934 9.80645600e-01
0.32044 9.80921920e-01
0.32155 9.81201760e-01
0.32267 9.81481600e-01
0.32378 9.81761440e-01
0.32490 9.82041280e-01
0.32603 9.82322000e-01
0.32716 9.82602720e-01
0.32829 9.82883440e-01
0.32943 9.83164160e-01
0.33057 9.83445760e-01
0.33171 9.83728240e-01
0.33286 9.84009840e-01
0.33401 9.84292320e-01
0.33517 9.84575680e-01
0.33633 9.84858160e-01
0.33749 9.85141520e-01
0.33866 9.85425760e-01
0.33983 9.85710000e-01
0.34101 9.86050560e-01
0.34219 9.86401680e-01
0.34337 9.86751920e-01
0.34456 9.87102160e-01
0.34576 9.87452400e-01
0.34695 9.87803520e-01
0.34815 9.88153760e-01
0.34936 9.88504880e-01
0.35057 9.88856000e-01
0.35178 9.89207120e-01
0.35300 9.89558240e-01
0.35422 9.89909360e-01
0.35545 9.90261360e-01
0.35668 9.90613360e-01
0.35791 9.90965360e-01
0.35915 9.91318240e-01
0.36039 9.91687840e-01
0.36164 9.92093520e-01
0.36289 9.92500960e-01
0.36415 9.92907520e-01
0.36541 9.93314960e-01
0.36668 9.93722400e-01
0.36795 9.94130720e-01
0.36922 9.94539040e-01
0.37050 9.94947360e-01
0.37178 9.95355680e-01
0.37307 9.95764880e-01
0.37436 9.96174960e-01
0.37565 9.96584160e-01
0.37695 9.96994240e-01
0.37826 9.97405200e-01
0.37957 9.97815280e-01
0.38088 9.98242080e-01
0.38220 9.98675920e-01
0.38352 9.99110640e-01
0.38485 9.99546240e-01
0.38618 9.99980960e-01
0.38752 1.00041656e+00
0.38886 1.00085304e+00
0.39021 1.00128864e+00
0.39156 1.00172512e+00
0.39291 1.00216072e+00
0.39427 1.00259720e+00
0.39564 1.00303456e+00
0.39701 1.00347104e+00
0.39838 1.00390752e+00
0.39976 1.00434400e+00
0.40115 1.00478136e+00
0.40253 1.00521872e+00
0.40393 1.00565520e+00
0.40533 1.00609256e+00
0.40673 1.00652992e+00
0.40814 1.00696640e+00
0.40955 1.00740288e+00
0.41097 1.00783936e+00
0.41239 1.00827584e+00
0.41382 1.00871144e+00
0.41525 1.00914704e+00
0.41669 1.00958000e+00
0.41813 1.01001208e+00
0.41958 1.01044504e+00
0.42103 1.01088328e+00
0.42249 1.01132416e+00
0.42395 1.01176416e+00
0.42542 1.01219976e+00
0.42689 1.01263184e+00
0.42837 1.01306128e+00
0.42985 1.01349248e+00
0.43134 1.01392632e+00
0.43283 1.01436016e+00
0.43433 1.01478960e+00
0.43583 1.01520936e+00
0.43734 1.01561944e+00
0.43886 1.01602688e+00
0.44037 1.01643872e+00
0.44190 1.01685496e+00
0.44343 1.01727208e+00
0.44496 1.01768040e+00
0.44650 1.01807024e+00
0.44805 1.01844512e+00
0.44960 1.01881560e+00
0.45116 1.01919576e+00
0.45272 1.01958824e+00
0.45429 1.01998072e+00
0.45586 1.02035824e+00
0.45744 1.02070848e+00
0.45902 1.02103760e+00
0.46061 1.02136232e+00
0.46220 1.02170024e+00
0.46380 1.02205576e+00
0.46541 1.02241216e+00
0.46702 1.02274392e+00
0.46864 1.02303520e+00
0.47026 1.02329216e+00
0.47189 1.02354208e+00
0.47352 1.02381752e+00
0.47516 1.02412464e+00
0.47680 1.02444408e+00
0.47845 1.02473272e+00
0.48011 1.02496152e+00
0.48177 1.02513048e+00
0.48344 1.02527656e+00
0.48511 1.02545080e+00
0.48679 1.02567872e+00
0.48848 1.02594536e+00
0.49017 1.02619792e+00
0.49186 1.02638184e+00
0.49357 1.02647600e+00
0.49528 1.02651208e+00
0.49699 1.02655608e+00
0.49871 1.02666256e+00
0.50044 1.02681392e+00
0.50217 1.02691248e+00
0.50391 1.02695384e+00
0.50565 1.02688608e+00
0.50740 1.02671184e+00
0.50916 1.02649272e+00
0.51092 1.02631232e+00
0.51269 1.02622608e+00
0.51446 1.02621992e+00
0.51625 1.02620672e+00
0.51803 1.02607384e+00
0.51983 1.02575792e+00
0.52163 1.02528888e+00
0.52343 1.02478024e+00
0.52524 1.02437280e+00
0.52706 1.02415544e+00
0.52889 1.02410352e+00
0.53072 1.02406568e+00
0.53255 1.02384216e+00
0.53440 1.02330096e+00
0.53625 1.02245528e+00
0.53810 1.02146968e+00
0.53997 1.02058968e+00
0.54183 1.02002032e+00
0.54371 1.01981528e+00
0.54559 1.01981616e+00
0.54748 1.01971144e+00
0.54938 1.01920104e+00
0.55128 1.01817496e+00
0.55319 1.01674056e+00
0.55510 1.01519264e+00
0.55702 1.01390608e+00
0.55895 1.01315016e+00
0.56089 1.01293984e+00
0.56283 1.01298032e+00
0.56478 1.01280520e+00
0.56673 1.01201848e+00
0.56869 1.01048640e+00
0.57066 1.00839376e+00
0.57264 1.00617616e+00
0.57462 1.00435720e+00
0.57661 1.00330736e+00
0.57860 1.00302840e+00
0.58061 1.00311376e+00
0.58262 1.00293072e+00
0.58463 1.00192488e+00
0.58666 9.99866560e-01
0.58869 9.96952000e-01
0.59073 9.93763760e-01
0.59277 9.91060400e-01
0.59482 9.89432400e-01
0.59688 9.88996800e-01
0.59895 9.89315360e-01
0.60102 9.89522160e-01
0.60310 9.88740720e-01
0.60519 9.86444800e-01
0.60728 9.82618560e-01
0.60939 9.77907040e-01
0.61150 9.73394400e-01
0.61361 9.70129600e-01
0.61574 9.68643280e-01
0.61787 9.68738320e-01
0.62001 9.69589280e-01
0.62215 9.70002000e-01
0.62431 9.68802560e-01
0.62647 9.65350320e-01
0.62864 9.59917200e-01
0.63081 9.53621680e-01
0.63300 9.47928080e-01
0.63519 9.44004160e-01
0.63739 9.42324240e-01
0.63959 9.42617280e-01
0.64181 9.43917920e-01
0.64403 9.44691440e-01
0.64626 9.43392560e-01
0.64849 9.39319040e-01
0.65074 9.33249680e-01
0.65299 9.26867040e-01
0.65525 9.21132080e-01
0.65752 9.17136000e-01
0.65980 9.15412080e-01
0.66208 9.15960320e-01
0.66437 9.18012480e-01
0.66667 9.19900960e-01
0.66898 9.19761920e-01
0.67130 9.16761120e-01
0.67362 9.11404560e-01
0.67595 9.04905760e-01
0.67829 8.98600560e-01
0.68064 8.93533520e-01
0.68299 8.90421840e-01
0.68536 8.89819920e-01
0.68773 8.91655600e-01
0.69011 8.94518240e-01
0.69250 8.95961440e-01
0.69490 8.94228720e-01
0.69730 8.89490800e-01
0.69972 8.82990240e-01
0.70214 8.75987816e-01
0.70457 8.69377080e-01
0.70701 8.63759160e-01
0.70946 8.59974544e-01
0.71191 8.59152184e-01
0.71438 8.61540768e-01
0.71685 8.65530512e-01
0.71933 8.68084536e-01
0.72182 8.66962008e-01
0.72432 8.62489584e-01
0.72683 8.56272560e-01
0.72934 8.49473064e-01
0.73187 8.42518336e-01
0.73440 8.35383824e-01
0.73694 8.28708848e-01
0.73949 8.24495936e-01
0.74205 8.24464168e-01
0.74462 8.28238840e-01
0.74720 8.33040912e-01
0.74979 8.35114368e-01
0.75238 8.33105152e-01
0.75499 8.28461568e-01
0.75760 8.23236216e-01
0.76022 8.18094904e-01
0.76285 8.12306000e-01
0.76549 8.04774784e-01
0.76814 7.96482720e-01
0.77080 7.90650872e-01
0.77347 7.89603936e-01
0.77615 7.93092080e-01
0.77884 7.98353952e-01
0.78153 8.01283384e-01
0.78424 7.99675888e-01
0.78695 7.95156032e-01
0.78968 7.90529872e-01
0.79241 7.86884736e-01
0.79515 7.82978240e-01
0.79790 7.76282760e-01
0.80067 7.66830328e-01
0.80344 7.58976152e-01
0.80622 7.55473576e-01
0.80901 7.57388456e-01
0.81181 7.63306016e-01
0.81462 7.69861752e-01
0.81744 7.73363360e-01
0.82027 7.72660328e-01
0.82311 7.69837200e-01
0.82596 7.67436120e-01
0.82882 7.65912928e-01
0.83169 7.63087952e-01
0.83457 7.56013720e-01
0.83745 7.45209696e-01
0.84035 7.35076672e-01
0.84326 7.29538920e-01
0.84618 7.29777840e-01
0.84911 7.34674336e-01
0.85205 7.41657400e-01
0.85500 7.47639728e-01
0.85796 7.50670184e-01
0.86093 7.51159904e-01
0.86391 7.50895112e-01
0.86690 7.50871968e-01
0.86990 7.49825824e-01
0.87291 7.44412768e-01
0.87593 7.32821584e-01
0.87897 7.18246672e-01
0.88201 7.06110064e-01
0.88506 6.99459200e-01
0.88813 6.98544000e-01
0.89120 7.02142408e-01
0.89428 7.08318952e-01
0.89738 7.14957936e-01
0.90049 7.20695536e-01
0.90360 7.25882784e-01
0.90673 7.30262896e-01
0.90987 7.34417904e-01
0.91302 7.36662432e-01
0.91618 7.32908176e-01
0.91935 7.21121192e-01
0.92253 7.05304248e-01
0.92573 6.91247656e-01
0.92893 6.82029128e-01
0.93215 6.78201744e-01
0.93537 6.79100752e-01
0.93861 6.83575112e-01
0.94186 6.90258800e-01
0.94512 6.97683624e-01
0.94839 7.04751520e-01
0.95168 7.11647288e-01
0.95497 7.18852728e-01
0.95828 7.24866824e-01
0.96159 7.25537384e-01
0.96492 7.17857360e-01
0.96826 7.04051920e-01
0.97161 6.88782952e-01
0.97498 6.75798904e-01
0.97835 6.66968896e-01
0.98174 6.62708024e-01
0.98514 6.62687432e-01
0.98855 6.66169064e-01
0.99197 6.71876128e-01
0.99540 6.78274696e-01
0.99885 6.85213672e-01
1.00231 6.92422456e-01
1.00578 7.00144632e-01
1.00926 7.06490312e-01
1.01275 7.07257144e-01
1.01626 7.00909880e-01
1.01978 6.89347648e-01
1.02330 6.74874288e-01
1.02685 6.59949840e-01
1.03040 6.46847520e-01
1.03397 6.37024168e-01
1.03755 6.31101504e-01
1.04114 6.29107864e-01
1.04474 6.30386504e-01
1.04836 6.33219928e-01
1.05199 6.36236304e-01
1.05563 6.40646776e-01
1.05928 6.48075824e-01
1.06295 6.58413712e-01
1.06663 6.68762072e-01
1.07032 6.73245320e-01
1.07403 6.69892344e-01
1.07775 6.62179496e-01
1.08148 6.51740144e-01
1.08522 6.38928664e-01
1.08898 6.25023080e-01
1.09275 6.11937832e-01
1.09653 6.01367360e-01
1.10032 5.94310992e-01
1.10413 5.90300832e-01
1.10796 5.89403320e-01
1.11179 5.87811576e-01
1.11564 5.85900304e-01
1.11950 5.88332800e-01
1.12338 5.97226432e-01
1.12726 6.11594368e-01
1.13117 6.24385960e-01
1.13508 6.24700560e-01
1.13901 6.16108680e-01
1.14295 6.07149576e-01
1.14691 5.98201736e-01
1.15088 5.87662592e-01
1.15487 5.75638184e-01
1.15886 5.63753168e-01
1.16287 5.54159584e-01
1.16690 5.48817192e-01
1.17094 5.48090224e-01
1.17499 5.46736784e-01
1.17906 5.38109000e-01
1.18314 5.29111968e-01
1.18724 5.27709160e-01
1.19135 5.35695248e-01
1.19547 5.52712248e-01
1.19961 5.71698864e-01
1.20376 5.73307680e-01
1.20793 5.57082240e-01
1.21211 5.40914000e-01
1.21630 5.30518560e-01
1.22052 5.23186224e-01
1.22474 5.16288872e-01
1.22898 5.09032744e-01
1.23323 5.02242312e-01
1.23750 4.97893352e-01
1.24179 4.98615832e-01
1.24609 5.05287112e-01
1.25040 5.07979648e-01
1.25473 4.92283440e-01
1.25907 4.72024432e-01
1.26343 4.61464432e-01
1.26780 4.61914640e-01
1.27219 4.73262592e-01
1.27659 4.95320760e-01
1.28101 5.18366640e-01
1.28545 5.16275936e-01
1.28990 4.88262984e-01
1.29436 4.61867384e-01
1.29884 4.45949768e-01
1.30334 4.37217176e-01
1.30785 4.31683648e-01
1.31238 4.27614704e-01
1.31692 4.24501088e-01
1.32148 4.22844928e-01
1.32605 4.24193616e-01
1.33064 4.31228600e-01
1.33525 4.46542272e-01
1.33987 4.63811040e-01
1.34451 4.57514024e-01
1.34916 4.26641600e-01
1.35383 3.99993528e-01
1.35852 3.85945648e-01
1.36322 3.82196584e-01
1.36794 3.87223584e-01
1.37268 4.01422384e-01
1.37743 4.25029792e-01
1.38220 4.50887272e-01
1.38698 4.56635696e-01
1.39178 4.30941632e-01
1.39660 3.96564256e-01
1.40144 3.70733000e-01
1.40629 3.56008488e-01
1.41115 3.49560816e-01
1.41604 3.47464656e-01
1.42094 3.48036480e-01
1.42586 3.51545568e-01
1.43080 3.60598480e-01
1.43575 3.81054520e-01
1.44072 4.17860256e-01
1.44571 4.39901000e-01
1.45071 4.00784120e-01
1.45573 3.56037616e-01
1.46077 3.33346640e-01
1.46583 3.26491880e-01
1.47090 3.30727496e-01
1.47599 3.44890568e-01
1.48110 3.68014592e-01
1.48623 3.92428168e-01
1.49137 3.98784320e-01
1.49654 3.78120776e-01
1.50172 3.49497104e-01
1.50692 3.28639608e-01
1.51213 3.16113952e-01
1.51737 3.10075832e-01
1.52262 3.08695640e-01
1.52789 3.11093816e-01
1.53318 3.17532160e-01
1.53849 3.29697632e-01
1.54381 3.51041592e-01
1.54916 3.84978352e-01
1.55452 4.21591368e-01
1.55990 4.21552472e-01
1.56530 3.79005000e-01
1.57072 3.37314912e-01
1.57615 3.11982264e-01
1.58161 2.99470512e-01
1.58709 2.95559352e-01
1.59258 2.98010416e-01
1.59809 3.05724672e-01
1.60362 3.17528464e-01
1.60918 3.30996952e-01
1.61475 3.41845592e-01
1.62034 3.44714128e-01
1.62594 3.37358824e-01
1.63157 3.23265800e-01
1.63722 3.08267872e-01
1.64289 2.96256752e-01
1.64857 2.88528768e-01
1.65428 2.85030768e-01
1.66001 2.85420256e-01
1.66575 2.89599200e-01
1.67152 2.97976712e-01
1.67731 3.11632728e-01
1.68311 3.32241888e-01
1.68894 3.60797712e-01
1.69478 3.92677560e-01
1.70065 4.10627712e-01
1.70654 3.96076032e-01
1.71245 3.60228440e-01
1.71837 3.26998672e-01
1.72432 3.04449992e-01
1.73029 2.91285632e-01
1.73628 2.84868232e-01
1.74229 2.83284320e-01
1.74832 2.85322752e-01
1.75437 2.90104144e-01
1.76045 2.96709600e-01
1.76654 3.03868400e-01
1.77266 3.09842808e-01
1.77879 3.12765376e-01
1.78495 3.11478112e-01
1.79113 3.06295440e-01
1.79733 2.98884344e-01
1.80355 2.90475856e-01
1.80979 2.83453016e-01
1.81606 2.79756136e-01
1.82234 2.79987136e-01
1.82865 2.84607312e-01
1.83498 2.94235656e-01
1.84133 3.09634512e-01
1.84771 3.30963600e-01
1.85410 3.55442560e-01
1.86052 3.73972544e-01
1.86696 3.74043912e-01
1.87342 3.53846416e-01
1.87991 3.25451808e-01
1.88642 3.00086688e-01
1.89295 2.81490176e-01
1.89950 2.69201856e-01
1.90607 2.62078784e-01
1.91267 2.57840440e-01
1.91929 2.55741464e-01
1.92594 2.55242064e-01
1.93260 2.55886928e-01
1.93929 2.57254096e-01
1.94601 2.58923632e-01
1.95274 2.60475160e-01
1.95950 2.61519368e-01
1.96629 2.61760488e-01
1.97309 2.61067488e-01
1.97992 2.59521416e-01
1.98678 2.57408976e-01
1.99365 2.55163744e-01
2.00055 2.53249304e-01
2.00748 2.51849048e-01
2.01443 2.51826784e-01
2.02140 2.53578160e-01
2.02840 2.57435640e-01
2.03542 2.63644832e-01
2.04247 2.72264168e-01
2.04954 2.82924840e-01
2.05663 2.94428904e-01
2.06375 3.04370704e-01
2.07090 3.09390048e-01
2.07806 3.06694784e-01
2.08526 2.96087528e-01
2.09247 2.80263632e-01
2.09972 2.62904312e-01
2.10699 2.46748392e-01
2.11428 2.33080584e-01
2.12160 2.22153800e-01
2.12894 2.13724720e-01
2.13631 2.07394440e-01
2.14371 2.02763792e-01
2.15113 1.99485264e-01
2.15857 1.97269688e-01
2.16605 1.95876912e-01
2.17354 1.95104096e-01
2.18107 1.94777088e-01
2.18862 1.94744792e-01
2.19619 1.94879256e-01
2.20380 1.95321544e-01
2.21143 1.96003896e-01
2.21908 1.96650784e-01
2.22676 1.97271272e-01
2.23447 1.97916400e-01
2.24220 1.98676280e-01
2.24997 1.99672792e-01
2.25775 2.01048936e-01
2.26557 2.02957304e-01
2.27341 2.05545472e-01
2.28128 2.08938664e-01
2.28918 2.13213792e-01
2.29710 2.18360208e-01
2.30505 2.24222152e-01
2.31303 2.30427296e-01
2.32104 2.36325760e-01
2.32908 2.40999176e-01
2.33714 2.43412488e-01
2.34523 2.42730576e-01
2.35335 2.38671840e-01
2.36149 2.31663872e-01
2.36967 2.22668952e-01
2.37787 2.12806792e-01
2.38610 2.03022776e-01
2.39436 1.93941616e-01
2.40265 1.85913552e-01
2.41097 1.79068384e-01
2.41931 1.73303768e-01
2.42769 1.68524752e-01
2.43609 1.64614384e-01
2.44452 1.61456064e-01
2.45298 1.58942784e-01
2.46148 1.56981528e-01
2.47000 1.55492480e-01
2.47855 1.54408760e-01
2.48713 1.53674400e-01
2.49574 1.53243288e-01
2.50438 1.53078112e-01
2.51304 1.53150008e-01
2.52174 1.53437856e-01
2.53047 1.53928016e-01
2.53923 1.54614768e-01
2.54802 1.55499520e-01
2.55684 1.56590720e-01
2.56569 1.57902624e-01
2.57457 1.59454328e-01
2.58349 1.61267480e-01
2.59243 1.63363112e-01
2.60140 1.65792616e-01
2.61041 1.68725216e-01
2.61944 1.71962032e-01
2.62851 1.75457568e-01
2.63761 1.79124088e-01
2.64674 1.82820528e-01
2.65590 1.86346688e-01
2.66510 1.89446840e-01
2.67432 1.91830056e-01
2.68358 1.93210160e-01
2.69287 1.93359056e-01
2.70219 1.92160320e-01
2.71154 1.89641760e-01
2.72093 1.85972688e-01
2.73035 1.81425464e-01
2.73980 1.76318296e-01
2.74928 1.70959536e-01
2.75880 1.65608696e-01
2.76835 1.60459112e-01
2.77793 1.55638384e-01
2.78755 1.51218232e-01
2.79720 1.47228664e-01
2.80688 1.43682616e-01
2.81660 1.40549816e-01
2.82635 1.37799728e-01
2.83613 1.35404016e-01
2.84595 1.33333904e-01
2.85580 1.31561584e-01
2.86569 1.30061976e-01
2.87561 1.28812552e-01
2.88556 1.27794040e-01
2.89555 1.26989808e-01
2.90557 1.26385952e-01
2.91563 1.25971032e-01
2.92572 1.25735896e-01
2.93585 1.25673328e-01
2.94601 1.25777608e-01
2.95621 1.26044600e-01
2.96644 1.26471224e-01
2.97671 1.27055280e-01
2.98702 1.27794656e-01
2.99736 1.28687328e-01
3.00773 1.29765680e-01
3.01814 1.31004280e-01
3.02859 1.32384296e-01
3.03907 1.33894904e-01
3.04960 1.35520704e-01
3.06015 1.37239784e-01
3.07074 1.39022928e-01
3.08137 1.40832208e-01
3.09204 1.42620192e-01
3.10274 1.44330472e-01
3.11348 1.45898632e-01
3.12426 1.47254624e-01
3.13508 1.48326992e-01
3.14593 1.49048328e-01
3.15682 1.49361256e-01
3.16775 1.49224768e-01
3.17871 1.48619328e-01
3.18972 1.47549160e-01
3.20076 1.46042952e-01
3.21184 1.44150336e-01
3.22295 1.41936872e-01
3.23411 1.39477712e-01
3.24531 1.36850296e-01
3.25654 1.34129336e-01
3.26781 1.31381712e-01
3.27912 1.28664448e-01
3.29047 1.26023128e-01
3.30187 1.23492248e-01
3.31330 1.21096360e-01
3.32476 1.18851128e-01
3.33627 1.16765528e-01
3.34782 1.14842728e-01
3.35941 1.13081936e-01
3.37104 1.11479808e-01
3.38271 1.10030712e-01
3.39442 1.08728400e-01
3.40617 1.07565744e-01
3.41796 1.06535704e-01
3.42979 1.05631416e-01
3.44166 1.04846280e-01
3.45358 1.04174224e-01
3.46553 1.03609792e-01
3.47753 1.03147792e-01
3.48957 1.02783824e-01
3.50164 1.02516744e-01
3.51377 1.02361688e-01
3.52593 1.02295952e-01
3.53814 1.02316104e-01
3.55038 1.02418712e-01
3.56267 1.02600520e-01
3.57500 1.02857920e-01
3.58738 1.03187128e-01
3.59980 1.03583920e-01
3.61226 1.04043456e-01
3.62476 1.04560368e-01
3.63731 1.05128144e-01
3.64990 1.05739392e-01
3.66254 1.06385576e-01
3.67521 1.07056840e-01
3.68794 1.07742008e-01
3.70070 1.08428496e-01
3.71351 1.09102400e-01
3.72637 1.09748496e-01
3.73927 1.10350680e-01
3.75221 1.10892056e-01
3.76520 1.11355464e-01
3.77823 1.11723920e-01
3.79131 1.11981408e-01
3.80443 1.12113320e-01
3.81760 1.12107248e-01
3.83082 1.11953336e-01
3.84408 1.11645424e-01
3.85739 1.11180696e-01
3.87074 1.10560296e-01
3.88414 1.09789328e-01
3.89758 1.08876416e-01
3.91107 1.07833528e-01
3.92461 1.06675184e-01
3.93820 1.05417928e-01
3.95183 1.04079712e-01
3.96551 1.02678840e-01
3.97924 1.01233880e-01
3.99301 9.97624320e-02
4.00683 9.83004000e-02
4.02070 9.68635360e-02
4.03462 9.54456800e-02
4.04859 9.40592400e-02
4.06260 9.27144240e-02
4.07667 9.14196800e-02
4.09078 9.01818720e-02
4.10494 8.90060160e-02
4.11915 8.78959136e-02
4.13341 8.68541168e-02
4.14771 8.58820776e-02
4.16207 8.49803680e-02
4.17648 8.41488208e-02
4.19094 8.33866792e-02
4.20545 8.26926760e-02
4.22000 8.20652184e-02
4.23461 8.15023792e-02
4.24927 8.10020376e-02
4.26398 8.05619320e-02
4.27874 8.01796600e-02
4.29355 7.98527840e-02
4.30841 7.95788136e-02
4.32332 7.93552584e-02
4.33829 7.91795928e-02
4.35331 7.90493440e-02
4.36838 7.89619952e-02
4.38350 7.89151000e-02
4.39867 7.89061592e-02
4.41390 7.89327176e-02
4.42918 7.89922848e-02
4.44451 7.90823704e-02
4.45990 7.92004312e-02
4.47533 7.93438976e-02
4.49083 7.95101296e-02
4.50637 7.99540456e-02
4.52197 8.07922456e-02
4.53762 8.16524016e-02
4.55333 8.25314424e-02
4.56909 8.34260416e-02
4.58491 8.43326880e-02
4.60078 8.52476240e-02
4.61670 8.61668544e-02
4.63269 8.70861992e-02
4.64872 8.80012320e-02
4.66481 8.89075440e-02
4.68096 8.98003040e-02
4.69717 9.06748480e-02
4.71343 9.15264240e-02
4.72974 9.23501920e-02
4.74611 9.31414880e-02
4.76254 9.38959120e-02
4.77903 9.46092400e-02
4.79557 9.52774240e-02
4.81217 9.58970320e-02
4.82883 9.64648960e-02
4.84555 9.69784640e-02
4.86232 9.74357120e-02
4.87915 9.78352320e-02
4.89604 9.81763200e-02
4.91299 9.84586240e-02
4.92999 9.86827600e-02
4.94706 9.88496960e-02
4.96418 9.89612800e-02
4.98137 9.90196240e-02
4.99861 9.90273680e-02
5.01591 9.88005040e-02
5.03328 9.85127440e-02
5.05070 9.81846800e-02
5.06818 9.78211520e-02
5.08573 9.74267360e-02
5.10333 9.70063600e-02
5.12100 9.65646000e-02
5.13873 9.61064720e-02
5.15651 9.56362880e-02
5.17436 9.51585360e-02
5.19228 9.46773520e-02
5.21025 9.41967840e-02
5.22828 9.37205280e-02
5.24638 9.32518400e-02
5.26454 9.27940640e-02
5.28277 9.23500160e-02
5.30105 9.19222480e-02
5.31940 9.15130480e-02
5.33782 9.11247040e-02
5.35629 9.07588000e-02
5.37484 9.04170960e-02
5.39344 9.01008240e-02
5.41211 8.98113040e-02
5.43084 8.95494160e-02
5.44965 8.93159520e-02
5.46851 8.91116160e-02
5.48744 8.89368480e-02
5.50643 8.85509680e-02
5.52550 8.77334040e-02
5.54462 8.69594528e-02
5.56381 8.62280056e-02
5.58308 8.55378744e-02
5.60240 8.48877480e-02
5.62179 8.42762360e-02
5.64125 8.37018952e-02
5.66078 8.31632208e-02
5.68038 8.26586640e-02
5.70004 8.21866408e-02
5.71977 8.17455232e-02
5.73957 8.13336568e-02
5.75944 8.09493784e-02
5.77938 8.05909984e-02
5.79938 8.02568096e-02
5.81946 7.99450960e-02
5.83960 7.96541416e-02
5.85982 7.93822128e-02
5.88010 7.91275848e-02
5.90045 7.88885416e-02
5.92088 7.86633584e-02
5.94137 7.84503192e-02
5.96194 7.82477520e-02
5.98258 7.80539584e-02
6.00329 7.78697568e-02
6.02407 7.77038328e-02
6.04492 7.75412088e-02
6.06585 7.73801072e-02
6.08684 7.72187944e-02
6.10791 7.70555984e-02
6.12906 7.68889352e-02
6.15027 7.67172912e-02
6.17156 7.65392320e-02
6.19293 7.63534200e-02
6.21436 7.61586056e-02
6.23588 7.59536448e-02
6.25746 7.57375080e-02
6.27912 7.55092624e-02
6.30086 7.52680896e-02
6.32267 7.50132856e-02
6.34455 7.47442784e-02
6.36652 7.44606016e-02
6.38856 7.41618856e-02
6.41067 7.38479104e-02
6.43286 7.35185440e-02
6.45513 7.31737688e-02
6.47747 7.28136816e-02
6.49990 7.24384672e-02
6.52240 7.24097528e-02
6.54497 7.23602528e-02
6.56763 7.22889464e-02
6.59037 7.21966696e-02
6.61318 7.20843464e-02
6.63607 7.19530064e-02
6.65904 7.18037672e-02
6.68209 7.16377992e-02
6.70522 7.14563432e-02
6.72843 7.12606488e-02
6.75172 7.10520008e-02
6.77510 7.08316048e-02
6.79855 7.06009304e-02
6.82208 7.03611392e-02
6.84570 7.01134984e-02
6.86939 6.98592048e-02
6.89317 6.95994376e-02
6.91704 6.93353320e-02
6.94098 6.90679616e-02
6.96500 6.87983560e-02
6.98911 6.85274744e-02
7.01331 6.84852432e-02
7.03759 6.86339192e-02
7.06195 6.87881128e-02
7.08639 6.89492584e-02
7.11092 6.91186320e-02
7.13554 6.92974040e-02
7.16024 6.94865776e-02
7.18502 6.96870768e-02
7.20990 6.98997024e-02
7.23485 7.01251320e-02
7.25990 7.03639728e-02
7.28503 7.06167352e-02
7.31025 7.08838416e-02
7.33555 7.11656440e-02
7.36094 7.14624240e-02
7.38642 7.17744192e-02
7.41199 7.21017880e-02
7.43765 7.24446536e-02
7.46340 7.28030952e-02
7.48923 7.31771480e-02
7.51516 7.67944232e-02
7.54117 8.31310040e-02
7.56727 9.00347360e-02
7.59347 9.75532800e-02
7.61975 1.05737280e-01
7.64613 1.14640592e-01
7.67260 1.24320152e-01
7.69916 1.34836328e-01
7.72581 1.46252744e-01
7.75255 1.58635928e-01
7.77939 1.72055664e-01
7.80632 1.86584640e-01
7.83334 2.02298008e-01
7.86046 2.19273384e-01
7.88767 2.37589968e-01
7.91497 2.57328456e-01
7.94237 2.78570248e-01
7.96986 3.01396568e-01
7.99745 3.25887496e-01
8.02513 3.60618368e-01
8.05291 3.99435168e-01
8.08079 4.41698488e-01
8.10876 4.87543144e-01
8.13683 5.37071392e-01
8.16500 5.90344568e-01
8.19326 6.47373936e-01
8.22162 6.82728112e-01
8.25008 7.11310952e-01
8.27864 7.40702864e-01
8.30730 7.70895224e-01
8.33605 8.01876680e-01
8.36491 8.33633504e-01
8.39386 8.66149592e-01
8.42292 8.94919520e-01
8.45208 9.23022320e-01
8.48133 9.51625840e-01
8.51069 9.80718640e-01
8.54016 1.01028752e+00
8.56972 1.04031928e+00
8.59938 1.07079808e+00
8.62915 1.10436568e+00
8.65902 1.13837152e+00
8.68899 1.17271440e+00
8.71907 1.20734856e+00
8.74925 1.24222208e+00
8.77954 1.27728040e+00
8.80993 1.30986680e+00
8.84043 1.33682296e+00
8.87103 1.36327488e+00
8.90174 1.38915216e+00
8.93255 1.41438264e+00
8.96347 1.43889240e+00
8.99450 1.46260840e+00
9.02563 1.47298888e+00
9.05688 1.48047240e+00
9.08823 1.48780456e+00
9.11969 1.49498800e+00
9.15126 1.50202272e+00
9.18294 1.50891136e+00
9.21472 1.51540752e+00
9.24662 1.52149800e+00
9.27863 1.52748376e+00
9.31075 1.53336656e+00
9.34298 1.53914640e+00
9.37532 1.54482504e+00
9.40777 1.55019832e+00
9.44034 1.55483240e+00
9.47302 1.55939168e+00
9.50581 1.56387968e+00
9.53871 1.56829992e+00
9.57173 1.57265416e+00
9.60487 1.57657016e+00
9.63811 1.57827560e+00
9.67148 1.57999072e+00
9.70495 1.58171992e+00
9.73855 1.58346760e+00
9.77226 1.58523640e+00
9.80609 1.58674736e+00
9.84003 1.58698496e+00
9.87409 1.58724104e+00
9.90827 1.58751648e+00
9.94257 1.58781128e+00
9.97699 1.58812632e+00
10.01153 1.58872736e+00
10.04618 1.58987488e+00
10.08096 1.59103472e+00
10.11585 1.59220688e+00
10.15087 1.59339048e+00
10.18601 1.59458640e+00
10.22127 1.59586240e+00
10.25665 1.59720088e+00
10.29215 1.59856136e+00
10.32778 1.59994296e+00
10.36353 1.60134656e+00
10.39941 1.60277304e+00
10.43540 1.60331952e+00
10.47153 1.60388800e+00
10.50777 1.60449432e+00
10.54415 1.60513936e+00
10.58065 1.60582400e+00
10.61727 1.60595688e+00
10.65403 1.60546936e+00
10.69091 1.60502936e+00
10.72791 1.60463424e+00
10.76505 1.60429280e+00
10.80231 1.60385192e+00
10.83971 1.60113008e+00
10.87723 1.59842848e+00
10.91488 1.59575064e+00
10.95266 1.59310096e+00
10.99058 1.59048560e+00
11.02862 1.58519680e+00
11.06680 1.57890920e+00
11.10511 1.57250280e+00
11.14355 1.56598288e+00
11.18212 1.55935472e+00
11.22083 1.55070256e+00
11.25967 1.54012760e+00
11.29865 1.52923936e+00
11.33776 1.51804400e+00
11.37701 1.50655032e+00
11.41639 1.49227760e+00
11.45591 1.47396744e+00
11.49556 1.45503336e+00
11.53536 1.43550176e+00
11.57529 1.41540344e+00
11.61536 1.39307080e+00
11.65556 1.36735544e+00
11.69591 1.34098800e+00
11.73640 1.31403536e+00
11.77702 1.28656528e+00
11.81779 1.25420768e+00
11.85870 1.21560560e+00
11.89975 1.17661984e+00
11.94094 1.13742728e+00
11.98227 1.09819688e+00
12.02375 1.05782864e+00
12.06537 1.01703888e+00
12.10714 9.76985680e-01
12.14905 9.37798400e-01
12.19110 8.99580880e-01
12.23330 8.62416632e-01
12.27565 8.26369808e-01
12.31814 7.91485992e-01
12.36078 7.57795104e-01
12.40357 7.25313160e-01
12.44651 6.94044736e-01
12.48959 6.63984200e-01
12.53283 6.41577640e-01
12.57621 6.22044632e-01
12.61974 6.03252936e-01
12.66343 5.85169904e-01
12.70726 5.67763592e-01
12.75125 5.51003112e-01
12.79539 5.34858632e-01
12.83968 5.19301552e-01
12.88413 5.04304240e-01
12.92873 4.89840736e-01
12.97348 4.75885872e-01
13.01839 4.68261376e-01
13.06345 4.69306640e-01
13.10867 4.70470440e-01
13.15405 4.71747760e-01
13.19959 4.73133760e-01
13.24528 4.74623864e-01
13.29113 4.76214024e-01
13.33713 4.77900280e-01
13.38330 4.79679024e-01
13.42963 4.81546912e-01
13.47612 4.83500864e-01
13.52277 4.85900888e-01
13.56958 4.88747336e-01
13.61655 4.91652568e-01
13.66368 4.94615968e-01
13.71098 4.97637184e-01
13.75844 5.00715688e-01
13.80607 5.03851040e-01
13.85386 5.07042976e-01
13.90182 5.10291232e-01
13.94994 5.13595368e-01
13.99823 5.16955296e-01
14.04668 5.18460800e-01
14.09531 5.19930224e-01
14.14410 5.21435464e-01
14.19306 5.22975728e-01
14.24219 5.24550576e-01
14.29149 5.26159392e-01
14.34096 5.27801824e-01
14.39060 5.29477344e-01
14.44042 5.31185512e-01
14.49041 5.32925888e-01
14.54057 5.35059888e-01
14.59090 5.37320872e-01
14.64141 5.39623480e-01
14.69209 5.41967272e-01
14.74295 5.44351368e-01
14.79398 5.46775416e-01
14.84519 5.49238800e-01
14.89658 5.51741080e-01
14.94814 5.54281728e-01
14.99989 5.56860304e-01
15.05181 5.64964840e-01
15.10392 5.73224960e-01
15.15620 5.81630808e-01
15.20866 5.90184320e-01
15.26131 5.98887608e-01
15.31414 6.07742696e-01
15.36715 6.16751960e-01
15.42034 6.25917688e-01
15.47372 6.35242344e-01
15.52729 6.47075000e-01
15.58103 6.61456752e-01
15.63497 6.76170176e-01
15.68909 6.91223544e-01
15.74340 7.06625480e-01
15.79790 7.22384608e-01
15.85258 7.38510344e-01
15.90746 7.55012280e-01
15.96252 7.71900360e-01
16.01778 7.88987408e-01
16.07323 8.06038288e-01
16.12886 8.23465984e-01
16.18470 8.41279560e-01
16.24072 8.59488344e-01
16.29694 8.78101752e-01
16.35335 8.97129200e-01
16.40996 9.16581600e-01
16.46677 9.36467840e-01
16.52377 9.54442720e-01
16.58097 9.69401840e-01
16.63836 9.84581840e-01
16.69596 9.99983600e-01
16.75375 1.01561152e+00
16.81175 1.03146472e+00
16.86994 1.04754496e+00
16.92834 1.06385488e+00
16.98694 1.08039360e+00
17.04574 1.09367984e+00
17.10474 1.10607288e+00
17.16395 1.11855040e+00
17.22337 1.13110888e+00
17.28299 1.14374656e+00
17.34281 1.15645992e+00
17.40285 1.16924368e+00
17.46309 1.18209520e+00
17.52354 1.19291480e+00
17.58420 1.20042648e+00
17.64507 1.20788184e+00
17.70615 1.21527648e+00
17.76744 1.22260688e+00
17.82894 1.22986688e+00
17.89066 1.23705384e+00
17.95259 1.24416248e+00
18.01473 1.25011568e+00
18.07709 1.25251016e+00
18.13967 1.25479376e+00
18.20246 1.25696384e+00
18.26547 1.25901952e+00
18.32870 1.26095816e+00
18.39214 1.26277888e+00
18.45581 1.26447904e+00
18.51969 1.26556936e+00
18.58380 1.26545760e+00
18.64813 1.26526312e+00
18.71268 1.26497976e+00
18.77746 1.26460576e+00
18.84246 1.26414112e+00
18.90768 1.26358496e+00
18.97313 1.26293816e+00
19.03881 1.26290736e+00
19.10472 1.26329896e+00
19.17085 1.26362632e+00
19.23721 1.26389032e+00
19.30380 1.26408920e+00
19.37062 1.26422208e+00
19.43768 1.26428896e+00
19.50496 1.26463832e+00
19.57248 1.26932256e+00
19.64023 1.27393640e+00
19.70822 1.27847720e+00
19.77644 1.28294056e+00
19.84490 1.28732208e+00
19.91359 1.29161912e+00
19.98252 1.29582552e+00
20.05169 1.29868904e+00
20.12110 1.30073680e+00
20.19076 1.30234104e+00
20.26065 1.30349384e+00
20.33078 1.30418904e+00
20.40116 1.30441872e+00
20.47178 1.30417760e+00
20.54264 1.30346128e+00
20.61375 1.30226448e+00
20.68511 1.30058456e+00
20.75671 1.29841800e+00
20.82856 1.29576392e+00
20.90066 1.29262056e+00
20.97301 1.28898880e+00
21.04561 1.27005208e+00
21.11846 1.24251248e+00
21.19157 1.21531608e+00
21.26492 1.18847608e+00
21.33853 1.16200392e+00
21.41240 1.13591280e+00
21.48652 1.11021328e+00
21.56090 1.08491768e+00
21.63553 1.06003568e+00
21.71043 1.03557784e+00
21.78558 1.01155384e+00
21.86099 9.87975120e-01
21.93666 9.64848720e-01
22.01260 9.43061680e-01
22.08880 9.25948320e-01
22.16526 9.08947600e-01
22.24199 8.92071840e-01
22.31898 8.75330544e-01
22.39624 8.58732776e-01
22.47377 8.42287336e-01
22.55156 8.26002320e-01
22.62962 8.09884856e-01
22.70796 7.93941720e-01
22.78656 7.78178896e-01
22.86544 7.62601752e-01
22.94459 7.47215304e-01
23.02402 7.33746024e-01
23.10372 7.24381944e-01
23.18369 7.15105072e-01
23.26394 7.05915936e-01
23.34447 6.96815240e-01
23.42528 6.87803424e-01
23.50637 6.78880840e-01
23.58774 6.70047928e-01
23.66939 6.61304952e-01
23.75133 6.52652088e-01
23.83354 6.44089512e-01
23.91604 6.35617312e-01
23.99883 6.27235664e-01
24.08191 6.21279824e-01
24.16527 6.15412424e-01
24.24892 6.09599496e-01
24.33286 6.03840512e-01
24.41709 5.98135296e-01
24.50161 5.92483408e-01
24.58642 5.86884496e-01
24.67153 5.81338208e-01
24.75693 5.75844104e-01
24.84263 5.70401832e-01
24.92863 5.65011040e-01
25.01492 5.59865240e-01
25.10151 5.55690432e-01
25.18840 5.51550472e-01
25.27559 5.47445096e-01
25.36309 5.43373952e-01
25.45088 5.39336952e-01
25.53898 5.35333568e-01
25.62739 5.31363712e-01
25.71610 5.27426944e-01
25.80512 5.23523088e-01
25.89444 5.19651880e-01
25.98408 5.15812968e-01
26.07403 5.12305288e-01
26.16428 5.08887368e-01
26.25485 5.05493824e-01
26.34574 5.02124480e-01
26.43694 4.98779248e-01
26.52845 4.95457952e-01
26.62028 4.92160416e-01
26.71243 4.88886464e-01
26.80489 4.85636008e-01
26.89768 4.82408784e-01
26.99079 4.79204792e-01
27.08422 4.75888776e-01
27.17798 4.72581648e-01
27.27205 4.69298104e-01
27.36646 4.66037792e-01
27.46119 4.62800800e-01
27.55625 4.59586864e-01
27.65164 4.56395808e-01
27.74736 4.53227632e-01
27.84341 4.50082072e-01
27.93979 4.46959040e-01
28.03650 4.43849384e-01
28.13355 4.40746680e-01
28.23094 4.37665624e-01
28.32867 4.34605952e-01
28.42673 4.31567576e-01
28.52513 4.28550320e-01
28.62387 4.25554184e-01
28.72295 4.22578904e-01
28.82238 4.19624392e-01
28.92215 4.16690560e-01
29.02227 4.13684304e-01
29.12273 4.10376208e-01
29.22354 4.07093544e-01
29.32470 4.03836312e-01
29.42621 4.00604336e-01
29.52807 3.97397352e-01
29.63029 3.94215184e-01
29.73286 3.91057832e-01
29.83578 3.87924944e-01
29.93906 3.84816520e-01
30.04269 3.81634528e-01
30.14669 3.78339456e-01
30.25104 3.75071664e-01
30.35576 3.71831152e-01
30.46084 3.68617568e-01
30.56628 3.65430912e-01
30.67209 3.62270744e-01
30.77826 3.59137064e-01
30.88481 3.56029608e-01
30.99172 3.52948112e-01
31.09900 3.49892488e-01
31.20665 3.46862560e-01
31.31467 3.43857976e-01
31.42307 3.40878736e-01
31.53184 3.37924488e-01
31.64099 3.34995232e-01
31.75052 3.32090528e-01
31.86043 3.29210464e-01
31.97072 3.26354600e-01
32.08139 3.23345440e-01
32.19244 3.20299936e-01
32.30388 3.17282240e-01
32.41570 3.14292176e-01
32.52791 3.11329480e-01
32.64051 3.08394064e-01
32.75349 3.05485488e-01
32.86687 3.02603576e-01
32.98064 2.99748240e-01
33.09481 2.96919128e-01
33.20937 2.94116064e-01
33.32433 2.91338784e-01
33.43968 2.88587112e-01
33.55544 2.85860872e-01
33.67159 2.83159712e-01
33.78815 2.80483544e-01
33.90511 2.77832016e-01
34.02247 2.75194656e-01
34.14024 2.72538376e-01
34.25842 2.69907616e-01
34.37701 2.67302200e-01
34.49601 2.64721776e-01
34.61542 2.62166168e-01
34.73525 2.59635200e-01
34.85549 2.57128520e-01
34.97614 2.54646040e-01
35.09721 2.52187408e-01
35.21871 2.49752536e-01
35.34062 2.47341072e-01
35.46295 2.44952928e-01
35.58571 2.42587752e-01
35.70889 2.40245368e-01
35.83250 2.37925688e-01
35.95654 2.35628272e-01
36.08101 2.33311232e-01
36.20590 2.30994456e-01
36.33123 2.28700384e-01
36.45700 2.26428928e-01
36.58320 2.24179912e-01
36.70983 2.21952896e-01
36.83691 2.19747880e-01
36.96442 2.17564600e-01
37.09238 2.15402792e-01
37.22077 2.13262280e-01
37.34962 2.11142888e-01
37.47890 2.09044440e-01
37.60864 2.06966672e-01
37.73883 2.04909408e-01
37.86946 2.02872472e-01
38.00055 2.00855688e-01
38.13209 1.98872696e-01
38.26409 1.96909416e-01
38.39654 1.94965760e-01
38.52946 1.93041552e-01
38.66283 1.91136440e-01
38.79667 1.89250336e-01
38.93096 1.87383064e-01
39.06573 1.85534448e-01
39.20096 1.83704224e-01
39.33665 1.81892304e-01
39.47282 1.80098424e-01
39.60946 1.78322496e-01
39.74657 1.76564256e-01
39.88416 1.74823528e-01
40.02222 1.73120816e-01
40.16076 1.71541832e-01
40.29978 1.69977808e-01
40.43928 1.68428480e-01
40.57926 1.66893848e-01
40.71973 1.65373648e-01
40.86069 1.63867880e-01
41.00213 1.62376280e-01
41.14406 1.60898760e-01
41.28648 1.59435144e-01
41.42940 1.57985256e-01
41.57281 1.56549096e-01
41.71672 1.55126488e-01
41.86113 1.53717256e-01
42.00603 1.52321224e-01
42.15144 1.50938392e-01
42.29735 1.49568496e-01
42.44377 1.48211536e-01
42.59069 1.46867248e-01
42.73812 1.45535632e-01
42.88606 1.44216512e-01
43.03451 1.42909712e-01
43.18348 1.41615232e-01
43.33297 1.40332896e-01
43.48297 1.39062528e-01
43.63349 1.37804128e-01
43.78453 1.36557432e-01
43.93609 1.35322440e-01
44.08818 1.34098976e-01
44.24079 1.32887040e-01
44.39394 1.31684344e-01
44.54761 1.30494936e-01
44.70182 1.29316616e-01
44.85655 1.28149384e-01
45.01183 1.27006704e-01
45.16764 1.26040288e-01
45.32399 1.25081704e-01
45.48089 1.24131128e-01
45.63832 1.23188296e-01
45.79630 1.22253208e-01
45.95483 1.21325688e-01
46.11391 1.20405824e-01
46.27353 1.19493528e-01
46.43371 1.18588624e-01
46.59445 1.17691112e-01
46.75574 1.16800904e-01
46.91759 1.15917912e-01
47.08000 1.15042136e-01
47.24297 1.14173488e-01
47.40650 1.13311880e-01
47.57060 1.12457224e-01
47.73527 1.11609520e-01
47.90051 1.10768680e-01
48.06633 1.09934704e-01
48.23271 1.09107416e-01
48.39967 1.08286816e-01
48.56721 1.07472816e-01
48.73533 1.06665328e-01
48.90403 1.05864440e-01
49.07332 1.05069888e-01
49.24319 1.04281848e-01
49.41365 1.03500056e-01
49.58470 1.02724512e-01
49.75634 1.01955216e-01
49.92858 1.01192080e-01
50.10141 1.00340064e-01
50.27484 9.94289120e-02
50.44887 9.85262960e-02
50.62350 9.76321280e-02
50.79874 9.67462320e-02
50.97458 9.58686080e-02
51.15104 9.49991680e-02
51.32810 9.41378240e-02
51.50578 9.32844000e-02
51.68407 9.24389840e-02
51.86298 9.16014000e-02
52.04250 9.07716480e-02
52.22265 8.99495520e-02
52.40343 8.91351120e-02
52.58482 8.83281520e-02
52.76685 8.75287776e-02
52.94951 8.67367864e-02
53.13280 8.59521344e-02
53.31672 8.51747600e-02
53.50128 8.44045928e-02
53.68648 8.36415624e-02
53.87232 8.28855984e-02
54.05880 8.21366304e-02
54.24593 8.13945968e-02
54.43371 8.06594360e-02
54.62214 7.99310688e-02
54.81122 7.92094336e-02
55.00095 7.84951200e-02
55.19134 7.79148744e-02
55.38239 7.73391784e-02
55.57410 7.67679968e-02
55.76647 7.62013032e-02
55.95951 7.56390448e-02
56.15322 7.50811864e-02
56.34760 7.45277016e-02
56.54265 7.39785376e-02
56.73838 7.34336680e-02
56.93479 7.28930488e-02
57.13187 7.23566448e-02
57.32964 7.18244208e-02
57.52809 7.12963504e-02
57.72723 7.07723808e-02
57.92705 7.02524856e-02
58.12757 6.97366384e-02
58.32879 6.92247864e-02
58.53070 6.87169120e-02
58.73331 6.82129800e-02
58.93662 6.77129464e-02
59.14063 6.72167848e-02
59.34535 6.67244600e-02
59.55078 6.62359456e-02
59.75692 6.57512064e-02
59.96377 6.52702072e-02
60.17134 6.47281712e-02
60.37963 6.41771944e-02
60.58864 6.36310664e-02
60.79837 6.30897256e-02
61.00883 6.25531368e-02
61.22002 6.20212560e-02
61.43194 6.14940392e-02
61.64459 6.09714424e-02
61.85797 6.04534216e-02
62.07210 5.99399416e-02
62.28697 5.94309496e-02
62.50258 5.89264192e-02
62.71894 5.84262976e-02
62.93605 5.79305408e-02
63.15390 5.74391224e-02
63.37252 5.69519984e-02
63.59189 5.64691248e-02
63.81201 5.59904752e-02
64.03290 5.55159880e-02
64.25456 5.50456456e-02
64.47698 5.45794040e-02
64.70017 5.41172280e-02
64.92414 5.36590736e-02
65.14888 5.32738360e-02
65.37440 5.29264736e-02
65.60070 5.25815312e-02
65.82778 5.22389912e-02
66.05565 5.18988272e-02
66.28430 5.15610216e-02
66.51375 5.12255656e-02
66.74400 5.08924328e-02
66.97504 5.05616056e-02
67.20688 5.02330664e-02
67.43952 4.99068064e-02
67.67297 4.95827904e-02
67.90722 4.92610184e-02
68.14229 4.89414728e-02
68.37817 4.86241184e-02
68.61486 4.83089552e-02
68.85238 4.79959656e-02
69.09072 4.76851232e-02
69.32988 4.73764192e-02
69.56987 4.70698360e-02
69.81069 4.67653560e-02
70.05235 4.64616152e-02
70.29484 4.61550936e-02
70.53817 4.58507016e-02
70.78235 4.55484216e-02
71.02737 4.52482448e-02
71.27323 4.49501360e-02
71.51995 4.46541040e-02
71.76752 4.43601136e-02
72.01595 4.40681560e-02
72.26524 4.37782224e-02
72.51539 4.34902952e-02
72.76641 4.32043480e-02
73.01830 4.29203808e-02
73.27106 4.26383672e-02
73.52469 4.23582984e-02
73.77920 4.20801568e-02
74.03460 4.18039336e-02
74.29087 4.15296024e-02
74.54804 4.12571720e-02
74.80609 4.09865984e-02
75.06504 4.07099352e-02
75.32488 4.04116328e-02
75.58563 4.01155832e-02
75.84727 3.98217688e-02
76.10982 3.95301720e-02
76.37328 3.92407840e-02
76.63766 3.89535784e-02
76.90295 3.86685288e-02
77.16915 3.83856352e-02
77.43628 3.81048800e-02
77.70433 3.78262368e-02
77.97331 3.75496880e-02
78.24322 3.72752248e-02
78.51407 3.70028208e-02
78.78585 3.67324672e-02
79.05857 3.64641552e-02
79.33224 3.61978496e-02
79.60686 3.59335504e-02
79.88242 3.56712400e-02
80.15894 3.54144824e-02
80.43642 3.51622832e-02
80.71486 3.49119408e-02
80.99426 3.46634376e-02
81.27463 3.44167736e-02
81.55596 3.41719136e-02
81.83828 3.39288576e-02
82.12157 3.36875880e-02
82.40584 3.34480872e-02
82.69109 3.32103464e-02
82.97733 3.29743480e-02
83.26457 3.27400832e-02
83.55279 3.25075344e-02
83.84202 3.22766928e-02
84.13225 3.20475408e-02
84.42348 3.18200696e-02
84.71572 3.15942616e-02
85.00897 3.13701080e-02
85.30323 3.11475912e-02
85.59852 3.09267024e-02
85.89482 3.07074240e-02
86.19215 3.04897560e-02
86.49052 3.02736720e-02
86.78991 3.00591632e-02
87.09034 2.98462208e-02
87.39181 2.96348360e-02
87.69432 2.94249824e-02
87.99789 2.92166688e-02
88.30250 2.90098688e-02
88.60816 2.88045736e-02
88.91489 2.86007744e-02
89.22267 2.83984536e-02
89.53153 2.81976112e-02
89.84145 2.79982208e-02
90.15244 2.78002912e-02
90.46451 2.76037872e-02
90.77766 2.74087176e-02
91.09190 2.72150648e-02
91.40722 2.70228112e-02
91.72363 2.68319568e-02
92.04114 2.66424840e-02
92.35975 2.64543928e-02
92.67946 2.62676568e-02
93.00028 2.60822760e-02
93.32221 2.58982328e-02
93.64525 2.57155272e-02
93.96941 2.55341416e-02
94.29469 2.53540760e-02
94.62110 2.51753040e-02
94.94864 2.49978256e-02
95.27731 2.48216320e-02
95.60712 2.46467056e-02
95.93807 2.44730464e-02
96.27017 2.43006456e-02
96.60342 2.41294856e-02
96.93782 2.39595576e-02
97.27338 2.37908528e-02
97.61010 2.36233712e-02
97.94798 2.34570952e-02
98.28704 2.32920160e-02
98.62727 2.31281248e-02
98.96867 2.29654216e-02
99.31126 2.28038800e-02
99.65504 2.26435000e-02
100.00000 2.24842816e-02
