        2000  5.000000 2.910000
0.10000 1.31440607e+00
0.10035 1.31431838e+00
0.10069 1.31419887e+00
0.10104 1.31409023e+00
0.10139 1.31400255e+00
0.10174 1.31391040e+00
0.10210 1.31380370e+00
0.10245 1.31370747e+00
0.10280 1.31358409e+00
0.10316 1.31345993e+00
0.10352 1.31332781e+00
0.10387 1.31316214e+00
0.10423 1.31298463e+00
0.10459 1.31285795e+00
0.10496 1.31278403e+00
0.10532 1.31270333e+00
0.10568 1.31261525e+00
0.10605 1.31251127e+00
0.10642 1.31238517e+00
0.10679 1.31223967e+00
0.10716 1.31209262e+00
0.10753 1.31192927e+00
0.10790 1.31175758e+00
0.10827 1.31162217e+00
0.10865 1.31149451e+00
0.10902 1.31135445e+00
0.10940 1.31123358e+00
0.10978 1.31110807e+00
0.11016 1.31094336e+00
0.11054 1.31076818e+00
0.11092 1.31059532e+00
0.11131 1.31041199e+00
0.11169 1.31025175e+00
0.11208 1.31014621e+00
0.11247 1.31004165e+00
0.11286 1.30990759e+00
0.11325 1.30976714e+00
0.11364 1.30961136e+00
0.11403 1.30942007e+00
0.11443 1.30919639e+00
0.11482 1.30897950e+00
0.11522 1.30878530e+00
0.11562 1.30860062e+00
0.11602 1.30842427e+00
0.11642 1.30826209e+00
0.11682 1.30811174e+00
0.11723 1.30796410e+00
0.11763 1.30780328e+00
0.11804 1.30762538e+00
0.11845 1.30745602e+00
0.11886 1.30727773e+00
0.11927 1.30706511e+00
0.11968 1.30683483e+00
0.12010 1.30660416e+00
0.12051 1.30638611e+00
0.12093 1.30616960e+00
0.12135 1.30595543e+00
0.12177 1.30577442e+00
0.12219 1.30559478e+00
0.12262 1.30541572e+00
0.12304 1.30525353e+00
0.12347 1.30508689e+00
0.12389 1.30487814e+00
0.12432 1.30462866e+00
0.12475 1.30434930e+00
0.12518 1.30406043e+00
0.12562 1.30379310e+00
0.12605 1.30355506e+00
0.12649 1.30336611e+00
0.12693 1.30319209e+00
0.12737 1.30302389e+00
0.12781 1.30284076e+00
0.12825 1.30263628e+00
0.12869 1.30243336e+00
0.12914 1.30216214e+00
0.12959 1.30184243e+00
0.13003 1.30154852e+00
0.13048 1.30125267e+00
0.13094 1.30096846e+00
0.13139 1.30069240e+00
0.13184 1.30044621e+00
0.13230 1.30022719e+00
0.13276 1.29999225e+00
0.13322 1.29971522e+00
0.13368 1.29945487e+00
0.13414 1.29921276e+00
0.13461 1.29901837e+00
0.13507 1.29879081e+00
0.13554 1.29856325e+00
0.13601 1.29829514e+00
0.13648 1.29794012e+00
0.13695 1.29762526e+00
0.13743 1.29731428e+00
0.13790 1.29698875e+00
0.13838 1.29672529e+00
0.13886 1.29645563e+00
0.13934 1.29614213e+00
0.13982 1.29584162e+00
0.14031 1.29552909e+00
0.14079 1.29521384e+00
0.14128 1.29488365e+00
0.14177 1.29458004e+00
0.14226 1.29426731e+00
0.14275 1.29395924e+00
0.14324 1.29368415e+00
0.14374 1.29342089e+00
0.14424 1.29318751e+00
0.14474 1.29289244e+00
0.14524 1.29255934e+00
0.14574 1.29223516e+00
0.14625 1.29186715e+00
0.14675 1.29145800e+00
0.14726 1.29112471e+00
0.14777 1.29076717e+00
0.14828 1.29041021e+00
0.14879 1.28996439e+00
0.14931 1.28963343e+00
0.14983 1.28940529e+00
0.15034 1.28905395e+00
0.15087 1.28875771e+00
0.15139 1.28845449e+00
0.15191 1.28814429e+00
0.15244 1.28782554e+00
0.15297 1.28746354e+00
0.15349 1.28706487e+00
0.15403 1.28661867e+00
0.15456 1.28611757e+00
0.15509 1.28567777e+00
0.15563 1.28520286e+00
0.15617 1.28482727e+00
0.15671 1.28446391e+00
0.15725 1.28415933e+00
0.15780 1.28385436e+00
0.15834 1.28358063e+00
0.15889 1.28328148e+00
0.15944 1.28289038e+00
0.15999 1.28252837e+00
0.16055 1.28211341e+00
0.16110 1.28162317e+00
0.16166 1.28120432e+00
0.16222 1.28076162e+00
0.16278 1.28035674e+00
0.16335 1.27992276e+00
0.16391 1.27941273e+00
0.16448 1.27906315e+00
0.16505 1.27862529e+00
0.16562 1.27816415e+00
0.16619 1.27772629e+00
0.16677 1.27731986e+00
0.16734 1.27695301e+00
0.16792 1.27646762e+00
0.16851 1.27598340e+00
0.16909 1.27559093e+00
0.16967 1.27517151e+00
0.17026 1.27473733e+00
0.17085 1.27421295e+00
0.17144 1.27379740e+00
0.17204 1.27340184e+00
0.17263 1.27296592e+00
0.17323 1.27255173e+00
0.17383 1.27212299e+00
0.17443 1.27161898e+00
0.17503 1.27107752e+00
0.17564 1.27052346e+00
0.17625 1.26998647e+00
0.17686 1.26947353e+00
0.17747 1.26884148e+00
0.17808 1.26846066e+00
0.17870 1.26800709e+00
0.17932 1.26756380e+00
0.17994 1.26713835e+00
0.18056 1.26676316e+00
0.18119 1.26632433e+00
0.18182 1.26586804e+00
0.18244 1.26543038e+00
0.18308 1.26494053e+00
0.18371 1.26441847e+00
0.18435 1.26387023e+00
0.18498 1.26320462e+00
0.18562 1.26268373e+00
0.18627 1.26198048e+00
0.18691 1.26141807e+00
0.18756 1.26084577e+00
0.18821 1.26016037e+00
0.18886 1.25980865e+00
0.18951 1.25916845e+00
0.19017 1.25878665e+00
0.19083 1.25825218e+00
0.19149 1.25773983e+00
0.19215 1.25718693e+00
0.19282 1.25668913e+00
0.19348 1.25610829e+00
0.19415 1.25549118e+00
0.19483 1.25503508e+00
0.19550 1.25447985e+00
0.19618 1.25388059e+00
0.19686 1.25338356e+00
0.19754 1.25287819e+00
0.19822 1.25222092e+00
0.19891 1.25169460e+00
0.19960 1.25116750e+00
0.20029 1.25041905e+00
0.20098 1.24990398e+00
0.20168 1.24924729e+00
0.20237 1.24857236e+00
0.20307 1.24794555e+00
0.20378 1.24730535e+00
0.20448 1.24664963e+00
0.20519 1.24608489e+00
0.20590 1.24546875e+00
0.20661 1.24498957e+00
0.20733 1.24438138e+00
0.20805 1.24394527e+00
0.20877 1.24338131e+00
0.20949 1.24273180e+00
0.21021 1.24222274e+00
0.21094 1.24148088e+00
0.21167 1.24076153e+00
0.21240 1.24011571e+00
0.21314 1.23930983e+00
0.21388 1.23860386e+00
0.21462 1.23788626e+00
0.21536 1.23722278e+00
0.21611 1.23642447e+00
0.21685 1.23591153e+00
0.21760 1.23514543e+00
0.21836 1.23453316e+00
0.21911 1.23397638e+00
0.21987 1.23324345e+00
0.22063 1.23272916e+00
0.22140 1.23200825e+00
0.22216 1.23144061e+00
0.22293 1.23068905e+00
0.22370 1.23015536e+00
0.22448 1.22934657e+00
0.22526 1.22883965e+00
0.22604 1.22809314e+00
0.22682 1.22753810e+00
0.22760 1.22681875e+00
0.22839 1.22627613e+00
0.22918 1.22542777e+00
0.22998 1.22484674e+00
0.23077 1.22400304e+00
0.23157 1.22319541e+00
0.23237 1.22247490e+00
0.23318 1.22156349e+00
0.23398 1.22082551e+00
0.23479 1.22004175e+00
0.23561 1.21920716e+00
0.23642 1.21859917e+00
0.23724 1.21775080e+00
0.23806 1.21719810e+00
0.23889 1.21641395e+00
0.23971 1.21588937e+00
0.24054 1.21507651e+00
0.24137 1.21454398e+00
0.24221 1.21373171e+00
0.24305 1.21304708e+00
0.24389 1.21227942e+00
0.24473 1.21140390e+00
0.24558 1.21072859e+00
0.24643 1.20973763e+00
0.24728 1.20905553e+00
0.24814 1.20816623e+00
0.24900 1.20738616e+00
0.24986 1.20652596e+00
0.25073 1.20577596e+00
0.25159 1.20491538e+00
0.25246 1.20404141e+00
0.25334 1.20329664e+00
0.25422 1.20234158e+00
0.25510 1.20167208e+00
0.25598 1.20061808e+00
0.25687 1.20009351e+00
0.25775 1.19911284e+00
0.25865 1.19846235e+00
0.25954 1.19769198e+00
0.26044 1.19707351e+00
0.26134 1.19625502e+00
0.26225 1.19571609e+00
0.26315 1.19491448e+00
0.26406 1.19425314e+00
0.26498 1.19349886e+00
0.26590 1.19263227e+00
0.26682 1.19193445e+00
0.26774 1.19090353e+00
0.26867 1.19010619e+00
0.26960 1.18914453e+00
0.27053 1.18823584e+00
0.27147 1.18731065e+00
0.27241 1.18639827e+00
0.27335 1.18544282e+00
0.27430 1.18465246e+00
0.27525 1.18358508e+00
0.27620 1.18284380e+00
0.27715 1.18175022e+00
0.27811 1.18110188e+00
0.27908 1.17993070e+00
0.28004 1.17922396e+00
0.28101 1.17827918e+00
0.28198 1.17738833e+00
0.28296 1.17657275e+00
0.28394 1.17567201e+00
0.28492 1.17497303e+00
0.28591 1.17400497e+00
0.28690 1.17328853e+00
0.28789 1.17245336e+00
0.28889 1.17165000e+00
0.28989 1.17058960e+00
0.29089 1.16988247e+00
0.29190 1.16886688e+00
0.29291 1.16785750e+00
0.29392 1.16680155e+00
0.29494 1.16599277e+00
0.29596 1.16472789e+00
0.29699 1.16392046e+00
0.29801 1.16288547e+00
0.29905 1.16180547e+00
0.30008 1.16105256e+00
0.30112 1.15991300e+00
0.30216 1.15917735e+00
0.30321 1.15813984e+00
0.30426 1.15723347e+00
0.30531 1.15647726e+00
0.30637 1.15538582e+00
0.30743 1.15469033e+00
0.30849 1.15368890e+00
0.30956 1.15288089e+00
0.31063 1.15194969e+00
0.31171 1.15120570e+00
0.31279 1.15031194e+00
0.31387 1.14939452e+00
0.31496 1.14854460e+00
0.31605 1.14780352e+00
0.31714 1.14664379e+00
0.31824 1.14573878e+00
0.31934 1.14491700e+00
0.32044 1.14358422e+00
0.32155 1.14277039e+00
0.32267 1.14154372e+00
0.32378 1.14058633e+00
0.32490 1.13939440e+00
0.32603 1.13829015e+00
0.32716 1.13750096e+00
0.32829 1.13601996e+00
0.32943 1.13537006e+00
0.33057 1.13431703e+00
0.33171 1.13293944e+00
0.33286 1.13240885e+00
0.33401 1.13116647e+00
0.33517 1.13027368e+00
0.33633 1.12920649e+00
0.33749 1.12821592e+00
0.33866 1.12743701e+00
0.33983 1.12620667e+00
0.34101 1.12547975e+00
0.34219 1.12442730e+00
0.34337 1.12330675e+00
0.34456 1.12251213e+00
0.34576 1.12152215e+00
0.34695 1.12034670e+00
0.34815 1.11922577e+00
0.34936 1.11831785e+00
0.35057 1.11702406e+00
0.35178 1.11591535e+00
0.35300 1.11483924e+00
0.35422 1.11349055e+00
0.35545 1.11238843e+00
0.35668 1.11132551e+00
0.35791 1.11009710e+00
0.35915 1.10895619e+00
0.36039 1.10795418e+00
0.36164 1.10672383e+00
0.36289 1.10577788e+00
0.36415 1.10474154e+00
0.36541 1.10355581e+00
0.36668 1.10274431e+00
0.36795 1.10168332e+00
0.36922 1.10051913e+00
0.37050 1.09966747e+00
0.37178 1.09890408e+00
0.37307 1.09769934e+00
0.37436 1.09665659e+00
0.37565 1.09597235e+00
0.37695 1.09486907e+00
0.37826 1.09382574e+00
0.37957 1.09298785e+00
0.38088 1.09183336e+00
0.38220 1.09056285e+00
0.38352 1.08980101e+00
0.38485 1.08872800e+00
0.38618 1.08711528e+00
0.38752 1.08629660e+00
0.38886 1.08528256e+00
0.39021 1.08372862e+00
0.39156 1.08282497e+00
0.39291 1.08174361e+00
0.39427 1.08038794e+00
0.39564 1.07942609e+00
0.39701 1.07826151e+00
0.39838 1.07705890e+00
0.39976 1.07605301e+00
0.40115 1.07499881e+00
0.40253 1.07390388e+00
0.40393 1.07274550e+00
0.40533 1.07166337e+00
0.40673 1.07072305e+00
0.40814 1.06968438e+00
0.40955 1.06860128e+00
0.41097 1.06749470e+00
0.41239 1.06629966e+00
0.41382 1.06533160e+00
0.41525 1.06437130e+00
0.41669 1.06301563e+00
0.41813 1.06168110e+00
0.41958 1.06063699e+00
0.42103 1.05947726e+00
0.42249 1.05814526e+00
0.42395 1.05681345e+00
0.42542 1.05544594e+00
0.42689 1.05433258e+00
0.42837 1.05310126e+00
0.42985 1.05155585e+00
0.43134 1.05028166e+00
0.43283 1.04918847e+00
0.43433 1.04793465e+00
0.43583 1.04663272e+00
0.43734 1.04529819e+00
0.43886 1.04406396e+00
0.44037 1.04314052e+00
0.44190 1.04198486e+00
0.44343 1.04060843e+00
0.44496 1.03949604e+00
0.44650 1.03845775e+00
0.44805 1.03737213e+00
0.44960 1.03637283e+00
0.45116 1.03522416e+00
0.45272 1.03388362e+00
0.45429 1.03274833e+00
0.45586 1.03179792e+00
0.45744 1.03077477e+00
0.45902 1.02953414e+00
0.46061 1.02806381e+00
0.46220 1.02680068e+00
0.46380 1.02594630e+00
0.46541 1.02467347e+00
0.46702 1.02314824e+00
0.46864 1.02206553e+00
0.47026 1.02092364e+00
0.47189 1.01950647e+00
0.47352 1.01828912e+00
0.47516 1.01725859e+00
0.47680 1.01590409e+00
0.47845 1.01460991e+00
0.48011 1.01374021e+00
0.48177 1.01257330e+00
0.48344 1.01113906e+00
0.48511 1.01011008e+00
0.48679 1.00922428e+00
0.48848 1.00818890e+00
0.49017 1.00684176e+00
0.49186 1.00569775e+00
0.49357 1.00484356e+00
0.49528 1.00376667e+00
0.49699 1.00248297e+00
0.49871 1.00135564e+00
0.50044 1.00038331e+00
0.50217 9.99093792e-01
0.50391 9.97926688e-01
0.50565 9.96878312e-01
0.50740 9.95441160e-01
0.50916 9.94047658e-01
0.51092 9.92992880e-01
0.51269 9.91871754e-01
0.51446 9.90530050e-01
0.51625 9.89197464e-01
0.51803 9.87822780e-01
0.51983 9.86426368e-01
0.52163 9.85394094e-01
0.52343 9.84287324e-01
0.52524 9.82752978e-01
0.52706 9.81384114e-01
0.52889 9.80500444e-01
0.53072 9.79427236e-01
0.53255 9.77854672e-01
0.53440 9.76515490e-01
0.53625 9.75577694e-01
0.53810 9.74516902e-01
0.53997 9.73290240e-01
0.54183 9.71924092e-01
0.54371 9.70613234e-01
0.54559 9.69551278e-01
0.54748 9.68424526e-01
0.54938 9.67065362e-01
0.55128 9.65766920e-01
0.55319 9.64532692e-01
0.55510 9.63163246e-01
0.55702 9.61705724e-01
0.55895 9.60468974e-01
0.56089 9.59317778e-01
0.56283 9.57865106e-01
0.56478 9.56362576e-01
0.56673 9.55144838e-01
0.56869 9.53759678e-01
0.57066 9.52235420e-01
0.57264 9.51075300e-01
0.57462 9.49875798e-01
0.57661 9.48390728e-01
0.57860 9.46973558e-01
0.58061 9.45691994e-01
0.58262 9.44578434e-01
0.58463 9.43493198e-01
0.58666 9.42111724e-01
0.58869 9.40621998e-01
0.59073 9.39381562e-01
0.59277 9.38194864e-01
0.59482 9.37003704e-01
0.59688 9.35797024e-01
0.59895 9.34431264e-01
0.60102 9.33232538e-01
0.60310 9.32174656e-01
0.60519 9.30623044e-01
0.60728 9.28954062e-01
0.60939 9.27879884e-01
0.61150 9.26962652e-01
0.61361 9.25512308e-01
0.61574 9.23815584e-01
0.61787 9.22345064e-01
0.62001 9.21406492e-01
0.62215 9.20464234e-01
0.62431 9.18703102e-01
0.62647 9.16879114e-01
0.62864 9.15954898e-01
0.63081 9.15197328e-01
0.63300 9.13783650e-01
0.63519 9.12056468e-01
0.63739 9.10689156e-01
0.63959 9.09638258e-01
0.64181 9.08655066e-01
0.64403 9.07596796e-01
0.64626 9.06301652e-01
0.64849 9.04809986e-01
0.65074 9.03540062e-01
0.65299 9.02468406e-01
0.65525 9.01135432e-01
0.65752 8.99795668e-01
0.65980 8.98948082e-01
0.66208 8.97963532e-01
0.66437 8.96377776e-01
0.66667 8.94915792e-01
0.66898 8.93746360e-01
0.67130 8.92463050e-01
0.67362 8.91309332e-01
0.67595 8.90302666e-01
0.67829 8.88939428e-01
0.68064 8.87441554e-01
0.68299 8.86190836e-01
0.68536 8.85003362e-01
0.68773 8.83749540e-01
0.69011 8.82707760e-01
0.69250 8.81752310e-01
0.69490 8.80386744e-01
0.69730 8.78893526e-01
0.69972 8.77667058e-01
0.70214 8.76588224e-01
0.70457 8.75455070e-01
0.70701 8.74350628e-01
0.70946 8.73322040e-01
0.71191 8.72191214e-01
0.71438 8.70938556e-01
0.71685 8.69721400e-01
0.71933 8.68428390e-01
0.72182 8.67188924e-01
0.72432 8.66212328e-01
0.72683 8.65155998e-01
0.72934 8.63838350e-01
0.73187 8.62362592e-01
0.73440 8.61211590e-01
0.73694 8.60193478e-01
0.73949 8.58932090e-01
0.74205 8.57783610e-01
0.74462 8.56706716e-01
0.74720 8.55372772e-01
0.74979 8.53797492e-01
0.75238 8.52516704e-01
0.75499 8.51654762e-01
0.75760 8.50415878e-01
0.76022 8.49011512e-01
0.76285 8.48054898e-01
0.76549 8.47242038e-01
0.76814 8.45754058e-01
0.77080 8.43882540e-01
0.77347 8.42847162e-01
0.77615 8.42318318e-01
0.77884 8.41122502e-01
0.78153 8.39274070e-01
0.78424 8.37947692e-01
0.78695 8.37165872e-01
0.78968 8.35915736e-01
0.79241 8.34287494e-01
0.79515 8.33064712e-01
0.79790 8.32270088e-01
0.80067 8.30937696e-01
0.80344 8.29133108e-01
0.80622 8.27920608e-01
0.80901 8.27099794e-01
0.81181 8.25759448e-01
0.81462 8.23589364e-01
0.81744 8.21930470e-01
0.82027 8.21417534e-01
0.82311 8.20907896e-01
0.82596 8.19377042e-01
0.82882 8.17265158e-01
0.83169 8.15682894e-01
0.83457 8.14714834e-01
0.83745 8.13589634e-01
0.84035 8.12107474e-01
0.84326 8.10741714e-01
0.84618 8.09593234e-01
0.84911 8.08154336e-01
0.85205 8.06277386e-01
0.85500 8.04795226e-01
0.85796 8.04053758e-01
0.86093 8.03179206e-01
0.86391 8.01432430e-01
0.86690 7.99348482e-01
0.86990 7.97968172e-01
0.87291 7.97358042e-01
0.87593 7.96367866e-01
0.87897 7.94190992e-01
0.88201 7.91808478e-01
0.88506 7.90445046e-01
0.88813 7.90066940e-01
0.89120 7.89651392e-01
0.89428 7.88138386e-01
0.89738 7.85701940e-01
0.90049 7.83610814e-01
0.90360 7.82383376e-01
0.90673 7.81562950e-01
0.90987 7.80706440e-01
0.91302 7.79307894e-01
0.91618 7.77385548e-01
0.91935 7.75657396e-01
0.92253 7.74497858e-01
0.92573 7.73582760e-01
0.92893 7.72679108e-01
0.93215 7.71226242e-01
0.93537 7.69202434e-01
0.93861 7.67289788e-01
0.94186 7.65985526e-01
0.94512 7.65100498e-01
0.94839 7.64492890e-01
0.95168 7.63757824e-01
0.95497 7.62090782e-01
0.95828 7.59716610e-01
0.96159 7.57605308e-01
0.96492 7.56634144e-01
0.96826 7.56616102e-01
0.97161 7.56513282e-01
0.97498 7.54905022e-01
0.97835 7.52164966e-01
0.98174 7.49982854e-01
0.98514 7.49046222e-01
0.98855 7.48857848e-01
0.99197 7.48263044e-01
0.99540 7.46806104e-01
0.99885 7.45136540e-01
1.00231 7.43921906e-01
1.00578 7.43053562e-01
1.00926 7.42043792e-01
1.01275 7.40801416e-01
1.01626 7.39339238e-01
1.01978 7.37875314e-01
1.02330 7.36826938e-01
1.02685 7.35831718e-01
1.03040 7.34688670e-01
1.03397 7.34007148e-01
1.03755 7.33461620e-01
1.04114 7.32292770e-01
1.04474 7.30646098e-01
1.04836 7.29027168e-01
1.05199 7.27759184e-01
1.05563 7.27105210e-01
1.05928 7.27191346e-01
1.06295 7.26768426e-01
1.06663 7.24647424e-01
1.07032 7.22180132e-01
1.07403 7.21334680e-01
1.07775 7.21493760e-01
1.08148 7.21544200e-01
1.08522 7.20795748e-01
1.08898 7.18397908e-01
1.09275 7.15677834e-01
1.09653 7.14765258e-01
1.10032 7.15935854e-01
1.10413 7.17016822e-01
1.10796 7.15779878e-01
1.11179 7.12740092e-01
1.11564 7.10014392e-01
1.11950 7.08838752e-01
1.12338 7.09270596e-01
1.12726 7.10425090e-01
1.13117 7.10195006e-01
1.13508 7.07523432e-01
1.13901 7.05025100e-01
1.14295 7.04124358e-01
1.14691 7.04116210e-01
1.15088 7.04484422e-01
1.15487 7.04080514e-01
1.15886 7.01912952e-01
1.16287 6.99344392e-01
1.16690 6.98301836e-01
1.17094 6.98624264e-01
1.17499 6.99025262e-01
1.17906 6.98620578e-01
1.18314 6.97157042e-01
1.18724 6.94732042e-01
1.19135 6.92448080e-01
1.19547 6.91974138e-01
1.19961 6.92650810e-01
1.20376 6.92439932e-01
1.20793 6.90982798e-01
1.21211 6.89535752e-01
1.21630 6.88253024e-01
1.22052 6.86958462e-01
1.22474 6.86404592e-01
1.22898 6.86563478e-01
1.23323 6.85633442e-01
1.23750 6.83243556e-01
1.24179 6.81238760e-01
1.24609 6.80344420e-01
1.25040 6.80024126e-01
1.25473 6.79929066e-01
1.25907 6.79921112e-01
1.26343 6.79010864e-01
1.26780 6.76661718e-01
1.27219 6.74169594e-01
1.27659 6.72501582e-01
1.28101 6.71743430e-01
1.28545 6.71726552e-01
1.28990 6.71879424e-01
1.29436 6.71444670e-01
1.29884 6.69920024e-01
1.30334 6.67646732e-01
1.30785 6.65606240e-01
1.31238 6.64270744e-01
1.31692 6.63414622e-01
1.32148 6.62902462e-01
1.32605 6.62564126e-01
1.33064 6.61666488e-01
1.33525 6.59912922e-01
1.33987 6.57924616e-01
1.34451 6.56222460e-01
1.34916 6.55043716e-01
1.35383 6.54316410e-01
1.35852 6.53573002e-01
1.36322 6.52737250e-01
1.36794 6.51787814e-01
1.37268 6.50338052e-01
1.37743 6.48442284e-01
1.38220 6.46656514e-01
1.38698 6.45187546e-01
1.39178 6.44044886e-01
1.39660 6.43116014e-01
1.40144 6.42082964e-01
1.40629 6.40911592e-01
1.41115 6.39663202e-01
1.41604 6.38313350e-01
1.42094 6.36788704e-01
1.42586 6.35236510e-01
1.43080 6.33838546e-01
1.43575 6.32704422e-01
1.44072 6.31766820e-01
1.44571 6.30575078e-01
1.45071 6.28957894e-01
1.45573 6.27278048e-01
1.46077 6.25712468e-01
1.46583 6.24305386e-01
1.47090 6.22995692e-01
1.47599 6.21692788e-01
1.48110 6.20527042e-01
1.48623 6.19705452e-01
1.49137 6.18711784e-01
1.49654 6.16891482e-01
1.50172 6.14772032e-01
1.50692 6.13122256e-01
1.51213 6.11998802e-01
1.51737 6.10997180e-01
1.52262 6.09688844e-01
1.52789 6.08347722e-01
1.53318 6.07097004e-01
1.53849 6.05730662e-01
1.54381 6.04318148e-01
1.54916 6.02648584e-01
1.55452 6.00968738e-01
1.55990 5.99760506e-01
1.56530 5.98959868e-01
1.57072 5.98101224e-01
1.57615 5.96535062e-01
1.58161 5.94452084e-01
1.58709 5.92571836e-01
1.59258 5.91264470e-01
1.59809 5.90426002e-01
1.60362 5.89579968e-01
1.60918 5.88271244e-01
1.61475 5.86755910e-01
1.62034 5.85696282e-01
1.62594 5.84845010e-01
1.63157 5.83260224e-01
1.63722 5.81007690e-01
1.64289 5.79193984e-01
1.64857 5.78245712e-01
1.65428 5.77747520e-01
1.66001 5.77253402e-01
1.66575 5.75989686e-01
1.67152 5.73900112e-01
1.67731 5.72022192e-01
1.68311 5.71092738e-01
1.68894 5.70591248e-01
1.69478 5.69329666e-01
1.70065 5.67498694e-01
1.70654 5.66083076e-01
1.71245 5.65201734e-01
1.71837 5.64786962e-01
1.72432 5.64092830e-01
1.73029 5.62637442e-01
1.73628 5.60806470e-01
1.74229 5.59092868e-01
1.74832 5.58194260e-01
1.75437 5.58281560e-01
1.76045 5.57651836e-01
1.76654 5.56133592e-01
1.77266 5.54094652e-01
1.77879 5.52423924e-01
1.78495 5.52298406e-01
1.79113 5.52427804e-01
1.79733 5.50916156e-01
1.80355 5.48930566e-01
1.80979 5.47414068e-01
1.81606 5.46603924e-01
1.82234 5.46678032e-01
1.82865 5.46746902e-01
1.83498 5.46120670e-01
1.84133 5.44417544e-01
1.84771 5.42041044e-01
1.85410 5.40690222e-01
1.86052 5.41053002e-01
1.86696 5.41735494e-01
1.87342 5.40369346e-01
1.87991 5.38268132e-01
1.88642 5.37077166e-01
1.89295 5.36638338e-01
1.89950 5.36964646e-01
1.90607 5.37015668e-01
1.91267 5.35684828e-01
1.91929 5.33648798e-01
1.92594 5.32198260e-01
1.93260 5.31613738e-01
1.93929 5.31843046e-01
1.94601 5.32616718e-01
1.95274 5.32163534e-01
1.95950 5.30355842e-01
1.96629 5.28264716e-01
1.97309 5.26556740e-01
1.97992 5.26707672e-01
1.98678 5.28836046e-01
1.99365 5.29401168e-01
2.00055 5.26516000e-01
2.00748 5.24208176e-01
2.01443 5.24313130e-01
2.02140 5.24896488e-01
2.02840 5.25260432e-01
2.03542 5.25215812e-01
2.04247 5.24167630e-01
2.04954 5.21718380e-01
2.05663 5.19610764e-01
2.06375 5.19677306e-01
2.07090 5.20837038e-01
2.07806 5.21954090e-01
2.08526 5.22036346e-01
2.09247 5.20627712e-01
2.09972 5.18260718e-01
2.10699 5.15708260e-01
2.11428 5.15386414e-01
2.12160 5.18239572e-01
2.12894 5.20997864e-01
2.13631 5.19977230e-01
2.14371 5.16256116e-01
2.15113 5.13691242e-01
2.15857 5.13168994e-01
2.16605 5.14054992e-01
2.17354 5.16328090e-01
2.18107 5.17584240e-01
2.18862 5.16234776e-01
2.19619 5.12743940e-01
2.20380 5.09976142e-01
2.21143 5.10114852e-01
2.21908 5.11945630e-01
2.22676 5.14024534e-01
2.23447 5.14757078e-01
2.24220 5.13397720e-01
2.24997 5.11529112e-01
2.25775 5.09251552e-01
2.26557 5.07083796e-01
2.27341 5.07171678e-01
2.28128 5.09918330e-01
2.28918 5.12490576e-01
2.29710 5.12142152e-01
2.30505 5.09377458e-01
2.31303 5.05859656e-01
2.32104 5.03119018e-01
2.32908 5.03294782e-01
2.33714 5.07220566e-01
2.34523 5.11591580e-01
2.35335 5.11604384e-01
2.36149 5.06770680e-01
2.36967 5.01278928e-01
2.37787 4.99110202e-01
2.38610 5.01281062e-01
2.39436 5.05946956e-01
2.40265 5.09670204e-01
2.41097 5.08644720e-01
2.41931 5.03701794e-01
2.42769 4.99349986e-01
2.43609 4.97763260e-01
2.44452 4.99336018e-01
2.45298 5.02881756e-01
2.46148 5.05520350e-01
2.47000 5.04498552e-01
2.47855 5.00219688e-01
2.48713 4.96065566e-01
2.49574 4.94526952e-01
2.50438 4.95594146e-01
2.51304 4.97960364e-01
2.52174 4.99901722e-01
2.53047 5.00498466e-01
2.53923 4.99215544e-01
2.54802 4.96484800e-01
2.55684 4.94260008e-01
2.56569 4.93633970e-01
2.57457 4.93577516e-01
2.58349 4.93735238e-01
2.59243 4.94609596e-01
2.60140 4.95741004e-01
2.61041 4.95966044e-01
2.61944 4.94698448e-01
2.62851 4.91820458e-01
2.63761 4.88497044e-01
2.64674 4.86886456e-01
2.65590 4.87907672e-01
2.66510 4.90623478e-01
2.67432 4.93013752e-01
2.68358 4.92735944e-01
2.69287 4.89022978e-01
2.70219 4.83966562e-01
2.71154 4.80887782e-01
2.72093 4.81358232e-01
2.73035 4.84759440e-01
2.73980 4.88855556e-01
2.74928 4.90597288e-01
2.75880 4.88332726e-01
2.76835 4.83750058e-01
2.77793 4.79905366e-01
2.78755 4.78237160e-01
2.79720 4.78638934e-01
2.80688 4.80394246e-01
2.81660 4.82176136e-01
2.82635 4.81992612e-01
2.83613 4.79221128e-01
2.84595 4.75725248e-01
2.85580 4.73372998e-01
2.86569 4.72553154e-01
2.87561 4.73102562e-01
2.88556 4.74821984e-01
2.89555 4.76691756e-01
2.90557 4.76930182e-01
2.91563 4.74911224e-01
2.92572 4.71774632e-01
2.93585 4.68975794e-01
2.94601 4.67581710e-01
2.95621 4.67965248e-01
2.96644 4.69487372e-01
2.97671 4.70835478e-01
2.98702 4.70746044e-01
2.99736 4.68942620e-01
3.00773 4.66237096e-01
3.01814 4.63745748e-01
3.02859 4.62362334e-01
3.03907 4.62214894e-01
3.04960 4.62470974e-01
3.06015 4.62124102e-01
3.07074 4.60852238e-01
3.08137 4.58954530e-01
3.09204 4.56952450e-01
3.10274 4.55385706e-01
3.11348 4.54523958e-01
3.12426 4.54162342e-01
3.13508 4.53969312e-01
3.14593 4.53819544e-01
3.15682 4.53690534e-01
3.16775 4.53517680e-01
3.17871 4.53203982e-01
3.18972 4.52731010e-01
3.20076 4.52057248e-01
3.21184 4.51013334e-01
3.22295 4.49579868e-01
3.23411 4.48049014e-01
3.24531 4.46738544e-01
3.25654 4.45656800e-01
3.26781 4.44556238e-01
3.27912 4.43219190e-01
3.29047 4.41596380e-01
3.30187 4.39872496e-01
3.31330 4.38455520e-01
3.32476 4.37638780e-01
3.33627 4.37266300e-01
3.34782 4.36884896e-01
3.35941 4.36181452e-01
3.37104 4.35157908e-01
3.38271 4.33970822e-01
3.39442 4.32812060e-01
3.40617 4.31871548e-01
3.41796 4.31204576e-01
3.42979 4.30661764e-01
3.44166 4.30026414e-01
3.45358 4.29189886e-01
3.46553 4.28183414e-01
3.47753 4.27119906e-01
3.48957 4.26139624e-01
3.50164 4.25321332e-01
3.51377 4.24577730e-01
3.52593 4.23677764e-01
3.53814 4.22425688e-01
3.55038 4.20831202e-01
3.56267 4.19101304e-01
3.57500 4.17501968e-01
3.58738 4.16186066e-01
3.59980 4.15080266e-01
3.61226 4.13932756e-01
3.62476 4.12526838e-01
3.63731 4.10880554e-01
3.64990 4.09241060e-01
3.66254 4.07899744e-01
3.67521 4.06998032e-01
3.68794 4.06453862e-01
3.70070 4.06027644e-01
3.71351 4.05484444e-01
3.72637 4.04747438e-01
3.73927 4.03924490e-01
3.75221 4.03196602e-01
3.76520 4.02668146e-01
3.77823 4.02281698e-01
3.79131 4.01842870e-01
3.80443 4.01132054e-01
3.81760 4.00038282e-01
3.83082 3.98619560e-01
3.84408 3.97051458e-01
3.85739 3.95512456e-01
3.87074 3.94083646e-01
3.88414 3.92722348e-01
3.89758 3.91318564e-01
3.91107 3.89793142e-01
3.92461 3.88166452e-01
3.93820 3.86548298e-01
3.95183 3.85064004e-01
3.96551 3.83778366e-01
3.97924 3.82663448e-01
3.99301 3.81623802e-01
4.00683 3.80559906e-01
4.02070 3.79427722e-01
4.03462 3.78259648e-01
4.04859 3.77132314e-01
4.06260 3.76109352e-01
4.07667 3.75199298e-01
4.09078 3.74356174e-01
4.10494 3.73516348e-01
4.11915 3.72641990e-01
4.13341 3.71740084e-01
4.14771 3.70846520e-01
4.16207 3.69990592e-01
4.17648 3.69170748e-01
4.19094 3.68355172e-01
4.20545 3.67501960e-01
4.22000 3.66580072e-01
4.23461 3.65579032e-01
4.24927 3.64504078e-01
4.26398 3.63364910e-01
4.27874 3.62168124e-01
4.29355 3.60917018e-01
4.30841 3.59616054e-01
4.32332 3.58272798e-01
4.33829 3.56896950e-01
4.35331 3.55497822e-01
4.36838 3.54083174e-01
4.38350 3.52659796e-01
4.39867 3.51237776e-01
4.41390 3.49831470e-01
4.42918 3.48458338e-01
4.44451 3.47135840e-01
4.45990 3.45875810e-01
4.47533 3.44683098e-01
4.49083 3.43556928e-01
4.50637 3.42494196e-01
4.52197 3.41494514e-01
4.53762 3.40559822e-01
4.55333 3.39691284e-01
4.56909 3.38883662e-01
4.58491 3.38123958e-01
4.60078 3.37391996e-01
4.61670 3.36665660e-01
4.63269 3.35926908e-01
4.64872 3.35161772e-01
4.66481 3.34360358e-01
4.68096 3.33511996e-01
4.69717 3.32605046e-01
4.71343 3.31628450e-01
4.72974 3.30575612e-01
4.74611 3.29446920e-01
4.76254 3.28249552e-01
4.77903 3.26995536e-01
4.79557 3.25697288e-01
4.81217 3.24366060e-01
4.82883 3.23011552e-01
4.84555 3.21642882e-01
4.86232 3.20270720e-01
4.87915 3.18905542e-01
4.89604 3.17557242e-01
4.91299 3.16233386e-01
4.92999 3.14938436e-01
4.94706 3.13675108e-01
4.96418 3.12445148e-01
4.98137 3.11249914e-01
4.99861 3.10091346e-01
5.01591 3.08970996e-01
5.03328 3.07889834e-01
5.05070 3.06847666e-01
5.06818 3.05843522e-01
5.08573 3.04876432e-01
5.10333 3.03945038e-01
5.12100 3.03047400e-01
5.13873 3.02181966e-01
5.15651 3.01345826e-01
5.17436 3.00535682e-01
5.19228 2.99747072e-01
5.21025 2.98974564e-01
5.22828 2.98212338e-01
5.24638 2.97453022e-01
5.26454 2.96689826e-01
5.28277 2.95915572e-01
5.30105 2.95123470e-01
5.31940 2.94307312e-01
5.33782 2.93461666e-01
5.35629 2.92582264e-01
5.37484 2.91665808e-01
5.39344 2.90710358e-01
5.41211 2.89715332e-01
5.43084 2.88681506e-01
5.44965 2.87610238e-01
5.46851 2.86504244e-01
5.48744 2.85366628e-01
5.50643 2.84201270e-01
5.52550 2.83012050e-01
5.54462 2.81803624e-01
5.56381 2.80580454e-01
5.58308 2.79347584e-01
5.60240 2.78110252e-01
5.62179 2.76873308e-01
5.64125 2.75641602e-01
5.66078 2.74420178e-01
5.68038 2.73213692e-01
5.70004 2.72026606e-01
5.71977 2.70863188e-01
5.73957 2.69727512e-01
5.75944 2.68622876e-01
5.77938 2.67552190e-01
5.79938 2.66517782e-01
5.81946 2.65521010e-01
5.83960 2.64563038e-01
5.85982 2.63643672e-01
5.88010 2.62762330e-01
5.90045 2.61917266e-01
5.92088 2.61106346e-01
5.94137 2.60326272e-01
5.96194 2.59572970e-01
5.98258 2.58842366e-01
6.00329 2.58129222e-01
6.02407 2.57428106e-01
6.04492 2.56733392e-01
6.06585 2.56039842e-01
6.08684 2.55341636e-01
6.10791 2.54633536e-01
6.12906 2.53911274e-01
6.15027 2.53170388e-01
6.17156 2.52407774e-01
6.19293 2.51620522e-01
6.21436 2.50807080e-01
6.23588 2.49966478e-01
6.25746 2.49098328e-01
6.27912 2.48203212e-01
6.30086 2.47282100e-01
6.32267 2.46336932e-01
6.34455 2.45369648e-01
6.36652 2.44382770e-01
6.38856 2.43379014e-01
6.41067 2.42361096e-01
6.43286 2.41332120e-01
6.45513 2.40294996e-01
6.47747 2.39252634e-01
6.49990 2.38207944e-01
6.52240 2.37163836e-01
6.54497 2.36122638e-01
6.56763 2.35086872e-01
6.59037 2.34059060e-01
6.61318 2.33040948e-01
6.63607 2.32034670e-01
6.65904 2.31041972e-01
6.68209 2.30064406e-01
6.70522 2.39624144e-01
6.72843 2.47734508e-01
6.75172 2.50865280e-01
6.77510 2.56699248e-01
6.79855 2.65882432e-01
6.82208 2.69332528e-01
6.84570 2.67958232e-01
6.86939 2.63573638e-01
6.89317 2.67075920e-01
6.91704 2.67910314e-01
6.94098 2.62806368e-01
6.96500 2.65419936e-01
6.98911 2.54402676e-01
7.01331 2.57960054e-01
7.03759 2.59189238e-01
7.06195 2.63906154e-01
7.08639 2.77901120e-01
7.11092 2.98537676e-01
7.13554 2.92554910e-01
7.16024 2.88637274e-01
7.18502 2.81187480e-01
7.20990 2.73742924e-01
7.23485 2.76437002e-01
7.25990 3.02085742e-01
7.28503 2.83154640e-01
7.31025 2.94021162e-01
7.33555 3.03693420e-01
7.36094 3.11088506e-01
7.38642 3.26271334e-01
7.41199 3.17269152e-01
7.43765 3.14279418e-01
7.46340 3.08263866e-01
7.48923 3.06345982e-01
7.51516 3.22509092e-01
7.54117 3.10328996e-01
7.56727 3.14305608e-01
7.59347 3.22303840e-01
7.61975 3.27859030e-01
7.64613 3.31138212e-01
7.67260 3.33458840e-01
7.69916 3.36862570e-01
7.72581 3.38566472e-01
7.75255 3.33105954e-01
7.77939 3.46371868e-01
7.80632 3.49474704e-01
7.83334 3.46688282e-01
7.86046 3.45287214e-01
7.88767 3.59499266e-01
7.91497 3.89532406e-01
7.94237 4.23225356e-01
7.96986 4.41081116e-01
7.99745 4.46065170e-01
8.02513 4.36374288e-01
8.05291 4.22211318e-01
8.08079 4.22912628e-01
8.10876 4.09873888e-01
8.13683 3.93028868e-01
8.16500 3.75479628e-01
8.19326 3.64933400e-01
8.22162 3.55670288e-01
8.25008 3.47324602e-01
8.27864 3.39810788e-01
8.30730 3.28242180e-01
8.33605 3.28114334e-01
8.36491 3.38624284e-01
8.39386 3.46754436e-01
8.42292 3.77172666e-01
8.45208 4.00608060e-01
8.48133 3.65743738e-01
8.51069 3.34087012e-01
8.54016 3.19940920e-01
8.56972 3.32041282e-01
8.59938 3.15041256e-01
8.62915 3.09387708e-01
8.65902 3.19041924e-01
8.68899 3.33410534e-01
8.71907 3.48333596e-01
8.74925 3.63705768e-01
8.77954 3.77215928e-01
8.80993 3.94733740e-01
8.84043 4.16378514e-01
8.87103 4.46521264e-01
8.90174 4.72888192e-01
8.93255 4.95370852e-01
8.96347 5.04995386e-01
8.99450 5.35133480e-01
9.02563 5.86099026e-01
9.05688 6.17826562e-01
9.08823 6.56867510e-01
9.11969 7.04954290e-01
9.15126 7.47659510e-01
9.18294 8.01455322e-01
9.21472 8.75142730e-01
9.24662 9.34860780e-01
9.27863 9.92915280e-01
9.31075 1.05464763e+00
9.34298 1.11204020e+00
9.37532 1.16677808e+00
9.40777 1.21905157e+00
9.44034 1.26813338e+00
9.47302 1.31376858e+00
9.50581 1.35640396e+00
9.53871 1.39749045e+00
9.57173 1.43718770e+00
9.60487 1.47248192e+00
9.63811 1.50486304e+00
9.67148 1.53507563e+00
9.70495 1.56354300e+00
9.73855 1.59012798e+00
9.77226 1.61418651e+00
9.80609 1.63662067e+00
9.84003 1.65770653e+00
9.87409 1.67723127e+00
9.90827 1.69505832e+00
9.94257 1.71168140e+00
9.97699 1.72735854e+00
10.01153 1.74153063e+00
10.04618 1.75468014e+00
10.08096 1.76657642e+00
10.11585 1.77766487e+00
10.15087 1.78807647e+00
10.18601 1.79706468e+00
10.22127 1.80548583e+00
10.25665 1.81324680e+00
10.29215 1.82027794e+00
10.32778 1.82656936e+00
10.36353 1.83197479e+00
10.39941 1.83689152e+00
10.43540 1.84137156e+00
10.47153 1.84549794e+00
10.50777 1.84888615e+00
10.54415 1.85205961e+00
10.58065 1.85499153e+00
10.61727 1.85766465e+00
10.65403 1.86013292e+00
10.69091 1.86229621e+00
10.72791 1.86430256e+00
10.76505 1.86594884e+00
10.80231 1.86751015e+00
10.83971 1.86901133e+00
10.87723 1.87032548e+00
10.91488 1.87136028e+00
10.95266 1.87235977e+00
10.99058 1.87333384e+00
11.02862 1.87425243e+00
11.06680 1.87511573e+00
11.10511 1.87588901e+00
11.14355 1.87659808e+00
11.18212 1.87715254e+00
11.22083 1.87764840e+00
11.25967 1.87816444e+00
11.29865 1.87863256e+00
11.33776 1.87918895e+00
11.37701 1.87967027e+00
11.41639 1.87994148e+00
11.45591 1.88019232e+00
11.49556 1.88048778e+00
11.53536 1.88067732e+00
11.57529 1.88070002e+00
11.61536 1.88060380e+00
11.65556 1.88026876e+00
11.69591 1.87988697e+00
11.73640 1.87949683e+00
11.77702 1.87903026e+00
11.81779 1.87847911e+00
11.85870 1.87779293e+00
11.89975 1.87688210e+00
11.94094 1.87587621e+00
11.98227 1.87476401e+00
12.02375 1.87348497e+00
12.06537 1.87187826e+00
12.10714 1.87012392e+00
12.14905 1.86812358e+00
12.19110 1.86592517e+00
12.23330 1.86318570e+00
12.27565 1.86031760e+00
12.31814 1.85772014e+00
12.36078 1.85499269e+00
12.40357 1.85078813e+00
12.44651 1.84633137e+00
12.48959 1.84171436e+00
12.53283 1.83686456e+00
12.57621 1.83146767e+00
12.61974 1.82571615e+00
12.66343 1.81938904e+00
12.70726 1.81256295e+00
12.75125 1.80532617e+00
12.79539 1.79765599e+00
12.83968 1.78922708e+00
12.88413 1.77940874e+00
12.92873 1.76901732e+00
12.97348 1.75774786e+00
13.01839 1.74590455e+00
13.06345 1.73287784e+00
13.10867 1.71910248e+00
13.15405 1.70605424e+00
13.19959 1.69300230e+00
13.24528 1.68157202e+00
13.29113 1.67216050e+00
13.33713 1.66268321e+00
13.38330 1.65378462e+00
13.42963 1.64467322e+00
13.47612 1.63767079e+00
13.52277 1.63068097e+00
13.56958 1.62616329e+00
13.61655 1.62289924e+00
13.66368 1.62097573e+00
13.71098 1.62146907e+00
13.75844 1.62200083e+00
13.80607 1.62345330e+00
13.85386 1.62492072e+00
13.90182 1.62762042e+00
13.94994 1.63087827e+00
13.99823 1.63352714e+00
14.04668 1.63493112e+00
14.09531 1.63635818e+00
14.14410 1.63666082e+00
14.19306 1.63691671e+00
14.24219 1.63880646e+00
14.29149 1.64205189e+00
14.34096 1.64495219e+00
14.39060 1.64536134e+00
14.44042 1.64578988e+00
14.49041 1.64698977e+00
14.54057 1.64855923e+00
14.59090 1.64914802e+00
14.64141 1.64620271e+00
14.69209 1.64324227e+00
14.74295 1.64188098e+00
14.79398 1.64110459e+00
14.84519 1.63930349e+00
14.89658 1.63403387e+00
14.94814 1.62871264e+00
14.99989 1.62473545e+00
15.05181 1.62132086e+00
15.10392 1.61772196e+00
15.15620 1.61318508e+00
15.20866 1.60858146e+00
15.26131 1.60477169e+00
15.31414 1.60153945e+00
15.36715 1.59826978e+00
15.42034 1.58976559e+00
15.47372 1.58099136e+00
15.52729 1.57272696e+00
15.58103 1.56554275e+00
15.63497 1.55824079e+00
15.68909 1.54972826e+00
15.74340 1.54063121e+00
15.79790 1.53130117e+00
15.85258 1.52085136e+00
15.90746 1.51019261e+00
15.96252 1.50022353e+00
16.01778 1.49164097e+00
16.07323 1.48292203e+00
16.12886 1.47577876e+00
16.18470 1.46947589e+00
16.24072 1.46310416e+00
16.29694 1.44781657e+00
16.35335 1.43139175e+00
16.40996 1.41571636e+00
16.46677 1.40592537e+00
16.52377 1.39609365e+00
16.58097 1.38877150e+00
16.63836 1.38638336e+00
16.69596 1.38401928e+00
16.75375 1.37902650e+00
16.81175 1.37159203e+00
16.86994 1.36420102e+00
16.92834 1.36011770e+00
16.98694 1.35769775e+00
17.04574 1.35529777e+00
17.10474 1.34841718e+00
17.16395 1.34033552e+00
17.22337 1.33227385e+00
17.28299 1.33241140e+00
17.34281 1.33372982e+00
17.40285 1.33508782e+00
17.46309 1.33600952e+00
17.52354 1.33692675e+00
17.58420 1.33786610e+00
17.64507 1.33918898e+00
17.70615 1.34054601e+00
17.76744 1.34192516e+00
17.82894 1.35209580e+00
17.89066 1.36257646e+00
17.95259 1.37312599e+00
18.01473 1.38212991e+00
18.07709 1.39109543e+00
18.13967 1.40012264e+00
18.20246 1.40867532e+00
18.26547 1.41721074e+00
18.32870 1.42580300e+00
18.39214 1.43774933e+00
18.45581 1.45067710e+00
18.51969 1.46368926e+00
18.58380 1.47870622e+00
18.64813 1.49477485e+00
18.71268 1.51088209e+00
18.77746 1.52672064e+00
18.84246 1.54228293e+00
18.90768 1.55787820e+00
18.97313 1.57432474e+00
19.03881 1.59269654e+00
19.10472 1.61101073e+00
19.17085 1.62900791e+00
19.23721 1.64321123e+00
19.30380 1.65737246e+00
19.37062 1.67148790e+00
19.43768 1.68459240e+00
19.50496 1.69738903e+00
19.57248 1.71012474e+00
19.64023 1.72226856e+00
19.70822 1.73379216e+00
19.77644 1.74525291e+00
19.84490 1.75611885e+00
19.91359 1.76370095e+00
19.98252 1.77124968e+00
20.05169 1.77876388e+00
20.12110 1.78630311e+00
20.19076 1.79382876e+00
20.26065 1.80132046e+00
20.33078 1.80778958e+00
20.40116 1.81224149e+00
20.47178 1.81667886e+00
20.54264 1.82110147e+00
20.61375 1.82565562e+00
20.68511 1.83021598e+00
20.75671 1.83475966e+00
20.82856 1.83894676e+00
20.90066 1.84251131e+00
20.97301 1.84606559e+00
21.04561 1.84960977e+00
21.11846 1.85249882e+00
21.19157 1.85522743e+00
21.26492 1.85795061e+00
21.33853 1.86057174e+00
21.41240 1.86282777e+00
21.48652 1.86508186e+00
21.56090 1.86733400e+00
21.63553 1.86910968e+00
21.71043 1.87052957e+00
21.78558 1.87195043e+00
21.86099 1.87337264e+00
21.93666 1.87500903e+00
22.01260 1.87667627e+00
22.08880 1.87834738e+00
22.16526 1.87974088e+00
22.24199 1.87955658e+00
22.31898 1.87937752e+00
22.39624 1.87920409e+00
22.47377 1.87921670e+00
22.55156 1.87954359e+00
22.62962 1.87987707e+00
22.70796 1.88021754e+00
22.78656 1.88024121e+00
22.86544 1.87999347e+00
22.94459 1.87975757e+00
23.02402 1.87953389e+00
23.10372 1.87894471e+00
23.18369 1.87815940e+00
23.26394 1.87737913e+00
23.34447 1.87660429e+00
23.42528 1.87502746e+00
23.50637 1.87312451e+00
23.58774 1.87121749e+00
23.66939 1.86930640e+00
23.75133 1.86742576e+00
23.83354 1.86555075e+00
23.91604 1.86366682e+00
23.99883 1.86177357e+00
24.08191 1.85957517e+00
24.16527 1.85721904e+00
24.24892 1.85484583e+00
24.33286 1.85245478e+00
24.41709 1.84977060e+00
24.50161 1.84684915e+00
24.58642 1.84389298e+00
24.67153 1.84090092e+00
24.75693 1.83754647e+00
24.84263 1.83366957e+00
24.92863 1.82974126e+00
25.01492 1.82575980e+00
25.10151 1.82174866e+00
25.18840 1.81778679e+00
25.27559 1.81375741e+00
25.36309 1.80965935e+00
25.45088 1.80549107e+00
25.53898 1.80109251e+00
25.62739 1.79659947e+00
25.71610 1.79202960e+00
25.80512 1.78738195e+00
25.89444 1.78269103e+00
25.98408 1.77794773e+00
26.07403 1.77312120e+00
26.16428 1.76821106e+00
26.25485 1.76334108e+00
26.34574 1.75926747e+00
26.43694 1.75512557e+00
26.52845 1.75091577e+00
26.62028 1.74663865e+00
26.71243 1.74263429e+00
26.80489 1.73876458e+00
26.89768 1.73483879e+00
26.99079 1.73085772e+00
27.08422 1.72691467e+00
27.17798 1.72398333e+00
27.27205 1.72101493e+00
27.36646 1.71801046e+00
27.46119 1.71497067e+00
27.55625 1.71251599e+00
27.65164 1.71079754e+00
27.74736 1.70906415e+00
27.84341 1.70731679e+00
27.93979 1.70555663e+00
28.03650 1.70454298e+00
28.13355 1.70378482e+00
28.23094 1.70302337e+00
28.32867 1.70225921e+00
28.42673 1.70149310e+00
28.52513 1.70216648e+00
28.62387 1.70290581e+00
28.72295 1.70365329e+00
28.82238 1.70440931e+00
28.92215 1.70532421e+00
29.02227 1.70763456e+00
29.12273 1.70994335e+00
29.22354 1.71225118e+00
29.32470 1.71455784e+00
29.42621 1.71682085e+00
29.52807 1.71884737e+00
29.63029 1.72088243e+00
29.73286 1.72292642e+00
29.83578 1.72497952e+00
29.93906 1.72700371e+00
30.04269 1.72874312e+00
30.14669 1.73048252e+00
30.25104 1.73222193e+00
30.35576 1.73396152e+00
30.46084 1.73570112e+00
30.56628 1.73779962e+00
30.67209 1.73988570e+00
30.77826 1.74195782e+00
30.88481 1.74401557e+00
30.99172 1.74605898e+00
31.09900 1.74736751e+00
31.20665 1.74845507e+00
31.31467 1.74952226e+00
31.42307 1.75056870e+00
31.53184 1.75159438e+00
31.64099 1.75255448e+00
31.75052 1.75344165e+00
31.86043 1.75430456e+00
31.97072 1.75514303e+00
32.08139 1.75595686e+00
32.19244 1.75671229e+00
32.30388 1.75693753e+00
32.41570 1.75713288e+00
32.52791 1.75729778e+00
32.64051 1.75743203e+00
32.75349 1.75753505e+00
32.86687 1.75718895e+00
32.98064 1.75646572e+00
33.09481 1.75570621e+00
33.20937 1.75491003e+00
33.32433 1.75407700e+00
33.43968 1.75320671e+00
33.55544 1.75149466e+00
33.67159 1.74968076e+00
33.78815 1.74782476e+00
33.90511 1.74592647e+00
34.02247 1.74398550e+00
34.14024 1.74190485e+00
34.25842 1.73939100e+00
34.37701 1.73683234e+00
34.49601 1.73422866e+00
34.61542 1.73157959e+00
34.73525 1.72888551e+00
34.85549 1.72602343e+00
34.97614 1.72289111e+00
35.09721 1.71971300e+00
35.21871 1.71648930e+00
35.34062 1.71321963e+00
35.46295 1.70990436e+00
35.58571 1.70626356e+00
35.70889 1.70213097e+00
35.83250 1.69795008e+00
35.95654 1.69372088e+00
36.08101 1.68944396e+00
36.20590 1.68511931e+00
36.33123 1.68070309e+00
36.45700 1.67613478e+00
36.58320 1.67152204e+00
36.70983 1.66686488e+00
36.83691 1.66216426e+00
36.96442 1.65742018e+00
37.09238 1.65260064e+00
37.22077 1.64730696e+00
37.34962 1.64197119e+00
37.47890 1.63659389e+00
37.60864 1.63117586e+00
37.73883 1.62571767e+00
37.86946 1.62021991e+00
38.00055 1.61443017e+00
38.13209 1.60849881e+00
38.26409 1.60252982e+00
38.39654 1.59652358e+00
38.52946 1.59048126e+00
38.66283 1.58440343e+00
38.79667 1.57830039e+00
38.93096 1.57220161e+00
39.06573 1.56607237e+00
39.20096 1.55991326e+00
39.33665 1.55372524e+00
39.47282 1.54750890e+00
39.60946 1.54126501e+00
39.74657 1.53492800e+00
39.88416 1.52851087e+00
40.02222 1.52206813e+00
40.16076 1.51560056e+00
40.29978 1.50910912e+00
40.43928 1.50259460e+00
40.57926 1.49605758e+00
40.71973 1.48935721e+00
40.86069 1.48259107e+00
41.00213 1.47580902e+00
41.14406 1.46901204e+00
41.28648 1.46220089e+00
41.42940 1.45537655e+00
41.57281 1.44853980e+00
41.71672 1.44168656e+00
41.86113 1.43482031e+00
42.00603 1.42794379e+00
42.15144 1.42105757e+00
42.29735 1.41416242e+00
42.44377 1.40725932e+00
42.59069 1.40034904e+00
42.73812 1.39325969e+00
42.88606 1.38606326e+00
43.03451 1.37886412e+00
43.18348 1.37166303e+00
43.33297 1.36446078e+00
43.48297 1.35725814e+00
43.63349 1.35005609e+00
43.78453 1.34280670e+00
43.93609 1.33544634e+00
44.08818 1.32808908e+00
44.24079 1.32073551e+00
44.39394 1.31338640e+00
44.54761 1.30604253e+00
44.70182 1.29870468e+00
44.85655 1.29137361e+00
45.01183 1.28380664e+00
45.16764 1.27618438e+00
45.32399 1.26857589e+00
45.48089 1.26098157e+00
45.63832 1.25340238e+00
45.79630 1.24583871e+00
45.95483 1.23829152e+00
46.11391 1.23077635e+00
46.27353 1.22349825e+00
46.43371 1.21623663e+00
46.59445 1.20899229e+00
46.75574 1.20176540e+00
46.91759 1.19455675e+00
47.08000 1.18736672e+00
47.24297 1.18019590e+00
47.40650 1.17304894e+00
47.57060 1.16594951e+00
47.73527 1.15887045e+00
47.90051 1.15181176e+00
48.06633 1.14477441e+00
48.23271 1.13775859e+00
48.39967 1.13076450e+00
48.56721 1.12379292e+00
48.73533 1.11684403e+00
48.90403 1.10944701e+00
49.07332 1.10206957e+00
49.24319 1.09471988e+00
49.41365 1.08739832e+00
49.58470 1.08010548e+00
49.75634 1.07284134e+00
49.92858 1.06560630e+00
50.10141 1.05840114e+00
50.27484 1.05112188e+00
50.44887 1.04380536e+00
50.62350 1.03652260e+00
50.79874 1.02927418e+00
50.97458 1.02206009e+00
51.15104 1.01488093e+00
51.32810 1.00773669e+00
51.50578 1.00062775e+00
51.68407 9.93554122e-01
51.86298 9.87065598e-01
52.04250 9.80633334e-01
52.22265 9.74232110e-01
52.40343 9.67862314e-01
52.58482 9.61523558e-01
52.76685 9.55216424e-01
52.94951 9.48940524e-01
53.13280 9.42696440e-01
53.31672 9.36474278e-01
53.50128 9.30106810e-01
53.68648 9.23772516e-01
53.87232 9.17471978e-01
54.05880 9.11204614e-01
54.24593 9.04971006e-01
54.43371 8.98771154e-01
54.62214 8.92604864e-01
54.81122 8.86472136e-01
55.00095 8.80373358e-01
55.19134 8.73858062e-01
55.38239 8.67310950e-01
55.57410 8.60803608e-01
55.76647 8.54336036e-01
55.95951 8.47908040e-01
56.15322 8.41519814e-01
56.34760 8.35171164e-01
56.54265 8.28862284e-01
56.73838 8.22592980e-01
56.93479 8.16625152e-01
57.13187 8.11129520e-01
57.32964 8.05666674e-01
57.52809 8.00236614e-01
57.72723 7.94839534e-01
57.92705 7.89475046e-01
58.12757 7.84143344e-01
58.32879 7.78844040e-01
58.53070 7.73577328e-01
58.73331 7.68343014e-01
58.93662 7.62405644e-01
59.14063 7.55945056e-01
59.34535 7.49532774e-01
59.55078 7.43168604e-01
59.75692 7.36852546e-01
59.96377 7.30584212e-01
60.17134 7.24363408e-01
60.37963 7.18189940e-01
60.58864 7.12064002e-01
60.79837 7.05984818e-01
61.00883 7.00197022e-01
61.22002 6.94802852e-01
61.43194 6.89446706e-01
61.64459 6.84128390e-01
61.85797 6.78847710e-01
62.07210 6.73604666e-01
62.28697 6.68398870e-01
62.50258 6.63230128e-01
62.71894 6.58098634e-01
62.93605 6.53003806e-01
63.15390 6.47945838e-01
63.37252 6.42901256e-01
63.59189 6.37892370e-01
63.81201 6.32921702e-01
64.03290 6.27989446e-01
64.25456 6.23095214e-01
64.47698 6.18238618e-01
64.70017 6.13419464e-01
64.92414 6.08637752e-01
65.14888 6.03892900e-01
65.37440 5.99184908e-01
65.60070 5.94513582e-01
65.82778 5.89563478e-01
66.05565 5.84640922e-01
66.28430 5.79757748e-01
66.51375 5.74913374e-01
66.74400 5.70107994e-01
66.97504 5.65341026e-01
67.20688 5.60612276e-01
67.43952 5.55921744e-01
67.67297 5.51268848e-01
67.90722 5.46653588e-01
68.14229 5.42075576e-01
68.37817 5.37511920e-01
68.61486 5.32972126e-01
68.85238 5.28470744e-01
69.09072 5.24007386e-01
69.32988 5.19581858e-01
69.56987 5.15193772e-01
69.81069 5.10842934e-01
70.05235 5.06529150e-01
70.29484 5.02251838e-01
70.53817 4.98010998e-01
70.78235 4.93806242e-01
71.02737 4.89637376e-01
71.27323 4.85515264e-01
71.51995 4.81431564e-01
71.76752 4.77382784e-01
72.01595 4.73368536e-01
72.26524 4.69389014e-01
72.51539 4.65443442e-01
72.76641 4.61531820e-01
73.01830 4.57653954e-01
73.27106 4.53809262e-01
73.52469 4.49997550e-01
73.77920 4.46218818e-01
74.03460 4.42472484e-01
74.29087 4.38757966e-01
74.54804 4.35074876e-01
74.80609 4.31423796e-01
75.06504 4.27804532e-01
75.32488 4.24216696e-01
75.58563 4.20659900e-01
75.84727 4.17134144e-01
76.10982 4.13638846e-01
76.37328 4.10174006e-01
76.63766 4.06739236e-01
76.90295 4.03334342e-01
77.16915 3.99959130e-01
77.43628 3.96613018e-01
77.70433 3.93300662e-01
77.97331 3.90019540e-01
78.24322 3.86767130e-01
78.51407 3.83543238e-01
78.78585 3.80347282e-01
79.05857 3.77179262e-01
79.33224 3.74038790e-01
79.60686 3.70925866e-01
79.88242 3.67839908e-01
80.15894 3.64780916e-01
80.43642 3.61748696e-01
80.71486 3.58742666e-01
80.99426 3.55763020e-01
81.27463 3.52811310e-01
81.55596 3.49896072e-01
81.83828 3.47006248e-01
82.12157 3.44141644e-01
82.40584 3.41302066e-01
82.69109 3.38487126e-01
82.97733 3.35696824e-01
83.26457 3.32930578e-01
83.55279 3.30188582e-01
83.84202 3.27470448e-01
84.13225 3.24775982e-01
84.42348 3.22104796e-01
84.71572 3.19457084e-01
85.00897 3.16832070e-01
85.30323 3.14230530e-01
85.59852 3.11660806e-01
85.89482 3.09113392e-01
86.19215 3.06588094e-01
86.49052 3.04084718e-01
86.78991 3.01603070e-01
87.09034 2.99142956e-01
87.39181 2.96703988e-01
87.69432 2.94286360e-01
87.99789 2.91889490e-01
88.30250 2.89513378e-01
88.60816 2.87157830e-01
88.91489 2.84822652e-01
89.22267 2.82507650e-01
89.53153 2.80212630e-01
89.84145 2.77939338e-01
90.15244 2.75692818e-01
90.46451 2.73465698e-01
90.77766 2.71257784e-01
91.09190 2.69068882e-01
91.40722 2.66898798e-01
91.72363 2.64747338e-01
92.04114 2.62614502e-01
92.35975 2.60499902e-01
92.67946 2.58403538e-01
93.00028 2.56325022e-01
93.32221 2.54264354e-01
93.64525 2.52221534e-01
93.96941 2.50195980e-01
94.29469 2.48187886e-01
94.62110 2.46196864e-01
94.94864 2.44226794e-01
95.27731 2.42276706e-01
95.60712 2.40343302e-01
95.93807 2.38426388e-01
96.27017 2.36525770e-01
96.60342 2.34641254e-01
96.93782 2.32772840e-01
97.27338 2.30920334e-01
97.61010 2.29083736e-01
97.94798 2.27262464e-01
98.28704 2.25456906e-01
98.62727 2.23666480e-01
98.96867 2.21891380e-01
99.31126 2.20131218e-01
99.65504 2.18385994e-01
100.00000 2.16655514e-01
