        2000  1.000000 3.300000
0.10000 1.33842368e+00
0.10035 1.33867624e+00
0.10069 1.33891604e+00
0.10104 1.33916112e+00
0.10139 1.33941148e+00
0.10174 1.33965788e+00
0.10210 1.33990868e+00
0.10245 1.34016476e+00
0.10280 1.34042172e+00
0.10316 1.34067560e+00
0.10352 1.34093652e+00
0.10387 1.34119964e+00
0.10423 1.34146232e+00
0.10459 1.34172940e+00
0.10496 1.34200616e+00
0.10532 1.34227764e+00
0.10568 1.34254120e+00
0.10605 1.34281312e+00
0.10642 1.34309604e+00
0.10679 1.34338116e+00
0.10716 1.34365264e+00
0.10753 1.34391708e+00
0.10790 1.34419076e+00
0.10827 1.34448336e+00
0.10865 1.34476760e+00
0.10902 1.34502676e+00
0.10940 1.34528460e+00
0.10978 1.34556884e+00
0.11016 1.34586628e+00
0.11054 1.34613116e+00
0.11092 1.34637536e+00
0.11131 1.34664464e+00
0.11169 1.34694032e+00
0.11208 1.34722104e+00
0.11247 1.34746656e+00
0.11286 1.34772176e+00
0.11325 1.34800644e+00
0.11364 1.34829596e+00
0.11403 1.34855776e+00
0.11443 1.34880372e+00
0.11482 1.34907300e+00
0.11522 1.34936428e+00
0.11562 1.34964236e+00
0.11602 1.34988744e+00
0.11642 1.35013648e+00
0.11682 1.35041676e+00
0.11723 1.35071068e+00
0.11763 1.35097996e+00
0.11804 1.35120744e+00
0.11845 1.35144416e+00
0.11886 1.35173016e+00
0.11927 1.35202892e+00
0.11968 1.35229556e+00
0.12010 1.35251468e+00
0.12051 1.35274436e+00
0.12093 1.35302024e+00
0.12135 1.35331812e+00
0.12177 1.35358872e+00
0.12219 1.35382148e+00
0.12262 1.35405820e+00
0.12304 1.35432616e+00
0.12347 1.35461832e+00
0.12389 1.35489640e+00
0.12432 1.35515644e+00
0.12475 1.35541912e+00
0.12518 1.35569148e+00
0.12562 1.35596912e+00
0.12605 1.35625028e+00
0.12649 1.35654024e+00
0.12693 1.35683592e+00
0.12737 1.35712808e+00
0.12781 1.35740484e+00
0.12825 1.35767764e+00
0.12869 1.35797904e+00
0.12914 1.35830464e+00
0.12959 1.35861220e+00
0.13003 1.35888588e+00
0.13048 1.35915912e+00
0.13094 1.35946844e+00
0.13139 1.35981472e+00
0.13184 1.36014736e+00
0.13230 1.36042104e+00
0.13276 1.36066920e+00
0.13322 1.36096752e+00
0.13368 1.36133008e+00
0.13414 1.36169792e+00
0.13461 1.36200152e+00
0.13507 1.36224088e+00
0.13554 1.36250664e+00
0.13601 1.36285996e+00
0.13648 1.36324848e+00
0.13695 1.36358772e+00
0.13743 1.36384776e+00
0.13790 1.36408976e+00
0.13838 1.36440832e+00
0.13886 1.36479596e+00
0.13934 1.36515500e+00
0.13982 1.36544056e+00
0.14031 1.36569752e+00
0.14079 1.36599232e+00
0.14128 1.36634520e+00
0.14177 1.36669896e+00
0.14226 1.36698408e+00
0.14275 1.36722256e+00
0.14324 1.36750152e+00
0.14374 1.36785044e+00
0.14424 1.36821256e+00
0.14474 1.36851968e+00
0.14524 1.36875948e+00
0.14574 1.36898916e+00
0.14625 1.36926416e+00
0.14675 1.36958052e+00
0.14726 1.36990216e+00
0.14777 1.37020004e+00
0.14828 1.37047372e+00
0.14879 1.37073904e+00
0.14931 1.37099776e+00
0.14983 1.37124856e+00
0.15034 1.37151520e+00
0.15087 1.37181484e+00
0.15139 1.37212460e+00
0.15191 1.37240268e+00
0.15244 1.37263676e+00
0.15297 1.37285896e+00
0.15349 1.37311768e+00
0.15403 1.37342832e+00
0.15456 1.37374908e+00
0.15509 1.37401616e+00
0.15563 1.37423000e+00
0.15617 1.37445440e+00
0.15671 1.37472676e+00
0.15725 1.37503080e+00
0.15780 1.37532076e+00
0.15834 1.37555924e+00
0.15889 1.37577044e+00
0.15944 1.37602388e+00
0.15999 1.37634288e+00
0.16055 1.37668256e+00
0.16110 1.37697780e+00
0.16166 1.37719648e+00
0.16222 1.37737864e+00
0.16278 1.37759644e+00
0.16335 1.37788420e+00
0.16391 1.37822784e+00
0.16448 1.37857984e+00
0.16505 1.37889356e+00
0.16562 1.37916680e+00
0.16619 1.37942420e+00
0.16677 1.37967852e+00
0.16734 1.37993636e+00
0.16792 1.38020564e+00
0.16851 1.38049164e+00
0.16909 1.38080668e+00
0.16967 1.38115956e+00
0.17026 1.38152124e+00
0.17085 1.38185212e+00
0.17144 1.38214164e+00
0.17204 1.38240916e+00
0.17263 1.38267800e+00
0.17323 1.38296444e+00
0.17383 1.38327464e+00
0.17443 1.38360200e+00
0.17503 1.38393420e+00
0.17564 1.38426596e+00
0.17625 1.38460784e+00
0.17686 1.38496512e+00
0.17747 1.38532284e+00
0.17808 1.38565020e+00
0.17870 1.38593092e+00
0.17932 1.38618040e+00
0.17994 1.38644220e+00
0.18056 1.38675768e+00
0.18119 1.38713872e+00
0.18182 1.38755760e+00
0.18244 1.38796064e+00
0.18308 1.38830032e+00
0.18371 1.38857444e+00
0.18435 1.38882524e+00
0.18498 1.38910112e+00
0.18562 1.38942012e+00
0.18627 1.38977388e+00
0.18691 1.39014348e+00
0.18756 1.39049592e+00
0.18821 1.39080304e+00
0.18886 1.39108024e+00
0.18951 1.39137064e+00
0.19017 1.39170196e+00
0.19083 1.39205748e+00
0.19149 1.39239760e+00
0.19215 1.39270120e+00
0.19282 1.39297136e+00
0.19348 1.39322260e+00
0.19415 1.39348352e+00
0.19483 1.39378140e+00
0.19550 1.39411712e+00
0.19618 1.39446428e+00
0.19686 1.39479472e+00
0.19754 1.39509436e+00
0.19822 1.39535924e+00
0.19891 1.39559596e+00
0.19960 1.39583048e+00
0.20029 1.39626300e+00
0.20098 1.39696524e+00
0.20168 1.39767452e+00
0.20237 1.39838556e+00
0.20307 1.39908956e+00
0.20378 1.39977200e+00
0.20448 1.40042276e+00
0.20519 1.40104052e+00
0.20590 1.40163540e+00
0.20661 1.40223160e+00
0.20733 1.40285464e+00
0.20805 1.40350672e+00
0.20877 1.40416716e+00
0.20949 1.40481704e+00
0.21021 1.40543788e+00
0.21094 1.40601296e+00
0.21167 1.40654404e+00
0.21240 1.40706412e+00
0.21314 1.40761764e+00
0.21388 1.40822000e+00
0.21462 1.40885184e+00
0.21536 1.40947884e+00
0.21611 1.41006536e+00
0.21685 1.41059028e+00
0.21760 1.41106372e+00
0.21836 1.41153056e+00
0.21911 1.41203700e+00
0.21987 1.41260020e+00
0.22063 1.41305296e+00
0.22140 1.41348460e+00
0.22216 1.41388632e+00
0.22293 1.41422952e+00
0.22370 1.41451068e+00
0.22448 1.41476764e+00
0.22526 1.41505760e+00
0.22604 1.41541752e+00
0.22682 1.41584432e+00
0.22760 1.41630456e+00
0.22839 1.41675292e+00
0.22918 1.41715420e+00
0.22998 1.41749212e+00
0.23077 1.41777680e+00
0.23157 1.41804740e+00
0.23237 1.41835496e+00
0.23318 1.41873028e+00
0.23398 1.41916632e+00
0.23479 1.41962788e+00
0.23561 1.42007800e+00
0.23642 1.42049556e+00
0.23724 1.42087396e+00
0.23806 1.42121804e+00
0.23889 1.42154540e+00
0.23971 1.42188376e+00
0.24054 1.42220188e+00
0.24137 1.42252880e+00
0.24221 1.42287244e+00
0.24305 1.42320420e+00
0.24389 1.42351484e+00
0.24473 1.42381756e+00
0.24558 1.42413216e+00
0.24643 1.42446744e+00
0.24728 1.42481548e+00
0.24814 1.42516308e+00
0.24900 1.42550012e+00
0.24986 1.42581516e+00
0.25073 1.42609412e+00
0.25159 1.42633480e+00
0.25246 1.42656008e+00
0.25334 1.42681308e+00
0.25422 1.42713032e+00
0.25510 1.42752148e+00
0.25598 1.42796632e+00
0.25687 1.42842612e+00
0.25775 1.42885732e+00
0.25865 1.42922648e+00
0.25954 1.42951116e+00
0.26044 1.42967264e+00
0.26134 1.42973864e+00
0.26225 1.42980772e+00
0.26315 1.42994456e+00
0.26406 1.43018832e+00
0.26498 1.43053812e+00
0.26590 1.43095788e+00
0.26682 1.43138820e+00
0.26774 1.43176748e+00
0.26867 1.43204776e+00
0.26960 1.43220616e+00
0.27053 1.43225632e+00
0.27147 1.43224708e+00
0.27241 1.43224664e+00
0.27335 1.43231924e+00
0.27430 1.43250008e+00
0.27525 1.43279224e+00
0.27620 1.43316712e+00
0.27715 1.43357280e+00
0.27811 1.43394768e+00
0.27908 1.43423500e+00
0.28004 1.43439956e+00
0.28101 1.43442068e+00
0.28198 1.43435952e+00
0.28296 1.43428032e+00
0.28394 1.43424336e+00
0.28492 1.43428560e+00
0.28591 1.43441540e+00
0.28690 1.43461912e+00
0.28789 1.43486904e+00
0.28889 1.43512864e+00
0.28989 1.43535656e+00
0.29089 1.43551320e+00
0.29190 1.43557172e+00
0.29291 1.43553168e+00
0.29392 1.43542036e+00
0.29494 1.43528616e+00
0.29596 1.43517660e+00
0.29699 1.43512512e+00
0.29801 1.43514052e+00
0.29905 1.43521180e+00
0.30008 1.43531300e+00
0.30112 1.43539528e+00
0.30216 1.43545380e+00
0.30321 1.43546656e+00
0.30426 1.43541772e+00
0.30531 1.43530156e+00
0.30637 1.43512732e+00
0.30743 1.43491348e+00
0.30849 1.43468512e+00
0.30956 1.43446424e+00
0.31063 1.43426668e+00
0.31171 1.43409992e+00
0.31279 1.43396484e+00
0.31387 1.43385836e+00
0.31496 1.43376948e+00
0.31605 1.43367796e+00
0.31714 1.43355740e+00
0.31824 1.43338360e+00
0.31934 1.43314336e+00
0.32044 1.43271744e+00
0.32155 1.43205568e+00
0.32267 1.43135828e+00
0.32378 1.43064284e+00
0.32490 1.42992344e+00
0.32603 1.42921152e+00
0.32716 1.42851544e+00
0.32829 1.42783608e+00
0.32943 1.42716596e+00
0.33057 1.42648660e+00
0.33171 1.42577468e+00
0.33286 1.42501040e+00
0.33401 1.42418540e+00
0.33517 1.42329924e+00
0.33633 1.42235852e+00
0.33749 1.42137028e+00
0.33866 1.42034552e+00
0.33983 1.41929964e+00
0.34101 1.41791848e+00
0.34219 1.41647528e+00
0.34337 1.41502680e+00
0.34456 1.41356204e+00
0.34576 1.41205812e+00
0.34695 1.41049480e+00
0.34815 1.40886372e+00
0.34936 1.40716664e+00
0.35057 1.40540840e+00
0.35178 1.40359472e+00
0.35300 1.40173220e+00
0.35422 1.39982700e+00
0.35545 1.39788924e+00
0.35668 1.39592728e+00
0.35791 1.39394376e+00
0.35915 1.39192812e+00
0.36039 1.38984428e+00
0.36164 1.38765044e+00
0.36289 1.38537652e+00
0.36415 1.38302648e+00
0.36541 1.38061088e+00
0.36668 1.37814336e+00
0.36795 1.37563800e+00
0.36922 1.37310052e+00
0.37050 1.37054060e+00
0.37178 1.36797540e+00
0.37307 1.36541284e+00
0.37436 1.36283136e+00
0.37565 1.36018696e+00
0.37695 1.35744532e+00
0.37826 1.35460996e+00
0.37957 1.35171256e+00
0.38088 1.34888688e+00
0.38220 1.34607396e+00
0.38352 1.34319592e+00
0.38485 1.34023692e+00
0.38618 1.33720400e+00
0.38752 1.33412180e+00
0.38886 1.33102860e+00
0.39021 1.32796268e+00
0.39156 1.32493284e+00
0.39291 1.32190124e+00
0.39427 1.31879660e+00
0.39564 1.31556304e+00
0.39701 1.31220892e+00
0.39838 1.30880464e+00
0.39976 1.30542984e+00
0.40115 1.30240616e+00
0.40253 1.29946652e+00
0.40393 1.29647188e+00
0.40533 1.29335448e+00
0.40673 1.29009804e+00
0.40814 1.28674612e+00
0.40955 1.28337704e+00
0.41097 1.28005812e+00
0.41239 1.27680300e+00
0.41382 1.27356416e+00
0.41525 1.27025888e+00
0.41669 1.26681720e+00
0.41813 1.26322372e+00
0.41958 1.25953036e+00
0.42103 1.25605040e+00
0.42249 1.25272752e+00
0.42395 1.24949044e+00
0.42542 1.24630220e+00
0.42689 1.24309108e+00
0.42837 1.23979328e+00
0.42985 1.23638988e+00
0.43134 1.23290508e+00
0.43283 1.22938156e+00
0.43433 1.22585100e+00
0.43583 1.22232044e+00
0.43734 1.21877536e+00
0.43886 1.21518804e+00
0.44037 1.21153472e+00
0.44190 1.20780616e+00
0.44343 1.20401864e+00
0.44496 1.20020164e+00
0.44650 1.19638112e+00
0.44805 1.19256236e+00
0.44960 1.18872556e+00
0.45116 1.18502164e+00
0.45272 1.18130760e+00
0.45429 1.17751700e+00
0.45586 1.17366788e+00
0.45744 1.16978972e+00
0.45902 1.16591420e+00
0.46061 1.16205936e+00
0.46220 1.15822344e+00
0.46380 1.15438268e+00
0.46541 1.15050584e+00
0.46702 1.14656960e+00
0.46864 1.14256780e+00
0.47026 1.13850748e+00
0.47189 1.13440052e+00
0.47352 1.13026056e+00
0.47516 1.12609684e+00
0.47680 1.12191420e+00
0.47845 1.11770648e+00
0.48011 1.11346356e+00
0.48177 1.10917708e+00
0.48344 1.10484704e+00
0.48511 1.10048092e+00
0.48679 1.09608928e+00
0.48848 1.09168356e+00
0.49017 1.08726948e+00
0.49186 1.08284528e+00
0.49357 1.07839996e+00
0.49528 1.07391196e+00
0.49699 1.06935972e+00
0.49871 1.06473444e+00
0.50044 1.05985748e+00
0.50217 1.05438696e+00
0.50391 1.04889400e+00
0.50565 1.04340148e+00
0.50740 1.03793184e+00
0.50916 1.03250620e+00
0.51092 1.02714040e+00
0.51269 1.02183664e+00
0.51446 1.01658744e+00
0.51625 1.01138048e+00
0.51803 1.00619640e+00
0.51983 1.00100220e+00
0.52163 9.95747280e-01
0.52343 9.90374880e-01
0.52524 9.84840120e-01
0.52706 9.79123200e-01
0.52889 9.73236440e-01
0.53072 9.67227360e-01
0.53255 9.61176920e-01
0.53440 9.55191160e-01
0.53625 9.49373040e-01
0.53810 9.43781080e-01
0.53997 9.38410440e-01
0.54183 9.33200400e-01
0.54371 9.28052840e-01
0.54559 9.22853360e-01
0.54748 9.17497240e-01
0.54938 9.11925080e-01
0.55128 9.06236320e-01
0.55319 9.00479800e-01
0.55510 8.94765520e-01
0.55702 8.89243960e-01
0.55895 8.83988160e-01
0.56089 8.78985800e-01
0.56283 8.74161640e-01
0.56478 8.69398640e-01
0.56673 8.64549840e-01
0.56869 8.59482800e-01
0.57066 8.54124040e-01
0.57264 8.48496000e-01
0.57462 8.42717480e-01
0.57661 8.36971080e-01
0.57860 8.31457880e-01
0.58061 8.26323960e-01
0.58262 8.21588680e-01
0.58463 8.17150840e-01
0.58666 8.12848960e-01
0.58869 8.08496480e-01
0.59073 8.03923120e-01
0.59277 7.99003040e-01
0.59482 7.93682560e-01
0.59688 7.88040000e-01
0.59895 7.82256640e-01
0.60102 7.76347880e-01
0.60310 7.70478720e-01
0.60519 7.64996320e-01
0.60728 7.59969760e-01
0.60939 7.55309280e-01
0.61150 7.50880240e-01
0.61361 7.46567800e-01
0.61574 7.42322680e-01
0.61787 7.38124200e-01
0.62001 7.33797240e-01
0.62215 7.29097600e-01
0.62431 7.24075000e-01
0.62647 7.19094640e-01
0.62864 7.14383560e-01
0.63081 7.09827360e-01
0.63300 7.05153680e-01
0.63519 7.00099840e-01
0.63739 6.94729200e-01
0.63959 6.89519600e-01
0.64181 6.84792680e-01
0.64403 6.80343840e-01
0.64626 6.75885760e-01
0.64849 6.71526240e-01
0.65074 6.67901520e-01
0.65299 6.65369320e-01
0.65525 6.62962520e-01
0.65752 6.60501160e-01
0.65980 6.57704520e-01
0.66208 6.54559400e-01
0.66437 6.51420000e-01
0.66667 6.48425360e-01
0.66898 6.45245040e-01
0.67130 6.41646720e-01
0.67362 6.37887800e-01
0.67595 6.34356360e-01
0.67829 6.31184840e-01
0.68064 6.28359600e-01
0.68299 6.25864800e-01
0.68536 6.23441280e-01
0.68773 6.20794240e-01
0.69011 6.18081640e-01
0.69250 6.15639200e-01
0.69490 6.13509600e-01
0.69730 6.11463160e-01
0.69972 6.09372280e-01
0.70214 6.07059200e-01
0.70457 6.04444280e-01
0.70701 6.01377920e-01
0.70946 5.97945920e-01
0.71191 5.94739200e-01
0.71438 5.92309520e-01
0.71685 5.90131080e-01
0.71933 5.87192760e-01
0.72182 5.83641960e-01
0.72432 5.80601560e-01
0.72683 5.78380440e-01
0.72934 5.76227080e-01
0.73187 5.73639880e-01
0.73440 5.70765360e-01
0.73694 5.67889960e-01
0.73949 5.65231480e-01
0.74205 5.62713360e-01
0.74462 5.60197000e-01
0.74720 5.58110520e-01
0.74979 5.56886000e-01
0.75238 5.56118200e-01
0.75499 5.54472600e-01
0.75760 5.51851080e-01
0.76022 5.49043000e-01
0.76285 5.46442600e-01
0.76549 5.43876520e-01
0.76814 5.40992320e-01
0.77080 5.37578800e-01
0.77347 5.33811960e-01
0.77615 5.29879240e-01
0.77884 5.26126040e-01
0.78153 5.23534440e-01
0.78424 5.22970800e-01
0.78695 5.23981480e-01
0.78968 5.24540720e-01
0.79241 5.22926360e-01
0.79515 5.19966040e-01
0.79790 5.17874280e-01
0.80067 5.17772200e-01
0.80344 5.19381280e-01
0.80622 5.20030720e-01
0.80901 5.17992640e-01
0.81181 5.13635320e-01
0.81462 5.09258200e-01
0.81744 5.06620400e-01
0.82027 5.06435160e-01
0.82311 5.07844920e-01
0.82596 5.08080760e-01
0.82882 5.05346160e-01
0.83169 5.01432800e-01
0.83457 4.99288680e-01
0.83745 4.99732640e-01
0.84035 5.01378680e-01
0.84326 5.02370880e-01
0.84618 5.01568760e-01
0.84911 4.99302320e-01
0.85205 4.97257200e-01
0.85500 4.96727000e-01
0.85796 4.97385680e-01
0.86093 4.97948000e-01
0.86391 4.97449040e-01
0.86690 4.95762080e-01
0.86990 4.93641280e-01
0.87291 4.92015040e-01
0.87593 4.90815160e-01
0.87897 4.89378560e-01
0.88201 4.87776080e-01
0.88506 4.86601720e-01
0.88813 4.85840080e-01
0.89120 4.85080640e-01
0.89428 4.84024200e-01
0.89738 4.82669000e-01
0.90049 4.81794280e-01
0.90360 4.82243960e-01
0.90673 4.82491240e-01
0.90987 4.82243080e-01
0.91302 4.81937720e-01
0.91618 4.81174320e-01
0.91935 4.79240520e-01
0.92253 4.76567080e-01
0.92573 4.74232000e-01
0.92893 4.73160600e-01
0.93215 4.73546040e-01
0.93537 4.74280400e-01
0.93861 4.74063920e-01
0.94186 4.73172480e-01
0.94512 4.73104280e-01
0.94839 4.74957120e-01
0.95168 4.78282200e-01
0.95497 4.81146160e-01
0.95828 4.81863360e-01
0.96159 4.80814400e-01
0.96492 4.79798880e-01
0.96826 4.79914160e-01
0.97161 4.80643240e-01
0.97498 4.80495840e-01
0.97835 4.78434880e-01
0.98174 4.75005960e-01
0.98514 4.71834000e-01
0.98855 4.70061680e-01
0.99197 4.69419280e-01
0.99540 4.68627280e-01
0.99885 4.66815360e-01
1.00231 4.63802680e-01
1.00578 4.61027160e-01
1.00926 4.59308520e-01
1.01275 4.58262640e-01
1.01626 4.57159120e-01
1.01978 4.55543440e-01
1.02330 4.53525600e-01
1.02685 4.51540760e-01
1.03040 4.49863040e-01
1.03397 4.48502560e-01
1.03755 4.47382760e-01
1.04114 4.46377800e-01
1.04474 4.45333680e-01
1.04836 4.44183080e-01
1.05199 4.42961200e-01
1.05563 4.41771440e-01
1.05928 4.40728640e-01
1.06295 4.39821272e-01
1.06663 4.38877032e-01
1.07032 4.37680496e-01
1.07403 4.36069172e-01
1.07775 4.34017276e-01
1.08148 4.31697112e-01
1.08522 4.29374132e-01
1.08898 4.27216504e-01
1.09275 4.25184848e-01
1.09653 4.23058768e-01
1.10032 4.20540164e-01
1.10413 4.16752160e-01
1.10796 4.12988004e-01
1.11179 4.09530220e-01
1.11564 4.06401644e-01
1.11950 4.03368724e-01
1.12338 4.00146516e-01
1.12726 3.96664356e-01
1.13117 3.93129396e-01
1.13508 3.89812632e-01
1.13901 3.86776104e-01
1.14295 3.83805796e-01
1.14691 3.80633000e-01
1.15088 3.77229424e-01
1.15487 3.73854448e-01
1.15886 3.70802344e-01
1.16287 3.68135284e-01
1.16690 3.65676168e-01
1.17094 3.63242220e-01
1.17499 3.60858124e-01
1.17906 3.58722408e-01
1.18314 3.56981856e-01
1.18724 3.55570292e-01
1.19135 3.54260280e-01
1.19547 3.52847836e-01
1.19961 3.51277080e-01
1.20376 3.48876528e-01
1.20793 3.46312076e-01
1.21211 3.43572372e-01
1.21630 3.40527000e-01
1.22052 3.37111456e-01
1.22474 3.33381752e-01
1.22898 3.29462540e-01
1.23323 3.25448596e-01
1.23750 3.21357344e-01
1.24179 3.17163704e-01
1.24609 3.12865696e-01
1.25040 3.08514580e-01
1.25473 3.04190832e-01
1.25907 2.99957240e-01
1.26343 2.95832680e-01
1.26780 2.91805008e-01
1.27219 2.87867184e-01
1.27659 2.84040680e-01
1.28101 2.80362104e-01
1.28545 2.76848572e-01
1.28990 2.73481560e-01
1.29436 2.70226220e-01
1.29884 2.67063720e-01
1.30334 2.63979496e-01
1.30785 2.60987320e-01
1.31238 2.58087896e-01
1.31692 2.55262040e-01
1.32148 2.52489204e-01
1.32605 2.49762084e-01
1.33064 2.47089216e-01
1.33525 2.44483932e-01
1.33987 2.41951028e-01
1.34451 2.39483728e-01
1.34916 2.37072000e-01
1.35383 2.34713512e-01
1.35852 2.32415920e-01
1.36322 2.30188992e-01
1.36794 2.28033916e-01
1.37268 2.25938680e-01
1.37743 2.23882164e-01
1.38220 2.21842192e-01
1.38698 2.19800592e-01
1.39178 2.17742536e-01
1.39660 2.15653460e-01
1.40144 2.13721816e-01
1.40629 2.12178164e-01
1.41115 2.10514744e-01
1.41604 2.08740928e-01
1.42094 2.06875240e-01
1.42586 2.04937216e-01
1.43080 2.02943752e-01
1.43575 2.00909852e-01
1.44072 1.98849288e-01
1.44571 1.96774336e-01
1.45071 1.94694764e-01
1.45573 1.92617612e-01
1.46077 1.90547280e-01
1.46583 1.88486980e-01
1.47090 1.86439220e-01
1.47599 1.84406420e-01
1.48110 1.82390076e-01
1.48623 1.80390936e-01
1.49137 1.78409484e-01
1.49654 1.76447084e-01
1.50172 1.74679780e-01
1.50692 1.73280580e-01
1.51213 1.71895636e-01
1.51737 1.70526884e-01
1.52262 1.69177052e-01
1.52789 1.67849660e-01
1.53318 1.66548624e-01
1.53849 1.65278168e-01
1.54381 1.64042780e-01
1.54916 1.62847388e-01
1.55452 1.61697272e-01
1.55990 1.60597580e-01
1.56530 1.59553020e-01
1.57072 1.58567596e-01
1.57615 1.57644212e-01
1.58161 1.56784496e-01
1.58709 1.55988448e-01
1.59258 1.55254000e-01
1.59809 1.54576884e-01
1.60362 1.54182468e-01
1.60918 1.53948652e-01
1.61475 1.53743612e-01
1.62034 1.53557624e-01
1.62594 1.53380304e-01
1.63157 1.53201092e-01
1.63722 1.53009692e-01
1.64289 1.52796864e-01
1.64857 1.52554512e-01
1.65428 1.52276256e-01
1.66001 1.51957256e-01
1.66575 1.51594344e-01
1.67152 1.51185760e-01
1.67731 1.50730976e-01
1.68311 1.50230520e-01
1.68894 1.49685668e-01
1.69478 1.49098312e-01
1.70065 1.48495072e-01
1.70654 1.48047592e-01
1.71245 1.47560424e-01
1.71837 1.47036560e-01
1.72432 1.46478992e-01
1.73029 1.45890668e-01
1.73628 1.45274624e-01
1.74229 1.44633852e-01
1.74832 1.43971344e-01
1.75437 1.43290136e-01
1.76045 1.42593308e-01
1.76654 1.41883896e-01
1.77266 1.41165024e-01
1.77879 1.40439904e-01
1.78495 1.39711704e-01
1.79113 1.38983680e-01
1.79733 1.38259044e-01
1.80355 1.37212768e-01
1.80979 1.35937604e-01
1.81606 1.34687740e-01
1.82234 1.33467356e-01
1.82865 1.32280456e-01
1.83498 1.31130780e-01
1.84133 1.30021848e-01
1.84771 1.28957004e-01
1.85410 1.27938976e-01
1.86052 1.26970360e-01
1.86696 1.26053092e-01
1.87342 1.25188668e-01
1.87991 1.24378100e-01
1.88642 1.23621608e-01
1.89295 1.22918796e-01
1.89950 1.22268476e-01
1.90607 1.21569228e-01
1.91267 1.20900868e-01
1.91929 1.20269336e-01
1.92594 1.19672256e-01
1.93260 1.19106856e-01
1.93929 1.18569924e-01
1.94601 1.18057808e-01
1.95274 1.17566592e-01
1.95950 1.17092008e-01
1.96629 1.16629700e-01
1.97309 1.16175092e-01
1.97992 1.15723652e-01
1.98678 1.15270892e-01
1.99365 1.14812500e-01
2.00055 1.14327972e-01
2.00748 1.13642672e-01
2.01443 1.12940916e-01
2.02140 1.12219668e-01
2.02840 1.11476332e-01
2.03542 1.10708928e-01
2.04247 1.09915916e-01
2.04954 1.09096416e-01
2.05663 1.08249856e-01
2.06375 1.07376236e-01
2.07090 1.06475864e-01
2.07806 1.05549444e-01
2.08526 1.04598076e-01
2.09247 1.03622992e-01
2.09972 1.02625820e-01
2.10699 1.01608276e-01
2.11428 1.00572252e-01
2.12160 9.95198600e-02
2.12894 9.84532120e-02
2.13631 9.73745080e-02
2.14371 9.62860800e-02
2.15113 9.51901720e-02
2.15857 9.40891600e-02
2.16605 9.29852440e-02
2.17354 9.18807560e-02
2.18107 9.07778520e-02
2.18862 8.96787320e-02
2.19619 8.85854640e-02
2.20380 8.76163640e-02
2.21143 8.67702000e-02
2.21908 8.59307240e-02
2.22676 8.50997840e-02
2.23447 8.42790080e-02
2.24220 8.34699800e-02
2.24997 8.26742400e-02
2.25775 8.18931520e-02
2.26557 8.11279920e-02
2.27341 8.03799480e-02
2.28128 7.96501200e-02
2.28918 7.89394760e-02
2.29710 7.82488520e-02
2.30505 7.75790400e-02
2.31303 7.69306560e-02
2.32104 7.63041840e-02
2.32908 7.57001520e-02
2.33714 7.51187800e-02
2.34523 7.45602880e-02
2.35335 7.40247640e-02
2.36149 7.35121640e-02
2.36967 7.30223560e-02
2.37787 7.25550760e-02
2.38610 7.21099720e-02
2.39436 7.16865160e-02
2.40265 7.12972040e-02
2.41097 7.09558520e-02
2.41931 7.06336400e-02
2.42769 7.03296880e-02
2.43609 7.00429400e-02
2.44452 6.97723840e-02
2.45298 6.95167440e-02
2.46148 6.92747440e-02
2.47000 6.90450200e-02
2.47855 6.88261200e-02
2.48713 6.86165920e-02
2.49574 6.84148080e-02
2.50438 6.82192280e-02
2.51304 6.80282680e-02
2.52174 6.78402560e-02
2.53047 6.76536520e-02
2.53923 6.74668720e-02
2.54802 6.72783320e-02
2.55684 6.70866680e-02
2.56569 6.68904280e-02
2.57457 6.66882480e-02
2.58349 6.64789840e-02
2.59243 6.62615360e-02
2.60140 6.60453200e-02
2.61041 6.58750400e-02
2.61944 6.56928800e-02
2.62851 6.54981800e-02
2.63761 6.52904120e-02
2.64674 6.50693120e-02
2.65590 6.48345720e-02
2.66510 6.45861480e-02
2.67432 6.43240840e-02
2.68358 6.40486000e-02
2.69287 6.37599160e-02
2.70219 6.34584720e-02
2.71154 6.31446640e-02
2.72093 6.28191960e-02
2.73035 6.24825520e-02
2.73980 6.21355240e-02
2.74928 6.17788160e-02
2.75880 6.14132200e-02
2.76835 6.10395720e-02
2.77793 6.06587080e-02
2.78755 6.02714640e-02
2.79720 5.98787200e-02
2.80688 5.94787600e-02
2.81660 5.90740480e-02
2.82635 5.86664320e-02
2.83613 5.82567480e-02
2.84595 5.78457440e-02
2.85580 5.74342120e-02
2.86569 5.70228120e-02
2.87561 5.66122920e-02
2.88556 5.62033120e-02
2.89555 5.57964880e-02
2.90557 5.53924800e-02
2.91563 5.49918160e-02
2.92572 5.45950240e-02
2.93585 5.42026320e-02
2.94601 5.38151240e-02
2.95621 5.34328960e-02
2.96644 5.30563440e-02
2.97671 5.26858200e-02
2.98702 5.23216760e-02
2.99736 5.19642640e-02
3.00773 5.16240560e-02
3.01814 5.12944960e-02
3.02859 5.09723280e-02
3.03907 5.06575960e-02
3.04960 5.03505640e-02
3.06015 5.00513200e-02
3.07074 4.97599520e-02
3.08137 4.94765040e-02
3.09204 4.92010640e-02
3.10274 4.89335880e-02
3.11348 4.86741200e-02
3.12426 4.84225720e-02
3.13508 4.81789880e-02
3.14593 4.79431920e-02
3.15682 4.77150960e-02
3.16775 4.74946560e-02
3.17871 4.72816520e-02
3.18972 4.70759520e-02
3.20076 4.68774240e-02
3.21184 4.66858480e-02
3.22295 4.65010040e-02
3.23411 4.63226720e-02
3.24531 4.61505880e-02
3.25654 4.59845320e-02
3.26781 4.58242400e-02
3.27912 4.56694480e-02
3.29047 4.55198040e-02
3.30187 4.53750440e-02
3.31330 4.52348600e-02
3.32476 4.50989440e-02
3.33627 4.49669000e-02
3.34782 4.48384640e-02
3.35941 4.47132840e-02
3.37104 4.45909640e-02
3.38271 4.44712400e-02
3.39442 4.43536720e-02
3.40617 4.42379520e-02
3.41796 4.41237720e-02
3.42979 4.40106920e-02
3.44166 4.38984656e-02
3.45358 4.37866792e-02
3.46553 4.36750248e-02
3.47753 4.35631724e-02
3.48957 4.34508008e-02
3.50164 4.33388164e-02
3.51377 4.32333176e-02
3.52593 4.31261864e-02
3.53814 4.30171368e-02
3.55038 4.29058916e-02
3.56267 4.27921956e-02
3.57500 4.26758156e-02
3.58738 4.25565184e-02
3.59980 4.24341104e-02
3.61226 4.23083980e-02
3.62476 4.21792228e-02
3.63731 4.20464308e-02
3.64990 4.19098988e-02
3.66254 4.17695168e-02
3.67521 4.16251968e-02
3.68794 4.14768640e-02
3.70070 4.13244744e-02
3.71351 4.11679928e-02
3.72637 4.10074016e-02
3.73927 4.08427008e-02
3.75221 4.06739168e-02
3.76520 4.05010760e-02
3.77823 4.03242268e-02
3.79131 4.01434352e-02
3.80443 3.99587760e-02
3.81760 3.97703372e-02
3.83082 3.95782200e-02
3.84408 3.93825256e-02
3.85739 3.91833816e-02
3.87074 3.89809112e-02
3.88414 3.87752464e-02
3.89758 3.85665280e-02
3.91107 3.83549056e-02
3.92461 3.81405288e-02
3.93820 3.79235472e-02
3.95183 3.77041236e-02
3.96551 3.74824164e-02
3.97924 3.72585840e-02
3.99301 3.70327936e-02
4.00683 3.68156096e-02
4.02070 3.66072432e-02
4.03462 3.63971212e-02
4.04859 3.61854108e-02
4.06260 3.59722704e-02
4.07667 3.57578672e-02
4.09078 3.55423552e-02
4.10494 3.53258840e-02
4.11915 3.51086076e-02
4.13341 3.48906712e-02
4.14771 3.46722156e-02
4.16207 3.44533816e-02
4.17648 3.42343012e-02
4.19094 3.40151020e-02
4.20545 3.37959072e-02
4.22000 3.35768444e-02
4.23461 3.33580192e-02
4.24927 3.31395460e-02
4.26398 3.29215260e-02
4.27874 3.27040648e-02
4.29355 3.24872548e-02
4.30841 3.22711840e-02
4.32332 3.20559448e-02
4.33829 3.18416164e-02
4.35331 3.16282736e-02
4.36838 3.14159868e-02
4.38350 3.12048308e-02
4.39867 3.09948672e-02
4.41390 3.07861532e-02
4.42918 3.05787460e-02
4.44451 3.03727028e-02
4.45990 3.01680632e-02
4.47533 2.99648756e-02
4.49083 2.97631840e-02
4.50637 2.96576104e-02
4.52197 2.96892728e-02
4.53762 2.97214280e-02
4.55333 2.97541244e-02
4.56909 2.97874104e-02
4.58491 2.98213212e-02
4.60078 2.98559052e-02
4.61670 2.98911932e-02
4.63269 2.99272292e-02
4.64872 2.99640484e-02
4.66481 3.00016772e-02
4.68096 3.00401552e-02
4.69717 3.00795088e-02
4.71343 3.01197644e-02
4.72974 3.01609484e-02
4.74611 3.02030960e-02
4.76254 3.02462160e-02
4.77903 3.02903436e-02
4.79557 3.03354964e-02
4.81217 3.03816876e-02
4.82883 3.04289436e-02
4.84555 3.04772820e-02
4.86232 3.05267116e-02
4.87915 3.05772588e-02
4.89604 3.06289236e-02
4.91299 3.06817324e-02
4.92999 3.07356852e-02
4.94706 3.07908040e-02
4.96418 3.08470932e-02
4.98137 3.09045616e-02
4.99861 3.09632224e-02
5.01591 3.09683000e-02
5.03328 3.09697828e-02
5.05070 3.09724536e-02
5.06818 3.09763080e-02
5.08573 3.09813416e-02
5.10333 3.09875544e-02
5.12100 3.09949420e-02
5.13873 3.10035000e-02
5.15651 3.10132196e-02
5.17436 3.10241008e-02
5.19228 3.10361304e-02
5.21025 3.10493040e-02
5.22828 3.10636172e-02
5.24638 3.10790612e-02
5.26454 3.10956316e-02
5.28277 3.11133108e-02
5.30105 3.11320988e-02
5.31940 3.11519824e-02
5.33782 3.11729572e-02
5.35629 3.11950100e-02
5.37484 3.12181320e-02
5.39344 3.12423144e-02
5.41211 3.12675484e-02
5.43084 3.12938252e-02
5.44965 3.13211316e-02
5.46851 3.13494588e-02
5.48744 3.13787980e-02
5.50643 3.13265920e-02
5.52550 3.11150884e-02
5.54462 3.09062380e-02
5.56381 3.06999836e-02
5.58308 3.04962768e-02
5.60240 3.02950604e-02
5.62179 3.00962904e-02
5.64125 2.98999140e-02
5.66078 2.97058784e-02
5.68038 2.95141440e-02
5.70004 2.93246580e-02
5.71977 2.91373764e-02
5.73957 2.89522552e-02
5.75944 2.87692504e-02
5.77938 2.85883180e-02
5.79938 2.84094184e-02
5.81946 2.82325120e-02
5.83960 2.80575592e-02
5.85982 2.78845160e-02
5.88010 2.77133516e-02
5.90045 2.75440264e-02
5.92088 2.73765008e-02
5.94137 2.72107440e-02
5.96194 2.70467208e-02
5.98258 2.68843960e-02
6.00329 2.67246364e-02
6.02407 2.65713140e-02
6.04492 2.64196328e-02
6.06585 2.62695576e-02
6.08684 2.61210488e-02
6.10791 2.59740844e-02
6.12906 2.58286292e-02
6.15027 2.56846524e-02
6.17156 2.55421232e-02
6.19293 2.54010152e-02
6.21436 2.52612976e-02
6.23588 2.51229440e-02
6.25746 2.49859280e-02
6.27912 2.48502276e-02
6.30086 2.47158120e-02
6.32267 2.45826592e-02
6.34455 2.44507472e-02
6.36652 2.43200496e-02
6.38856 2.41905488e-02
6.41067 2.40622140e-02
6.43286 2.39350320e-02
6.45513 2.38089808e-02
6.47747 2.36840384e-02
6.49990 2.35601872e-02
6.52240 2.35823236e-02
6.54497 2.36057976e-02
6.56763 2.36299272e-02
6.59037 2.36546948e-02
6.61318 2.36800960e-02
6.63607 2.37061132e-02
6.65904 2.37327332e-02
6.68209 2.37599516e-02
6.70522 2.37877508e-02
6.72843 2.38161220e-02
6.75172 2.38450608e-02
6.77510 2.38745496e-02
6.79855 2.39045840e-02
6.82208 2.39351552e-02
6.84570 2.39662500e-02
6.86939 2.39978640e-02
6.89317 2.40299884e-02
6.91704 2.40626144e-02
6.94098 2.40957332e-02
6.96500 2.41293448e-02
6.98911 2.41634316e-02
7.01331 2.43160632e-02
7.03759 2.45680908e-02
7.06195 2.48234448e-02
7.08639 2.50821648e-02
7.11092 2.53442816e-02
7.13554 2.56098216e-02
7.16024 2.58788200e-02
7.18502 2.61513164e-02
7.20990 2.64273416e-02
7.23485 2.67069308e-02
7.25990 2.69901236e-02
7.28503 2.72769552e-02
7.31025 2.75674652e-02
7.33555 2.78616932e-02
7.36094 2.81596744e-02
7.38642 2.84614572e-02
7.41199 2.87670768e-02
7.43765 2.90765772e-02
7.46340 2.93900068e-02
7.48923 2.97074008e-02
7.51516 3.14822948e-02
7.54117 3.45055172e-02
7.56727 3.78196060e-02
7.59347 4.14524000e-02
7.61975 4.54343560e-02
7.64613 4.97987160e-02
7.67260 5.45819560e-02
7.69916 5.98238520e-02
7.72581 6.55679200e-02
7.75255 7.18615480e-02
7.77939 7.87566120e-02
7.80632 8.63096520e-02
7.83334 9.45822680e-02
7.86046 1.03641516e-01
7.88767 1.13560480e-01
7.91497 1.24418492e-01
7.94237 1.36301836e-01
7.96986 1.49304056e-01
7.99745 1.63526352e-01
8.02513 1.83898396e-01
8.05291 2.07302128e-01
8.08079 2.33597056e-01
8.10876 2.63113840e-01
8.13683 2.96212796e-01
8.16500 3.33283764e-01
8.19326 3.74745536e-01
8.22162 4.01615764e-01
8.25008 4.24008816e-01
8.27864 4.47573280e-01
8.30730 4.72359360e-01
8.33605 4.98418360e-01
8.36491 5.25802200e-01
8.39386 5.54563680e-01
8.42292 5.80410160e-01
8.45208 6.06141800e-01
8.48133 6.32906120e-01
8.51069 6.60733920e-01
8.54016 6.89658640e-01
8.56972 7.19713280e-01
8.59938 7.50933480e-01
8.62915 7.84026320e-01
8.65902 8.18480960e-01
8.68899 8.54343600e-01
8.71907 8.91681560e-01
8.74925 9.30569200e-01
8.77954 9.71091440e-01
8.80993 1.00772936e+00
8.84043 1.03385920e+00
8.87103 1.06070184e+00
8.90174 1.08824232e+00
8.93255 1.11646128e+00
8.96347 1.14533584e+00
8.99450 1.17483828e+00
9.02563 1.18551048e+00
9.05688 1.19200180e+00
9.08823 1.19842448e+00
9.11969 1.20477236e+00
9.15126 1.21103840e+00
9.18294 1.21721600e+00
9.21472 1.22322684e+00
9.24662 1.22908324e+00
9.27863 1.23487584e+00
9.31075 1.24059936e+00
9.34298 1.24625072e+00
9.37532 1.25182552e+00
9.40777 1.25683976e+00
9.44034 1.26022644e+00
9.47302 1.26350048e+00
9.50581 1.26665792e+00
9.53871 1.26969656e+00
9.57173 1.27261288e+00
9.60487 1.27454140e+00
9.63811 1.27132984e+00
9.67148 1.26799728e+00
9.70495 1.26454504e+00
9.73855 1.26097224e+00
9.77226 1.25727976e+00
9.80609 1.25304828e+00
9.84003 1.24681832e+00
9.87409 1.24053600e+00
9.90827 1.23420176e+00
9.94257 1.22781648e+00
9.97699 1.22138104e+00
10.01153 1.21565928e+00
10.04618 1.21140756e+00
10.08096 1.20709908e+00
10.11585 1.20273384e+00
10.15087 1.19831316e+00
10.18601 1.19383704e+00
10.22127 1.18913432e+00
10.25665 1.18425692e+00
10.29215 1.17931704e+00
10.32778 1.17431556e+00
10.36353 1.16925380e+00
10.39941 1.16413176e+00
10.43540 1.15640360e+00
10.47153 1.14859492e+00
10.50777 1.14075060e+00
10.54415 1.13287152e+00
10.58065 1.12495944e+00
10.61727 1.11558040e+00
10.65403 1.10459448e+00
10.69091 1.09362660e+00
10.72791 1.08267852e+00
10.76505 1.07175244e+00
10.80231 1.06053596e+00
10.83971 1.04466252e+00
10.87723 1.02893604e+00
10.91488 1.01335652e+00
10.95266 9.97925280e-01
10.99058 9.82642760e-01
11.02862 9.63819120e-01
11.06680 9.44078520e-01
11.10511 9.24658240e-01
11.14355 9.05555200e-01
11.18212 8.86767200e-01
11.22083 8.66517960e-01
11.25967 8.45166960e-01
11.29865 8.24266080e-01
11.33776 8.03809600e-01
11.37701 7.83791360e-01
11.41639 7.62283280e-01
11.45591 7.38675080e-01
11.49556 7.15727320e-01
11.53536 6.93426360e-01
11.57529 6.71758120e-01
11.61536 6.49894960e-01
11.65556 6.27419320e-01
11.69591 6.05667040e-01
11.73640 5.84619640e-01
11.77702 5.64258640e-01
11.81779 5.42297360e-01
11.85870 5.18335400e-01
11.89975 4.95384120e-01
11.94094 4.73406560e-01
11.98227 4.52365760e-01
12.02375 4.33259816e-01
12.06537 4.15679880e-01
12.10714 3.98795188e-01
12.14905 3.82580220e-01
12.19110 3.67010204e-01
12.23330 3.52061116e-01
12.27565 3.37709548e-01
12.31814 3.23932884e-01
12.36078 3.10709124e-01
12.40357 2.98017104e-01
12.44651 2.85836276e-01
12.48959 2.74146840e-01
12.53283 2.66323860e-01
12.57621 2.59779696e-01
12.61974 2.53396352e-01
12.66343 2.47169736e-01
12.70726 2.41095800e-01
12.75125 2.35170716e-01
12.79539 2.29390788e-01
12.83968 2.23752276e-01
12.88413 2.18251660e-01
12.92873 2.12885464e-01
12.97348 2.07650388e-01
13.01839 2.05302108e-01
13.06345 2.06987484e-01
13.10867 2.08688436e-01
13.15405 2.10405096e-01
13.19959 2.12137420e-01
13.24528 2.13885452e-01
13.29113 2.15649236e-01
13.33713 2.17428860e-01
13.38330 2.19224280e-01
13.42963 2.21035584e-01
13.47612 2.22862860e-01
13.52277 2.24806736e-01
13.56958 2.26875968e-01
13.61655 2.28966232e-01
13.66368 2.31077616e-01
13.71098 2.33210384e-01
13.75844 2.35364712e-01
13.80607 2.37540820e-01
13.85386 2.39738796e-01
13.90182 2.41958948e-01
13.94994 2.44201452e-01
13.99823 2.46466440e-01
14.04668 2.47752912e-01
14.09531 2.49009508e-01
14.14410 2.50274068e-01
14.19306 2.51546636e-01
14.24219 2.52827256e-01
14.29149 2.54115840e-01
14.34096 2.55412520e-01
14.39060 2.56717252e-01
14.44042 2.58030080e-01
14.49041 2.59351048e-01
14.54057 2.60910364e-01
14.59090 2.62534580e-01
14.64141 2.64169312e-01
14.69209 2.65814648e-01
14.74295 2.67470588e-01
14.79398 2.69137176e-01
14.84519 2.70814412e-01
14.89658 2.72502340e-01
14.94814 2.74201004e-01
14.99989 2.75910404e-01
15.05181 2.80632660e-01
15.10392 2.85441068e-01
15.15620 2.90330568e-01
15.20866 2.95302436e-01
15.26131 3.00358168e-01
15.31414 3.05498996e-01
15.36715 3.10726416e-01
15.42034 3.16041880e-01
15.47372 3.21446752e-01
15.52729 3.28246644e-01
15.58103 3.36479704e-01
15.63497 3.44919344e-01
15.68909 3.53570932e-01
15.74340 3.62439968e-01
15.79790 3.71532084e-01
15.85258 3.80853132e-01
15.90746 3.90409228e-01
15.96252 4.00206664e-01
16.01778 4.10136452e-01
16.07323 4.20067780e-01
16.12886 4.30246168e-01
16.18470 4.40678480e-01
16.24072 4.51372240e-01
16.29694 4.62334400e-01
16.35335 4.73572880e-01
16.40996 4.85096480e-01
16.46677 4.96913560e-01
16.52377 5.07645160e-01
16.58097 5.16640520e-01
16.63836 5.25804840e-01
16.69596 5.35141640e-01
16.75375 5.44655320e-01
16.81175 5.54349840e-01
16.86994 5.64230040e-01
16.92834 5.74299440e-01
16.98694 5.84562880e-01
17.04574 5.92939160e-01
17.10474 6.00836280e-01
17.16395 6.08842520e-01
17.22337 6.16959200e-01
17.28299 6.25188520e-01
17.34281 6.33531360e-01
17.40285 6.41989480e-01
17.46309 6.50564640e-01
17.52354 6.57965000e-01
17.58420 6.63392400e-01
17.64507 6.68850600e-01
17.70615 6.74340040e-01
17.76744 6.79858960e-01
17.82894 6.85407800e-01
17.89066 6.90985240e-01
17.95259 6.96591280e-01
18.01473 7.01509160e-01
18.07709 7.04120120e-01
18.13967 7.06716560e-01
18.20246 7.09296720e-01
18.26547 7.11861040e-01
18.32870 7.14408200e-01
18.39214 7.16937320e-01
18.45581 7.19447960e-01
18.51969 7.21518600e-01
18.58380 7.22623880e-01
18.64813 7.23711560e-01
18.71268 7.24782080e-01
18.77746 7.25834560e-01
18.84246 7.26869000e-01
18.90768 7.27884960e-01
18.97313 7.28882000e-01
19.03881 7.30142160e-01
19.10472 7.31588880e-01
19.17085 7.33028120e-01
19.23721 7.34459880e-01
19.30380 7.35883720e-01
19.37062 7.37300080e-01
19.43768 7.38708080e-01
19.50496 7.40351920e-01
19.57248 7.45077520e-01
19.64023 7.49826880e-01
19.70822 7.54599120e-01
19.77644 7.59394240e-01
19.84490 7.64212240e-01
19.91359 7.69051800e-01
19.98252 7.73912480e-01
20.05169 7.80061480e-01
20.12110 7.86579640e-01
20.19076 7.93019480e-01
20.26065 7.99375280e-01
20.33078 8.05639560e-01
20.40116 8.11806160e-01
20.47178 8.17867600e-01
20.54264 8.23817280e-01
20.61375 8.29647280e-01
20.68511 8.35351000e-01
20.75671 8.40920520e-01
20.82856 8.46348800e-01
20.90066 8.51627920e-01
20.97301 8.56749960e-01
21.04561 8.47880000e-01
21.11846 8.30929880e-01
21.19157 8.14158840e-01
21.26492 7.97567320e-01
21.33853 7.81156640e-01
21.41240 7.64926360e-01
21.48652 7.48877800e-01
21.56090 7.33011400e-01
21.63553 7.17328480e-01
21.71043 7.01829920e-01
21.78558 6.86517040e-01
21.86099 6.71390280e-01
21.93666 6.56451840e-01
22.01260 6.41900160e-01
22.08880 6.28571680e-01
22.16526 6.15489160e-01
22.24199 6.02649520e-01
22.31898 5.90049240e-01
22.39624 5.77686120e-01
22.47377 5.65556640e-01
22.55156 5.53657720e-01
22.62962 5.41986280e-01
22.70796 5.30538360e-01
22.78656 5.19311320e-01
22.86544 5.08301640e-01
22.94459 4.97505800e-01
23.02402 4.88161960e-01
23.10372 4.81809240e-01
23.18369 4.75534400e-01
23.26394 4.69336120e-01
23.34447 4.63214400e-01
23.42528 4.57167920e-01
23.50637 4.51196240e-01
23.58774 4.45298480e-01
23.66939 4.39473936e-01
23.75133 4.33721992e-01
23.83354 4.28041812e-01
23.91604 4.22432736e-01
23.99883 4.16893928e-01
24.08191 4.13239816e-01
24.16527 4.09643344e-01
24.24892 4.06078112e-01
24.33286 4.02543812e-01
24.41709 3.99040224e-01
24.50161 3.95567084e-01
24.58642 3.92124172e-01
24.67153 3.88711180e-01
24.75693 3.85327888e-01
24.84263 3.81974076e-01
24.92863 3.78649436e-01
25.01492 3.75509420e-01
25.10151 3.73136280e-01
25.18840 3.70778892e-01
25.27559 3.68437080e-01
25.36309 3.66110756e-01
25.45088 3.63799788e-01
25.53898 3.61504132e-01
25.62739 3.59223568e-01
25.71610 3.56958140e-01
25.80512 3.54707628e-01
25.89444 3.52471944e-01
25.98408 3.50251000e-01
26.07403 3.48373916e-01
26.16428 3.46577792e-01
26.25485 3.44791216e-01
26.34574 3.43014188e-01
26.43694 3.41246576e-01
26.52845 3.39488380e-01
26.62028 3.37739512e-01
26.71243 3.35999972e-01
26.80489 3.34269672e-01
26.89768 3.32548568e-01
26.99079 3.30836616e-01
27.08422 3.29071732e-01
27.17798 3.27309488e-01
27.27205 3.25556660e-01
27.36646 3.23813204e-01
27.46119 3.22079032e-01
27.55625 3.20354144e-01
27.65164 3.18638408e-01
27.74736 3.16931868e-01
27.84341 3.15234480e-01
27.93979 3.13546112e-01
28.03650 3.11876092e-01
28.13355 3.10230008e-01
28.23094 3.08592284e-01
28.32867 3.06962876e-01
28.42673 3.05341740e-01
28.52513 3.03728876e-01
28.62387 3.02124152e-01
28.72295 3.00527612e-01
28.82238 2.98939168e-01
28.92215 2.97358820e-01
29.02227 2.95719688e-01
29.12273 2.93856420e-01
29.22354 2.92004328e-01
29.32470 2.90163280e-01
29.42621 2.88333276e-01
29.52807 2.86514228e-01
29.63029 2.84706092e-01
29.73286 2.82908780e-01
29.83578 2.81122248e-01
29.93906 2.79346452e-01
30.04269 2.77504656e-01
30.14669 2.75565620e-01
30.25104 2.73639476e-01
30.35576 2.71726224e-01
30.46084 2.69825688e-01
30.56628 2.67937824e-01
30.67209 2.66062588e-01
30.77826 2.64199848e-01
30.88481 2.62349560e-01
30.99172 2.60511636e-01
31.09900 2.58685988e-01
31.20665 2.56872572e-01
31.31467 2.55071256e-01
31.42307 2.53282040e-01
31.53184 2.51504748e-01
31.64099 2.49739380e-01
31.75052 2.47985848e-01
31.86043 2.46244064e-01
31.97072 2.44513940e-01
32.08139 2.42635316e-01
32.19244 2.40713308e-01
32.30388 2.38806084e-01
32.41570 2.36913512e-01
32.52791 2.35035460e-01
32.64051 2.33171840e-01
32.75349 2.31322520e-01
32.86687 2.29487412e-01
32.98064 2.27666428e-01
33.09481 2.25859392e-01
33.20937 2.24066304e-01
33.32433 2.22286988e-01
33.43968 2.20521356e-01
33.55544 2.18769320e-01
33.67159 2.17030792e-01
33.78815 2.15305640e-01
33.90511 2.13593776e-01
34.02247 2.11874872e-01
34.14024 2.10084776e-01
34.25842 2.08309640e-01
34.37701 2.06549376e-01
34.49601 2.04803852e-01
34.61542 2.03072936e-01
34.73525 2.01356496e-01
34.85549 1.99654400e-01
34.97614 1.97966604e-01
35.09721 1.96292932e-01
35.21871 1.94633252e-01
35.34062 1.92987476e-01
35.46295 1.91355472e-01
35.58571 1.89737196e-01
35.70889 1.88132428e-01
35.83250 1.86541124e-01
35.95654 1.84963152e-01
36.08101 1.83372244e-01
36.20590 1.81780896e-01
36.33123 1.80203188e-01
36.45700 1.78638944e-01
36.58320 1.77088076e-01
36.70983 1.75550496e-01
36.83691 1.74026116e-01
36.96442 1.72514716e-01
37.09238 1.71016296e-01
37.22077 1.69530680e-01
37.34962 1.68057780e-01
37.47890 1.66597508e-01
37.60864 1.65149732e-01
37.73883 1.63714408e-01
37.86946 1.62291316e-01
38.00055 1.60880324e-01
38.13209 1.59448784e-01
38.26409 1.58029916e-01
38.39654 1.56623676e-01
38.52946 1.55229932e-01
38.66283 1.53848552e-01
38.79667 1.52479448e-01
38.93096 1.51122488e-01
39.06573 1.49777584e-01
39.20096 1.48444604e-01
39.33665 1.47123504e-01
39.47282 1.45814108e-01
39.60946 1.44516328e-01
39.74657 1.43230076e-01
39.88416 1.41955308e-01
40.02222 1.40706456e-01
40.16076 1.39544460e-01
40.29978 1.38392100e-01
40.43928 1.37249332e-01
40.57926 1.36116068e-01
40.71973 1.34992220e-01
40.86069 1.33877700e-01
41.00213 1.32772420e-01
41.14406 1.31676336e-01
41.28648 1.30589316e-01
41.42940 1.29511360e-01
41.57281 1.28442336e-01
41.71672 1.27382200e-01
41.86113 1.26330864e-01
42.00603 1.25288284e-01
42.15144 1.24254328e-01
42.29735 1.23228952e-01
42.44377 1.22212068e-01
42.59069 1.21203676e-01
42.73812 1.20203600e-01
42.88606 1.19211884e-01
43.03451 1.18228352e-01
43.18348 1.17252960e-01
43.33297 1.16285708e-01
43.48297 1.15326464e-01
43.63349 1.14375184e-01
43.78453 1.13431780e-01
43.93609 1.12496208e-01
44.08818 1.11568424e-01
44.24079 1.10648296e-01
44.39394 1.09735824e-01
44.54761 1.08830920e-01
44.70182 1.07933496e-01
44.85655 1.07043508e-01
45.01183 1.06171912e-01
45.16764 1.05439972e-01
45.32399 1.04713224e-01
45.48089 1.03991536e-01
45.63832 1.03274908e-01
45.79630 1.02563296e-01
45.95483 1.01856700e-01
46.11391 1.01155076e-01
46.27353 1.00458380e-01
46.43371 9.97665240e-02
46.59445 9.90795520e-02
46.75574 9.83973760e-02
46.91759 9.77199960e-02
47.08000 9.70473680e-02
47.24297 9.63794480e-02
47.40650 9.57161920e-02
47.57060 9.50575560e-02
47.73527 9.44035840e-02
47.90051 9.37541440e-02
48.06633 9.31092800e-02
48.23271 9.24689040e-02
48.39967 9.18330160e-02
48.56721 9.12015720e-02
48.73533 9.05745720e-02
48.90403 8.99519280e-02
49.07332 8.93336400e-02
49.24319 8.87196640e-02
49.41365 8.81099560e-02
49.58470 8.75045600e-02
49.75634 8.69033440e-02
49.92858 8.63063520e-02
50.10141 8.56350000e-02
50.27484 8.49140600e-02
50.44887 8.41991480e-02
50.62350 8.34903080e-02
50.79874 8.27874520e-02
50.97458 8.20905360e-02
51.15104 8.13995160e-02
51.32810 8.07143480e-02
51.50578 8.00349440e-02
51.68407 7.93613040e-02
51.86298 7.86933400e-02
52.04250 7.80310080e-02
52.22265 7.73742640e-02
52.40343 7.67231080e-02
52.58482 7.60774520e-02
52.76685 7.54372080e-02
52.94951 7.48024200e-02
53.13280 7.41729560e-02
53.31672 7.35488160e-02
53.50128 7.29299560e-02
53.68648 7.23163320e-02
53.87232 7.17078560e-02
54.05880 7.11045280e-02
54.24593 7.05063040e-02
54.43371 6.99131400e-02
54.62214 6.93249920e-02
54.81122 6.87417720e-02
55.00095 6.81640080e-02
55.19134 6.76948360e-02
55.38239 6.72289200e-02
55.57410 6.67662600e-02
55.76647 6.63068560e-02
55.95951 6.58506200e-02
56.15322 6.53975520e-02
56.34760 6.49476960e-02
56.54265 6.45009200e-02
56.73838 6.40573120e-02
56.93479 6.36167840e-02
57.13187 6.31792920e-02
57.32964 6.27448800e-02
57.52809 6.23135040e-02
57.72723 6.18850760e-02
57.92705 6.14596840e-02
58.12757 6.10372400e-02
58.32879 6.06177440e-02
58.53070 6.02011520e-02
58.73331 5.97874640e-02
58.93662 5.93766800e-02
59.14063 5.89687560e-02
59.34535 5.85636480e-02
59.55078 5.81613560e-02
59.75692 5.77618360e-02
59.96377 5.73651320e-02
60.17134 5.69110080e-02
60.37963 5.64478200e-02
60.58864 5.59884600e-02
60.79837 5.55328400e-02
61.00883 5.50809600e-02
61.22002 5.46327760e-02
61.43194 5.41882440e-02
61.64459 5.37473640e-02
61.85797 5.33100920e-02
62.07210 5.28763840e-02
62.28697 5.24462400e-02
62.50258 5.20196160e-02
62.71894 5.15965120e-02
62.93605 5.11768400e-02
63.15390 5.07606000e-02
63.37252 5.03477480e-02
63.59189 4.99383280e-02
63.81201 4.95322080e-02
64.03290 4.91294320e-02
64.25456 4.87299120e-02
64.47698 4.83336920e-02
64.70017 4.79407280e-02
64.92414 4.75509320e-02
65.14888 4.72259480e-02
65.37440 4.69344920e-02
65.60070 4.66448400e-02
65.82778 4.63570360e-02
66.05565 4.60709920e-02
66.28430 4.57867520e-02
66.51375 4.55043160e-02
66.74400 4.52236400e-02
66.97504 4.49446800e-02
67.20688 4.46675240e-02
67.43952 4.43920840e-02
67.67297 4.41183600e-02
67.90722 4.38463300e-02
68.14229 4.35760204e-02
68.37817 4.33074004e-02
68.61486 4.30404612e-02
68.85238 4.27751896e-02
69.09072 4.25115768e-02
69.32988 4.22496096e-02
69.56987 4.19892792e-02
69.81069 4.17305768e-02
70.05235 4.14730448e-02
70.29484 4.12155348e-02
70.53817 4.09596440e-02
70.78235 4.07053592e-02
71.02737 4.04526716e-02
71.27323 4.02015724e-02
71.51995 3.99520484e-02
71.76752 3.97040908e-02
72.01595 3.94576908e-02
72.26524 3.92128352e-02
72.51539 3.89695196e-02
72.76641 3.87277264e-02
73.01830 3.84874556e-02
73.27106 3.82486896e-02
73.52469 3.80114196e-02
73.77920 3.77756368e-02
74.03460 3.75413368e-02
74.29087 3.73085020e-02
74.54804 3.70771280e-02
74.80609 3.68472060e-02
75.06504 3.66119600e-02
75.32488 3.63581680e-02
75.58563 3.61061448e-02
75.84727 3.58558816e-02
76.10982 3.56073608e-02
76.37328 3.53605736e-02
76.63766 3.51155112e-02
76.90295 3.48721560e-02
77.16915 3.46304948e-02
77.43628 3.43905188e-02
77.70433 3.41522192e-02
77.97331 3.39155784e-02
78.24322 3.36805876e-02
78.51407 3.34472336e-02
78.78585 3.32155032e-02
79.05857 3.29853920e-02
79.33224 3.27568824e-02
79.60686 3.25299656e-02
79.88242 3.23046240e-02
80.15894 3.20815000e-02
80.43642 3.18604044e-02
80.71486 3.16408400e-02
80.99426 3.14227980e-02
81.27463 3.12062696e-02
81.55596 3.09912460e-02
81.83828 3.07777140e-02
82.12157 3.05656648e-02
82.40584 3.03550852e-02
82.69109 3.01459664e-02
82.97733 2.99382996e-02
83.26457 2.97320716e-02
83.55279 2.95272736e-02
83.84202 2.93238968e-02
84.13225 2.91219324e-02
84.42348 2.89213628e-02
84.71572 2.87221880e-02
85.00897 2.85243948e-02
85.30323 2.83279700e-02
85.59852 2.81329092e-02
85.89482 2.79391992e-02
86.19215 2.77468312e-02
86.49052 2.75557964e-02
86.78991 2.73660816e-02
87.09034 2.71776868e-02
87.39181 2.69905944e-02
87.69432 2.68047956e-02
87.99789 2.66202904e-02
88.30250 2.64370568e-02
88.60816 2.62550948e-02
88.91489 2.60743912e-02
89.22267 2.58949416e-02
89.53153 2.57167328e-02
89.84145 2.55397560e-02
90.15244 2.53640068e-02
90.46451 2.51894720e-02
90.77766 2.50161472e-02
91.09190 2.48440236e-02
91.40722 2.46730880e-02
91.72363 2.45033360e-02
92.04114 2.43347588e-02
92.35975 2.41673476e-02
92.67946 2.40010936e-02
93.00028 2.38359924e-02
93.32221 2.36720308e-02
93.64525 2.35092044e-02
93.96941 2.33475044e-02
94.29469 2.31869220e-02
94.62110 2.30274484e-02
94.94864 2.28690792e-02
95.27731 2.27118056e-02
95.60712 2.25556188e-02
95.93807 2.24005100e-02
96.27017 2.22464748e-02
96.60342 2.20935044e-02
96.93782 2.19415900e-02
97.27338 2.17907272e-02
97.61010 2.16409072e-02
97.94798 2.14921212e-02
98.28704 2.13443648e-02
98.62727 2.11976248e-02
98.96867 2.10519056e-02
99.31126 2.09071852e-02
99.65504 2.07634724e-02
100.00000 2.06207452e-02
