        2000  3.000000 2.210000
0.10000 1.73702818e+00
0.10035 1.73700077e+00
0.10069 1.73696718e+00
0.10104 1.73693889e+00
0.10139 1.73691060e+00
0.10174 1.73687436e+00
0.10210 1.73683900e+00
0.10245 1.73680806e+00
0.10280 1.73677889e+00
0.10316 1.73674618e+00
0.10352 1.73671612e+00
0.10387 1.73668518e+00
0.10423 1.73665955e+00
0.10459 1.73663303e+00
0.10496 1.73661004e+00
0.10532 1.73658883e+00
0.10568 1.73656054e+00
0.10605 1.73653314e+00
0.10642 1.73649866e+00
0.10679 1.73646684e+00
0.10716 1.73643855e+00
0.10753 1.73641026e+00
0.10790 1.73636694e+00
0.10827 1.73632628e+00
0.10865 1.73629534e+00
0.10902 1.73624849e+00
0.10940 1.73620075e+00
0.10978 1.73615832e+00
0.11016 1.73611942e+00
0.11054 1.73606992e+00
0.11092 1.73602572e+00
0.11131 1.73597091e+00
0.11169 1.73591257e+00
0.11208 1.73585246e+00
0.11247 1.73579146e+00
0.11286 1.73572162e+00
0.11325 1.73564825e+00
0.11364 1.73556516e+00
0.11403 1.73548736e+00
0.11443 1.73539720e+00
0.11482 1.73530526e+00
0.11522 1.73522040e+00
0.11562 1.73512581e+00
0.11602 1.73500735e+00
0.11642 1.73490392e+00
0.11682 1.73479166e+00
0.11723 1.73468292e+00
0.11763 1.73457419e+00
0.11804 1.73445662e+00
0.11845 1.73434524e+00
0.11886 1.73424004e+00
0.11927 1.73412512e+00
0.11968 1.73400666e+00
0.12010 1.73388644e+00
0.12051 1.73377506e+00
0.12093 1.73366632e+00
0.12135 1.73354787e+00
0.12177 1.73344002e+00
0.12219 1.73330300e+00
0.12262 1.73319162e+00
0.12304 1.73308554e+00
0.12347 1.73297238e+00
0.12389 1.73286188e+00
0.12432 1.73274166e+00
0.12475 1.73262497e+00
0.12518 1.73250917e+00
0.12562 1.73238894e+00
0.12605 1.73229966e+00
0.12649 1.73218032e+00
0.12693 1.73206717e+00
0.12737 1.73195402e+00
0.12781 1.73183733e+00
0.12825 1.73172506e+00
0.12869 1.73160307e+00
0.12914 1.73148638e+00
0.12959 1.73136881e+00
0.13003 1.73125124e+00
0.13048 1.73110538e+00
0.13094 1.73096659e+00
0.13139 1.73083576e+00
0.13184 1.73068813e+00
0.13230 1.73055376e+00
0.13276 1.73040260e+00
0.13322 1.73024701e+00
0.13368 1.73008966e+00
0.13414 1.72995176e+00
0.13461 1.72978733e+00
0.13507 1.72961937e+00
0.13554 1.72946556e+00
0.13601 1.72929760e+00
0.13648 1.72911903e+00
0.13695 1.72895195e+00
0.13743 1.72880167e+00
0.13790 1.72862045e+00
0.13838 1.72842420e+00
0.13886 1.72824829e+00
0.13934 1.72809978e+00
0.13982 1.72789999e+00
0.14031 1.72773910e+00
0.14079 1.72755788e+00
0.14128 1.72738374e+00
0.14177 1.72720782e+00
0.14226 1.72702572e+00
0.14275 1.72685422e+00
0.14324 1.72671366e+00
0.14374 1.72651830e+00
0.14424 1.72635564e+00
0.14474 1.72620978e+00
0.14524 1.72602414e+00
0.14574 1.72585265e+00
0.14625 1.72571386e+00
0.14675 1.72554413e+00
0.14726 1.72537087e+00
0.14777 1.72520556e+00
0.14828 1.72503230e+00
0.14879 1.72486257e+00
0.14931 1.72471406e+00
0.14983 1.72452400e+00
0.15034 1.72434101e+00
0.15087 1.72417128e+00
0.15139 1.72401304e+00
0.15191 1.72380265e+00
0.15244 1.72361436e+00
0.15297 1.72343668e+00
0.15349 1.72323512e+00
0.15403 1.72303092e+00
0.15456 1.72284086e+00
0.15509 1.72260483e+00
0.15563 1.72240858e+00
0.15617 1.72216814e+00
0.15671 1.72195421e+00
0.15725 1.72170846e+00
0.15780 1.72149011e+00
0.15834 1.72122933e+00
0.15889 1.72098711e+00
0.15944 1.72072987e+00
0.15999 1.72049030e+00
0.16055 1.72021450e+00
0.16110 1.71997847e+00
0.16166 1.71967614e+00
0.16222 1.71944984e+00
0.16278 1.71915104e+00
0.16335 1.71889645e+00
0.16391 1.71862064e+00
0.16448 1.71833511e+00
0.16505 1.71807610e+00
0.16562 1.71778350e+00
0.16619 1.71752448e+00
0.16677 1.71722392e+00
0.16734 1.71695254e+00
0.16792 1.71669529e+00
0.16851 1.71638059e+00
0.16909 1.71612865e+00
0.16967 1.71582632e+00
0.17026 1.71557968e+00
0.17085 1.71526056e+00
0.17144 1.71500155e+00
0.17204 1.71471955e+00
0.17263 1.71441015e+00
0.17323 1.71415998e+00
0.17383 1.71382494e+00
0.17443 1.71356328e+00
0.17503 1.71325388e+00
0.17564 1.71294360e+00
0.17625 1.71264746e+00
0.17686 1.71233540e+00
0.17747 1.71200037e+00
0.17808 1.71170865e+00
0.17870 1.71134974e+00
0.17932 1.71103858e+00
0.17994 1.71068056e+00
0.18056 1.71035348e+00
0.18119 1.70997689e+00
0.18182 1.70963036e+00
0.18244 1.70926881e+00
0.18308 1.70887012e+00
0.18371 1.70851829e+00
0.18435 1.70810900e+00
0.18498 1.70772888e+00
0.18562 1.70731340e+00
0.18627 1.70694124e+00
0.18691 1.70648598e+00
0.18756 1.70610674e+00
0.18821 1.70568772e+00
0.18886 1.70524484e+00
0.18951 1.70483908e+00
0.19017 1.70441123e+00
0.19083 1.70397984e+00
0.19149 1.70354579e+00
0.19215 1.70313738e+00
0.19282 1.70266002e+00
0.19348 1.70229582e+00
0.19415 1.70178928e+00
0.19483 1.70141889e+00
0.19550 1.70094506e+00
0.19618 1.70054019e+00
0.19686 1.70008935e+00
0.19754 1.69967829e+00
0.19822 1.69923629e+00
0.19891 1.69880578e+00
0.19960 1.69838854e+00
0.20029 1.69794919e+00
0.20098 1.69752664e+00
0.20168 1.69708287e+00
0.20237 1.69667623e+00
0.20307 1.69622274e+00
0.20378 1.69578427e+00
0.20448 1.69536614e+00
0.20519 1.69491795e+00
0.20590 1.69445297e+00
0.20661 1.69405428e+00
0.20733 1.69354156e+00
0.20805 1.69314200e+00
0.20877 1.69264607e+00
0.20949 1.69222175e+00
0.21021 1.69170108e+00
0.21094 1.69126526e+00
0.21167 1.69080735e+00
0.21240 1.69027784e+00
0.21314 1.68983495e+00
0.21388 1.68931693e+00
0.21462 1.68885902e+00
0.21536 1.68834895e+00
0.21611 1.68782827e+00
0.21685 1.68737920e+00
0.21760 1.68683466e+00
0.21836 1.68635818e+00
0.21911 1.68583485e+00
0.21987 1.68537606e+00
0.22063 1.68480234e+00
0.22140 1.68438067e+00
0.22216 1.68382198e+00
0.22293 1.68334816e+00
0.22370 1.68286373e+00
0.22448 1.68234040e+00
0.22526 1.68186569e+00
0.22604 1.68138480e+00
0.22682 1.68087208e+00
0.22760 1.68040709e+00
0.22839 1.67990498e+00
0.22918 1.67946386e+00
0.22998 1.67892728e+00
0.23077 1.67847909e+00
0.23157 1.67799908e+00
0.23237 1.67752790e+00
0.23318 1.67704701e+00
0.23398 1.67654490e+00
0.23479 1.67608256e+00
0.23561 1.67562819e+00
0.23642 1.67511282e+00
0.23724 1.67464341e+00
0.23806 1.67412716e+00
0.23889 1.67365952e+00
0.23971 1.67320161e+00
0.24054 1.67263320e+00
0.24137 1.67216556e+00
0.24221 1.67168643e+00
0.24305 1.67111448e+00
0.24389 1.67066453e+00
0.24473 1.67012440e+00
0.24558 1.66959400e+00
0.24643 1.66907775e+00
0.24728 1.66859155e+00
0.24814 1.66799750e+00
0.24900 1.66749981e+00
0.24986 1.66700477e+00
0.25073 1.66641337e+00
0.25159 1.66591303e+00
0.25246 1.66537998e+00
0.25334 1.66483101e+00
0.25422 1.66433155e+00
0.25510 1.66372513e+00
0.25598 1.66328666e+00
0.25687 1.66271118e+00
0.25775 1.66216398e+00
0.25865 1.66161856e+00
0.25954 1.66116860e+00
0.26044 1.66059223e+00
0.26134 1.66001763e+00
0.26225 1.65953055e+00
0.26315 1.65903374e+00
0.26406 1.65841494e+00
0.26498 1.65797382e+00
0.26590 1.65739038e+00
0.26682 1.65682639e+00
0.26774 1.65631721e+00
0.26867 1.65578504e+00
0.26960 1.65520867e+00
0.27053 1.65469860e+00
0.27147 1.65408157e+00
0.27241 1.65353438e+00
0.27335 1.65301193e+00
0.27430 1.65243468e+00
0.27525 1.65178582e+00
0.27620 1.65126692e+00
0.27715 1.65070558e+00
0.27811 1.65006026e+00
0.27908 1.64949450e+00
0.28004 1.64887835e+00
0.28101 1.64829137e+00
0.28198 1.64767788e+00
0.28296 1.64708913e+00
0.28394 1.64645972e+00
0.28492 1.64584181e+00
0.28591 1.64521859e+00
0.28690 1.64462719e+00
0.28789 1.64403668e+00
0.28889 1.64331799e+00
0.28989 1.64274339e+00
0.29089 1.64216879e+00
0.29190 1.64149872e+00
0.29291 1.64085428e+00
0.29392 1.64025493e+00
0.29494 1.63963613e+00
0.29596 1.63895280e+00
0.29699 1.63834107e+00
0.29801 1.63773906e+00
0.29905 1.63707695e+00
0.30008 1.63641837e+00
0.30112 1.63578100e+00
0.30216 1.63511005e+00
0.30321 1.63447003e+00
0.30426 1.63383709e+00
0.30531 1.63313342e+00
0.30637 1.63246424e+00
0.30743 1.63180566e+00
0.30849 1.63112144e+00
0.30956 1.63042662e+00
0.31063 1.62974063e+00
0.31171 1.62903697e+00
0.31279 1.62831120e+00
0.31387 1.62765528e+00
0.31496 1.62695250e+00
0.31605 1.62616043e+00
0.31714 1.62546207e+00
0.31824 1.62481145e+00
0.31934 1.62403441e+00
0.32044 1.62323616e+00
0.32155 1.62256520e+00
0.32267 1.62186773e+00
0.32378 1.62108804e+00
0.32490 1.62034460e+00
0.32603 1.61957552e+00
0.32716 1.61881351e+00
0.32829 1.61812929e+00
0.32943 1.61736728e+00
0.33057 1.61653809e+00
0.33171 1.61581233e+00
0.33286 1.61510866e+00
0.33401 1.61429980e+00
0.33517 1.61347503e+00
0.33633 1.61272010e+00
0.33749 1.61199610e+00
0.33866 1.61119873e+00
0.33983 1.61035186e+00
0.34101 1.60959781e+00
0.34219 1.60884199e+00
0.34337 1.60795887e+00
0.34456 1.60713940e+00
0.34576 1.60638977e+00
0.34695 1.60554202e+00
0.34815 1.60469780e+00
0.34936 1.60389601e+00
0.35057 1.60304648e+00
0.35178 1.60219077e+00
0.35300 1.60133860e+00
0.35422 1.60050056e+00
0.35545 1.59967844e+00
0.35668 1.59876527e+00
0.35791 1.59784326e+00
0.35915 1.59706269e+00
0.36039 1.59626620e+00
0.36164 1.59531679e+00
0.36289 1.59434085e+00
0.36415 1.59347365e+00
0.36541 1.59268866e+00
0.36668 1.59182764e+00
0.36795 1.59083756e+00
0.36922 1.58989698e+00
0.37050 1.58906337e+00
0.37178 1.58819882e+00
0.37307 1.58726885e+00
0.37436 1.58632828e+00
0.37565 1.58536825e+00
0.37695 1.58443652e+00
0.37826 1.58355870e+00
0.37957 1.58264995e+00
0.38088 1.58169788e+00
0.38220 1.58076438e+00
0.38352 1.57979552e+00
0.38485 1.57877803e+00
0.38618 1.57782596e+00
0.38752 1.57693224e+00
0.38886 1.57597398e+00
0.39021 1.57495562e+00
0.39156 1.57396200e+00
0.39291 1.57299579e+00
0.39427 1.57203223e+00
0.39564 1.57104392e+00
0.39701 1.57000875e+00
0.39838 1.56896652e+00
0.39976 1.56798881e+00
0.40115 1.56703498e+00
0.40253 1.56602987e+00
0.40393 1.56500089e+00
0.40533 1.56397987e+00
0.40673 1.56292261e+00
0.40814 1.56186181e+00
0.40955 1.56088852e+00
0.41097 1.55992673e+00
0.41239 1.55883676e+00
0.41382 1.55770259e+00
0.41525 1.55669748e+00
0.41669 1.55576751e+00
0.41813 1.55474472e+00
0.41958 1.55362116e+00
0.42103 1.55250555e+00
0.42249 1.55141823e+00
0.42395 1.55035301e+00
0.42542 1.54934348e+00
0.42689 1.54835252e+00
0.42837 1.54728465e+00
0.42985 1.54613633e+00
0.43134 1.54500216e+00
0.43283 1.54392810e+00
0.43433 1.54286642e+00
0.43583 1.54177998e+00
0.43734 1.54067852e+00
0.43886 1.53958236e+00
0.44037 1.53849946e+00
0.44190 1.53743335e+00
0.44343 1.53633366e+00
0.44496 1.53517915e+00
0.44650 1.53401581e+00
0.44805 1.53292318e+00
0.44960 1.53187211e+00
0.45116 1.53077418e+00
0.45272 1.52961437e+00
0.45429 1.52847755e+00
0.45586 1.52740437e+00
0.45744 1.52633650e+00
0.45902 1.52521559e+00
0.46061 1.52405578e+00
0.46220 1.52289862e+00
0.46380 1.52174324e+00
0.46541 1.52059846e+00
0.46702 1.51950053e+00
0.46864 1.51845387e+00
0.47026 1.51739042e+00
0.47189 1.51624122e+00
0.47352 1.51503810e+00
0.47516 1.51385000e+00
0.47680 1.51271052e+00
0.47845 1.51159934e+00
0.48011 1.51050052e+00
0.48177 1.50941144e+00
0.48344 1.50830467e+00
0.48511 1.50715370e+00
0.48679 1.50596118e+00
0.48848 1.50479165e+00
0.49017 1.50368930e+00
0.49186 1.50260287e+00
0.49357 1.50146428e+00
0.49528 1.50027264e+00
0.49699 1.49911902e+00
0.49871 1.49806176e+00
0.50044 1.49702660e+00
0.50217 1.49590126e+00
0.50391 1.49468400e+00
0.50565 1.49347999e+00
0.50740 1.49237764e+00
0.50916 1.49133982e+00
0.51092 1.49024720e+00
0.51269 1.48905557e+00
0.51446 1.48784979e+00
0.51625 1.48675098e+00
0.51803 1.48576886e+00
0.51983 1.48477082e+00
0.52163 1.48362958e+00
0.52343 1.48237606e+00
0.52524 1.48116056e+00
0.52706 1.48008297e+00
0.52889 1.47909377e+00
0.53072 1.47806391e+00
0.53255 1.47693770e+00
0.53440 1.47577700e+00
0.53625 1.47467024e+00
0.53810 1.47363330e+00
0.53997 1.47258665e+00
0.54183 1.47145601e+00
0.54371 1.47026703e+00
0.54559 1.46913463e+00
0.54748 1.46813306e+00
0.54938 1.46720486e+00
0.55128 1.46621743e+00
0.55319 1.46510359e+00
0.55510 1.46391903e+00
0.55702 1.46277425e+00
0.55895 1.46172848e+00
0.56089 1.46074458e+00
0.56283 1.45973859e+00
0.56478 1.45866895e+00
0.56673 1.45756749e+00
0.56869 1.45650050e+00
0.57066 1.45549804e+00
0.57264 1.45453183e+00
0.57462 1.45354529e+00
0.57661 1.45250482e+00
0.57860 1.45142722e+00
0.58061 1.45035582e+00
0.58262 1.44932154e+00
0.58463 1.44832615e+00
0.58666 1.44734580e+00
0.58869 1.44636279e+00
0.59073 1.44537624e+00
0.59277 1.44438440e+00
0.59482 1.44338282e+00
0.59688 1.44236888e+00
0.59895 1.44134962e+00
0.60102 1.44033656e+00
0.60310 1.43934206e+00
0.60519 1.43837496e+00
0.60728 1.43743262e+00
0.60939 1.43650177e+00
0.61150 1.43557180e+00
0.61361 1.43463122e+00
0.61574 1.43367562e+00
0.61787 1.43270322e+00
0.62001 1.43172021e+00
0.62215 1.43072483e+00
0.62431 1.42972149e+00
0.62647 1.42873052e+00
0.62864 1.42777934e+00
0.63081 1.42688827e+00
0.63300 1.42604493e+00
0.63519 1.42520955e+00
0.63739 1.42432909e+00
0.63959 1.42337967e+00
0.64181 1.42238075e+00
0.64403 1.42138272e+00
0.64626 1.42043418e+00
0.64849 1.41955018e+00
0.65074 1.41870154e+00
0.65299 1.41784495e+00
0.65525 1.41694680e+00
0.65752 1.41600976e+00
0.65980 1.41505946e+00
0.66208 1.41412242e+00
0.66437 1.41322782e+00
0.66667 1.41238536e+00
0.66898 1.41157208e+00
0.67130 1.41073405e+00
0.67362 1.40982972e+00
0.67595 1.40887588e+00
0.67829 1.40794061e+00
0.68064 1.40707783e+00
0.68299 1.40627427e+00
0.68536 1.40546895e+00
0.68773 1.40461324e+00
0.69011 1.40371421e+00
0.69250 1.40280280e+00
0.69490 1.40188786e+00
0.69730 1.40096320e+00
0.69972 1.40004207e+00
0.70214 1.39916868e+00
0.70457 1.39837750e+00
0.70701 1.39764290e+00
0.70946 1.39689326e+00
0.71191 1.39606230e+00
0.71438 1.39514648e+00
0.71685 1.39419883e+00
0.71933 1.39328036e+00
0.72182 1.39241315e+00
0.72432 1.39157335e+00
0.72683 1.39072029e+00
0.72934 1.38984248e+00
0.73187 1.38897262e+00
0.73440 1.38815316e+00
0.73694 1.38737966e+00
0.73949 1.38659466e+00
0.74205 1.38572658e+00
0.74462 1.38476920e+00
0.74720 1.38380476e+00
0.74979 1.38292960e+00
0.75238 1.38216759e+00
0.75499 1.38143918e+00
0.75760 1.38062855e+00
0.76022 1.37969770e+00
0.76285 1.37871646e+00
0.76549 1.37779002e+00
0.76814 1.37696348e+00
0.77080 1.37618645e+00
0.77347 1.37536875e+00
0.77615 1.37447149e+00
0.77884 1.37353533e+00
0.78153 1.37262570e+00
0.78424 1.37176910e+00
0.78695 1.37093372e+00
0.78968 1.37006828e+00
0.79241 1.36915776e+00
0.79515 1.36824106e+00
0.79790 1.36736501e+00
0.80067 1.36653759e+00
0.80344 1.36571812e+00
0.80622 1.36484826e+00
0.80901 1.36390504e+00
0.81181 1.36291496e+00
0.81462 1.36193637e+00
0.81744 1.36100463e+00
0.82027 1.36011710e+00
0.82311 1.35923752e+00
0.82596 1.35833584e+00
0.82882 1.35741559e+00
0.83169 1.35649977e+00
0.83457 1.35560074e+00
0.83745 1.35470702e+00
0.84035 1.35379119e+00
0.84326 1.35282940e+00
0.84618 1.35183313e+00
0.84911 1.35084040e+00
0.85205 1.34988568e+00
0.85500 1.34896544e+00
0.85796 1.34804784e+00
0.86093 1.34709047e+00
0.86391 1.34607122e+00
0.86690 1.34500512e+00
0.86990 1.34394078e+00
0.87291 1.34292064e+00
0.87593 1.34196327e+00
0.87897 1.34105275e+00
0.88201 1.34015903e+00
0.88506 1.33924144e+00
0.88813 1.33826727e+00
0.89120 1.33722768e+00
0.89428 1.33613506e+00
0.89738 1.33501061e+00
0.90049 1.33388174e+00
0.90360 1.33277586e+00
0.90673 1.33171418e+00
0.90987 1.33069758e+00
0.91302 1.32971192e+00
0.91618 1.32873510e+00
0.91935 1.32774148e+00
0.92253 1.32670101e+00
0.92573 1.32559955e+00
0.92893 1.32443620e+00
0.93215 1.32322778e+00
0.93537 1.32200609e+00
0.93861 1.32080738e+00
0.94186 1.31966260e+00
0.94512 1.31858412e+00
0.94839 1.31755780e+00
0.95168 1.31655269e+00
0.95497 1.31552990e+00
0.95828 1.31445408e+00
0.96159 1.31330841e+00
0.96492 1.31209203e+00
0.96826 1.31081730e+00
0.97161 1.30951252e+00
0.97498 1.30821127e+00
0.97835 1.30694626e+00
0.98174 1.30573872e+00
0.98514 1.30459217e+00
0.98855 1.30349336e+00
0.99197 1.30240339e+00
0.99540 1.30127629e+00
0.99885 1.30007140e+00
1.00231 1.29877634e+00
1.00578 1.29740702e+00
1.00926 1.29600323e+00
1.01275 1.29461888e+00
1.01626 1.29330526e+00
1.01978 1.29208446e+00
1.02330 1.29094056e+00
1.02685 1.28982937e+00
1.03040 1.28869078e+00
1.03397 1.28746644e+00
1.03755 1.28612011e+00
1.04114 1.28465002e+00
1.04474 1.28309683e+00
1.04836 1.28152861e+00
1.05199 1.28001167e+00
1.05563 1.27859285e+00
1.05928 1.27728364e+00
1.06295 1.27606284e+00
1.06663 1.27488358e+00
1.07032 1.27369018e+00
1.07403 1.27243579e+00
1.07775 1.27110272e+00
1.08148 1.26969627e+00
1.08522 1.26823590e+00
1.08898 1.26674106e+00
1.09275 1.26522058e+00
1.09653 1.26367888e+00
1.10032 1.26211862e+00
1.10413 1.26055041e+00
1.10796 1.25900252e+00
1.11179 1.25750680e+00
1.11564 1.25608709e+00
1.11950 1.25474253e+00
1.12338 1.25343951e+00
1.12726 1.25212058e+00
1.13117 1.25072033e+00
1.13508 1.24919366e+00
1.13901 1.24753262e+00
1.14295 1.24577788e+00
1.14691 1.24400546e+00
1.15088 1.24229846e+00
1.15487 1.24071433e+00
1.15886 1.23926988e+00
1.16287 1.23792973e+00
1.16690 1.23662583e+00
1.17094 1.23527331e+00
1.17499 1.23380322e+00
1.17906 1.23218108e+00
1.18314 1.23041750e+00
1.18724 1.22856552e+00
1.19135 1.22670205e+00
1.19547 1.22489869e+00
1.19961 1.22320318e+00
1.20376 1.22162789e+00
1.20793 1.22014896e+00
1.21211 1.21871864e+00
1.21630 1.21727772e+00
1.22052 1.21577492e+00
1.22474 1.21417312e+00
1.22898 1.21245727e+00
1.23323 1.21063800e+00
1.23750 1.20874801e+00
1.24179 1.20683061e+00
1.24609 1.20493090e+00
1.25040 1.20308334e+00
1.25473 1.20130915e+00
1.25907 1.19961452e+00
1.26343 1.19798973e+00
1.26780 1.19641709e+00
1.27219 1.19486921e+00
1.27659 1.19331160e+00
1.28101 1.19170979e+00
1.28545 1.19003992e+00
1.28990 1.18828694e+00
1.29436 1.18645353e+00
1.29884 1.18455558e+00
1.30334 1.18261520e+00
1.30785 1.18066333e+00
1.31238 1.17872648e+00
1.31692 1.17682765e+00
1.32148 1.17498186e+00
1.32605 1.17318999e+00
1.33064 1.17143967e+00
1.33525 1.16970968e+00
1.33987 1.16797439e+00
1.34451 1.16620993e+00
1.34916 1.16439950e+00
1.35383 1.16253691e+00
1.35852 1.16063012e+00
1.36322 1.15869681e+00
1.36794 1.15675732e+00
1.37268 1.15483108e+00
1.37743 1.15292960e+00
1.38220 1.15105552e+00
1.38698 1.14920354e+00
1.39178 1.14736305e+00
1.39660 1.14551726e+00
1.40144 1.14365202e+00
1.40629 1.14175318e+00
1.41115 1.13981722e+00
1.41604 1.13784767e+00
1.42094 1.13585602e+00
1.42586 1.13385906e+00
1.43080 1.13187183e+00
1.43575 1.12990582e+00
1.44072 1.12796897e+00
1.44571 1.12606042e+00
1.45071 1.12417396e+00
1.45573 1.12229811e+00
1.46077 1.12041873e+00
1.46583 1.11851990e+00
1.47090 1.11659012e+00
1.47599 1.11461969e+00
1.48110 1.11260770e+00
1.48623 1.11055771e+00
1.49137 1.10847589e+00
1.49654 1.10637374e+00
1.50172 1.10426274e+00
1.50692 1.10215529e+00
1.51213 1.10006374e+00
1.51737 1.09799607e+00
1.52262 1.09596022e+00
1.52789 1.09395796e+00
1.53318 1.09198840e+00
1.53849 1.09004626e+00
1.54381 1.08812356e+00
1.54916 1.08621058e+00
1.55452 1.08429495e+00
1.55990 1.08236076e+00
1.56530 1.08039563e+00
1.57072 1.07838806e+00
1.57615 1.07633100e+00
1.58161 1.07422442e+00
1.58709 1.07207807e+00
1.59258 1.06990166e+00
1.59809 1.06771465e+00
1.60362 1.06553028e+00
1.60918 1.06336625e+00
1.61475 1.06123139e+00
1.62034 1.05913189e+00
1.62594 1.05706775e+00
1.63157 1.05503367e+00
1.63722 1.05301903e+00
1.64289 1.05101147e+00
1.64857 1.04899595e+00
1.65428 1.04696098e+00
1.66001 1.04489772e+00
1.66575 1.04280176e+00
1.67152 1.04067397e+00
1.67731 1.03852143e+00
1.68311 1.03635210e+00
1.68894 1.03417834e+00
1.69478 1.03200989e+00
1.70065 1.02985735e+00
1.70654 1.02772602e+00
1.71245 1.02562034e+00
1.71837 1.02353586e+00
1.72432 1.02146907e+00
1.73029 1.01941112e+00
1.73628 1.01735052e+00
1.74229 1.01527754e+00
1.74832 1.01318511e+00
1.75437 1.01106616e+00
1.76045 1.00891981e+00
1.76654 1.00674782e+00
1.77266 1.00455462e+00
1.77879 1.00234638e+00
1.78495 1.00013020e+00
1.79113 9.97914008e-01
1.79733 9.95704008e-01
1.80355 9.93505500e-01
1.80979 9.91324672e-01
1.81606 9.89163292e-01
1.82234 9.87022244e-01
1.82865 9.84900644e-01
1.83498 9.82796724e-01
1.84133 9.80706064e-01
1.84771 9.78623360e-01
1.85410 9.76545076e-01
1.86052 9.74465024e-01
1.86696 9.72378784e-01
1.87342 9.70281052e-01
1.87991 9.68168292e-01
1.88642 9.66036968e-01
1.89295 9.63883544e-01
1.89950 9.61705368e-01
1.90607 9.59502440e-01
1.91267 9.57273876e-01
1.91929 9.55022328e-01
1.92594 9.52753100e-01
1.93260 9.50470612e-01
1.93929 9.48184588e-01
1.94601 9.45902984e-01
1.95274 9.43635524e-01
1.95950 9.41390164e-01
1.96629 9.39175744e-01
1.97309 9.36996684e-01
1.97992 9.34855636e-01
1.98678 9.32752600e-01
1.99365 9.30683156e-01
2.00055 9.28640232e-01
2.00748 9.26615872e-01
2.01443 9.24597700e-01
2.02140 9.22573340e-01
2.02840 9.20533068e-01
2.03542 9.18464508e-01
2.04247 9.16360588e-01
2.04954 9.14216888e-01
2.05663 9.12031640e-01
2.06375 9.09806612e-01
2.07090 9.07547108e-01
2.07806 9.05261968e-01
2.08526 9.02960916e-01
2.09247 9.00654560e-01
2.09972 8.98355276e-01
2.10699 8.96072788e-01
2.11428 8.93815052e-01
2.12160 8.91590024e-01
2.12894 8.89399472e-01
2.13631 8.87243396e-01
2.14371 8.85120912e-01
2.15113 8.83026097e-01
2.15857 8.80951968e-01
2.16605 8.78890834e-01
2.17354 8.76833854e-01
2.18107 8.74772808e-01
2.18862 8.72700182e-01
2.19619 8.70609698e-01
2.20380 8.68497115e-01
2.21143 8.66360222e-01
2.21908 8.64198842e-01
2.22676 9.02766436e-01
2.23447 9.09220520e-01
2.24220 9.10489060e-01
2.24997 9.12366676e-01
2.25775 9.12530216e-01
2.26557 9.11834508e-01
2.27341 9.09928604e-01
2.28128 9.07639044e-01
2.28918 9.06390836e-01
2.29710 9.06676368e-01
2.30505 9.04431892e-01
2.31303 9.04857096e-01
2.32104 8.99606136e-01
2.32908 9.00422952e-01
2.33714 8.99792660e-01
2.34523 8.97081432e-01
2.35335 8.94263240e-01
2.36149 8.95132212e-01
2.36967 8.94829884e-01
2.37787 8.92008156e-01
2.38610 8.93293492e-01
2.39436 8.94659272e-01
2.40265 8.92121308e-01
2.41097 8.89433948e-01
2.41931 8.86324036e-01
2.42769 8.83120420e-01
2.43609 8.84836264e-01
2.44452 8.83979845e-01
2.45298 8.79959943e-01
2.46148 8.80695254e-01
2.47000 8.79754855e-01
2.47855 8.77905174e-01
2.48713 8.75390282e-01
2.49574 8.75822646e-01
2.50438 8.71714875e-01
2.51304 8.70169466e-01
2.52174 8.71292323e-01
2.53047 8.70651246e-01
2.53923 8.67844988e-01
2.54802 8.65226580e-01
2.55684 8.65848209e-01
2.56569 8.63017022e-01
2.57457 8.62715313e-01
2.58349 8.62349160e-01
2.59243 8.59151379e-01
2.60140 8.56659029e-01
2.61041 8.57145494e-01
2.61944 8.55037685e-01
2.62851 8.54979518e-01
2.63761 8.52848282e-01
2.64674 8.50401812e-01
2.65590 8.50423735e-01
2.66510 8.47340520e-01
2.67432 8.46963140e-01
2.68358 8.47020600e-01
2.69287 8.43340950e-01
2.70219 8.40500570e-01
2.71154 8.39416786e-01
2.72093 8.37682820e-01
2.73035 8.35763037e-01
2.73980 8.33075677e-01
2.74928 8.31259057e-01
2.75880 8.30306282e-01
2.76835 8.28480026e-01
2.77793 8.25819717e-01
2.78755 8.24069662e-01
2.79720 8.23837966e-01
2.80688 8.21608960e-01
2.81660 8.18581790e-01
2.82635 8.18643582e-01
2.83613 8.17404302e-01
2.84595 8.15465778e-01
2.85580 8.11938088e-01
2.86569 8.10102639e-01
2.87561 8.08593120e-01
2.88556 8.06790114e-01
2.89555 8.05269546e-01
2.90557 8.04891105e-01
2.91563 8.04111594e-01
2.92572 8.04152258e-01
2.93585 8.01102546e-01
2.94601 7.99292026e-01
2.95621 7.97951086e-01
2.96644 7.97001494e-01
2.97671 7.94227325e-01
2.98702 7.92971868e-01
2.99736 7.91123070e-01
3.00773 7.89980942e-01
3.01814 7.88031634e-01
3.02859 7.86568879e-01
3.03907 7.85663044e-01
3.04960 7.85566246e-01
3.06015 7.84264380e-01
3.07074 7.82333989e-01
3.08137 7.82752651e-01
3.09204 7.80602675e-01
3.10274 7.80014284e-01
3.11348 7.80654566e-01
3.12426 7.79191988e-01
3.13508 7.78784110e-01
3.14593 7.78107231e-01
3.15682 7.76076418e-01
3.16775 7.74880720e-01
3.17871 7.75076702e-01
3.18972 7.73698900e-01
3.20076 7.74593862e-01
3.21184 7.72405343e-01
3.22295 7.71078812e-01
3.23411 7.71107454e-01
3.24531 7.69408671e-01
3.25654 7.68406834e-01
3.26781 7.67316420e-01
3.27912 7.67909319e-01
3.29047 7.65444904e-01
3.30187 7.64858016e-01
3.31330 7.64062770e-01
3.32476 7.62682669e-01
3.33627 7.61670754e-01
3.34782 7.60979908e-01
3.35941 7.60500603e-01
3.37104 7.60088394e-01
3.38271 7.59648162e-01
3.39442 7.58593285e-01
3.40617 7.60370567e-01
3.41796 7.63291656e-01
3.42979 7.61654135e-01
3.44166 7.54911336e-01
3.45358 7.52126383e-01
3.46553 7.51571496e-01
3.47753 7.49471200e-01
3.48957 7.48829682e-01
3.50164 7.50061801e-01
3.51377 7.49111678e-01
3.52593 7.44472534e-01
3.53814 7.43610280e-01
3.55038 7.42236102e-01
3.56267 7.41237536e-01
3.57500 7.39366373e-01
3.58738 7.38537535e-01
3.59980 7.37806732e-01
3.61226 7.36442278e-01
3.62476 7.35778040e-01
3.63731 7.33858081e-01
3.64990 7.33123300e-01
3.66254 7.31576388e-01
3.67521 7.30785650e-01
3.68794 7.29527807e-01
3.70070 7.29088989e-01
3.71351 7.27558874e-01
3.72637 7.25938236e-01
3.73927 7.25864334e-01
3.75221 7.25325978e-01
3.76520 7.23748834e-01
3.77823 7.24173242e-01
3.79131 7.21758596e-01
3.80443 7.20642192e-01
3.81760 7.19783828e-01
3.83082 7.18153909e-01
3.84408 7.17338773e-01
3.85739 7.15993502e-01
3.87074 7.14862866e-01
3.88414 7.14541532e-01
3.89758 7.12437612e-01
3.91107 7.12016120e-01
3.92461 7.10686850e-01
3.93820 7.10093067e-01
3.95183 7.09324075e-01
3.96551 7.07985434e-01
3.97924 7.06930822e-01
3.99301 7.06602062e-01
4.00683 7.06570946e-01
4.02070 7.06633356e-01
4.03462 7.04441655e-01
4.04859 7.03409585e-01
4.06260 7.02697434e-01
4.07667 7.01942145e-01
4.09078 7.00699683e-01
4.10494 6.99804368e-01
4.11915 6.99047840e-01
4.13341 6.98895704e-01
4.14771 6.98299269e-01
4.16207 6.97164213e-01
4.17648 6.96372768e-01
4.19094 6.96264743e-01
4.20545 6.95471176e-01
4.22000 6.94106811e-01
4.23461 6.93631219e-01
4.24927 6.92479897e-01
4.26398 6.92065832e-01
4.27874 6.91565046e-01
4.29355 6.90509992e-01
4.30841 6.90915482e-01
4.32332 6.89458562e-01
4.33829 6.89186644e-01
4.35331 6.88941864e-01
4.36838 6.87785150e-01
4.38350 6.87873285e-01
4.39867 6.87167234e-01
4.41390 6.86285974e-01
4.42918 6.85855201e-01
4.44451 6.83958137e-01
4.45990 6.83538502e-01
4.47533 6.82911039e-01
4.49083 6.81909379e-01
4.50637 6.81177250e-01
4.52197 6.80242066e-01
4.53762 6.79563154e-01
4.55333 6.79000223e-01
4.56909 6.79048313e-01
4.58491 6.77609780e-01
4.60078 6.77551701e-01
4.61670 6.77458350e-01
4.63269 6.76679812e-01
4.64872 6.76361748e-01
4.66481 6.76097521e-01
4.68096 6.75609022e-01
4.69717 6.75083750e-01
4.71343 6.74094554e-01
4.72974 6.74010662e-01
4.74611 6.73911035e-01
4.76254 6.74010574e-01
4.77903 6.73820248e-01
4.79557 6.74057337e-01
4.81217 6.74618677e-01
4.82883 6.75967484e-01
4.84555 6.76667082e-01
4.86232 6.78436938e-01
4.87915 6.80662850e-01
4.89604 6.83492888e-01
4.91299 6.86990257e-01
4.92999 6.92302920e-01
4.94706 6.95988847e-01
4.96418 6.96802215e-01
4.98137 6.95261845e-01
4.99861 6.94086832e-01
5.01591 6.92926317e-01
5.03328 6.92134518e-01
5.05070 6.89681595e-01
5.06818 6.86011316e-01
5.08573 6.83565553e-01
5.10333 6.81419201e-01
5.12100 6.80510714e-01
5.13873 6.80426469e-01
5.15651 6.81088054e-01
5.17436 6.82331666e-01
5.19228 6.84581446e-01
5.21025 6.88495621e-01
5.22828 6.94239588e-01
5.24638 7.02878124e-01
5.26454 7.10879650e-01
5.28277 7.16891204e-01
5.30105 7.20671806e-01
5.31940 7.21085076e-01
5.33782 7.16815003e-01
5.35629 7.07007907e-01
5.37484 6.93487480e-01
5.39344 6.82124014e-01
5.41211 6.75884477e-01
5.43084 6.73364900e-01
5.44965 6.72042524e-01
5.46851 6.71303235e-01
5.48744 6.71519727e-01
5.50643 6.71603795e-01
5.52550 6.73197205e-01
5.54462 6.73294976e-01
5.56381 6.74060254e-01
5.58308 6.74687894e-01
5.60240 6.75957937e-01
5.62179 6.77277307e-01
5.64125 6.76635788e-01
5.66078 6.77949943e-01
5.68038 6.77211538e-01
5.70004 6.76908060e-01
5.71977 6.76939531e-01
5.73957 6.76227557e-01
5.75944 6.76151887e-01
5.77938 6.74864429e-01
5.79938 6.73989004e-01
5.81946 6.73631338e-01
5.83960 6.73376480e-01
5.85982 6.73709925e-01
5.88010 6.76405772e-01
5.90045 6.77735573e-01
5.92088 6.80541300e-01
5.94137 6.85073922e-01
5.96194 6.90912212e-01
5.98258 6.94949705e-01
6.00329 6.97893071e-01
6.02407 6.99473663e-01
6.04492 6.99834335e-01
6.06585 7.01462310e-01
6.08684 7.03422933e-01
6.10791 7.05404773e-01
6.12906 7.07549357e-01
6.15027 7.08389245e-01
6.17156 7.08239230e-01
6.19293 7.07693714e-01
6.21436 7.06261899e-01
6.23588 7.04071082e-01
6.25746 7.02445848e-01
6.27912 7.00118630e-01
6.30086 6.98197609e-01
6.32267 6.96799652e-01
6.34455 6.96269694e-01
6.36652 6.96671206e-01
6.38856 6.98828520e-01
6.41067 7.00521734e-01
6.43286 7.02737480e-01
6.45513 7.05532599e-01
6.47747 7.08538022e-01
6.49990 7.11251726e-01
6.52240 7.15191625e-01
6.54497 7.17723578e-01
6.56763 7.21708473e-01
6.59037 7.24133285e-01
6.61318 7.26718985e-01
6.63607 7.27885158e-01
6.65904 7.29656340e-01
6.68209 7.31824616e-01
6.70522 7.34989601e-01
6.72843 7.37952150e-01
6.75172 7.39988798e-01
6.77510 7.43744030e-01
6.79855 7.47473979e-01
6.82208 7.50790217e-01
6.84570 7.54025834e-01
6.86939 7.56437386e-01
6.89317 7.59251069e-01
6.91704 7.62497824e-01
6.94098 7.66476090e-01
6.96500 7.69534464e-01
6.98911 7.71943453e-01
7.01331 7.73997957e-01
7.03759 7.76169238e-01
7.06195 7.79878414e-01
7.08639 7.82737004e-01
7.11092 7.85959361e-01
7.13554 7.90432843e-01
7.16024 7.95185758e-01
7.18502 7.99772657e-01
7.20990 8.03543447e-01
7.23485 8.08815004e-01
7.25990 8.14467742e-01
7.28503 8.20672627e-01
7.31025 8.27601949e-01
7.33555 8.34029071e-01
7.36094 8.41824360e-01
7.38642 8.49613107e-01
7.41199 8.57629926e-01
7.43765 8.65578412e-01
7.46340 8.73982158e-01
7.48923 8.81319800e-01
7.51516 8.88914156e-01
7.54117 8.97809848e-01
7.56727 9.07022012e-01
7.59347 9.16539156e-01
7.61975 9.26136744e-01
7.64613 9.36705848e-01
7.67260 9.48248236e-01
7.69916 9.61555088e-01
7.72581 9.74300600e-01
7.75255 9.89426724e-01
7.77939 1.00602029e+00
7.80632 1.02509347e+00
7.83334 1.04535122e+00
7.86046 1.06871534e+00
7.88767 1.09475532e+00
7.91497 1.12265613e+00
7.94237 1.15230903e+00
7.96986 1.18082510e+00
7.99745 1.20877364e+00
8.02513 1.23440964e+00
8.05291 1.25785951e+00
8.08079 1.28242941e+00
8.10876 1.30846232e+00
8.13683 1.33856871e+00
8.16500 1.37271940e+00
8.19326 1.41237299e+00
8.22162 1.45606115e+00
8.25008 1.50312001e+00
8.27864 1.55253296e+00
8.30730 1.60413204e+00
8.33605 1.64624491e+00
8.36491 1.64280527e+00
8.39386 1.60323124e+00
8.42292 1.59648632e+00
8.45208 1.62549390e+00
8.48133 1.66811772e+00
8.51069 1.71188810e+00
8.54016 1.75336450e+00
8.56972 1.79207751e+00
8.59938 1.82786094e+00
8.62915 1.86095083e+00
8.65902 1.89266168e+00
8.68899 1.92288299e+00
8.71907 1.95154050e+00
8.74925 1.97840261e+00
8.77954 2.00322444e+00
8.80993 2.02653199e+00
8.84043 2.04901918e+00
8.87103 2.07088315e+00
8.90174 2.09388837e+00
8.93255 2.11790400e+00
8.96347 2.14333137e+00
8.99450 2.17035967e+00
9.02563 2.19756477e+00
9.05688 2.22104028e+00
9.08823 2.23704686e+00
9.11969 2.24364327e+00
9.15126 2.24113094e+00
9.18294 2.23263217e+00
9.21472 2.22038877e+00
9.24662 2.20607946e+00
9.27863 2.19020017e+00
9.31075 2.17195441e+00
9.34298 2.15080913e+00
9.37532 2.12617912e+00
9.40777 2.09963790e+00
9.44034 2.07124736e+00
9.47302 2.04103931e+00
9.50581 2.01196897e+00
9.53871 1.98129240e+00
9.57173 1.94971416e+00
9.60487 1.91749059e+00
9.63811 1.88230562e+00
9.67148 1.84570272e+00
9.70495 1.80598902e+00
9.73855 1.76333867e+00
9.77226 1.71853932e+00
9.80609 1.67197638e+00
9.84003 1.62313892e+00
9.87409 1.57377548e+00
9.90827 1.52314261e+00
9.94257 1.47068074e+00
9.97699 1.41854419e+00
10.01153 1.36615040e+00
10.04618 1.31492613e+00
10.08096 1.26615143e+00
10.11585 1.21906959e+00
10.15087 1.16954349e+00
10.18601 1.12113742e+00
10.22127 1.07785678e+00
10.25665 1.03481040e+00
10.29215 9.95810972e-01
10.32778 9.56961824e-01
10.36353 9.21154520e-01
10.39941 8.87345940e-01
10.43540 8.57187838e-01
10.47153 8.29109169e-01
10.50777 7.98119842e-01
10.54415 7.70431901e-01
10.58065 7.40969507e-01
10.61727 7.16385821e-01
10.65403 6.90929008e-01
10.69091 6.67430873e-01
10.72791 6.43908075e-01
10.76505 6.24918783e-01
10.80231 6.04095898e-01
10.83971 5.86295850e-01
10.87723 5.66803297e-01
10.91488 5.50901640e-01
10.95266 5.34635598e-01
10.99058 5.18094013e-01
11.02862 5.03315566e-01
11.06680 4.88363413e-01
11.10511 4.75423598e-01
11.14355 4.60505656e-01
11.18212 4.50935207e-01
11.22083 4.39049915e-01
11.25967 4.30092166e-01
11.29865 4.19759267e-01
11.33776 4.12534954e-01
11.37701 4.07139548e-01
11.41639 3.99602211e-01
11.45591 3.94575345e-01
11.49556 3.88389820e-01
11.53536 3.86440158e-01
11.57529 3.83489896e-01
11.61536 3.82530314e-01
11.65556 3.78818575e-01
11.69591 3.79188618e-01
11.73640 3.79424999e-01
11.77702 3.79559367e-01
11.81779 3.80301485e-01
11.85870 3.81746118e-01
11.89975 3.86116702e-01
11.94094 3.90932734e-01
11.98227 3.97973441e-01
12.02375 4.07521083e-01
12.06537 4.20872577e-01
12.10714 4.37148166e-01
12.14905 4.60355111e-01
12.19110 4.90234134e-01
12.23330 5.32851509e-01
12.27565 5.90572200e-01
12.31814 6.75472798e-01
12.36078 7.94225822e-01
12.40357 9.52199716e-01
12.44651 1.12231668e+00
12.48959 1.28192376e+00
12.53283 1.40003765e+00
12.57621 1.47254245e+00
12.61974 1.49351358e+00
12.66343 1.45647575e+00
12.70726 1.36533800e+00
12.75125 1.24947389e+00
12.79539 1.12164042e+00
12.83968 9.96096504e-01
12.88413 8.69491527e-01
12.92873 7.53753738e-01
12.97348 6.63813545e-01
13.01839 5.99287556e-01
13.06345 5.51701218e-01
13.10867 5.15220571e-01
13.15405 4.89370554e-01
13.19959 4.64282104e-01
13.24528 4.44395375e-01
13.29113 4.24098735e-01
13.33713 4.08239421e-01
13.38330 3.94234032e-01
13.42963 3.79781074e-01
13.47612 3.68325672e-01
13.52277 3.57461931e-01
13.56958 3.48249855e-01
13.61655 3.40815680e-01
13.66368 3.31140477e-01
13.71098 3.23321586e-01
13.75844 3.17150735e-01
13.80607 3.10632119e-01
13.85386 3.06651379e-01
13.90182 2.99672110e-01
13.94994 2.95601909e-01
13.99823 2.90661940e-01
14.04668 2.88114518e-01
14.09531 2.85071082e-01
14.14410 2.83554492e-01
14.19306 2.82269863e-01
14.24219 2.78679674e-01
14.29149 2.78188524e-01
14.34096 2.75451218e-01
14.39060 2.74107096e-01
14.44042 2.72032259e-01
14.49041 2.71910002e-01
14.54057 2.71397194e-01
14.59090 2.69347640e-01
14.64141 2.70294315e-01
14.69209 2.71360508e-01
14.74295 2.71613862e-01
14.79398 2.71088324e-01
14.84519 2.70721729e-01
14.89658 2.73555391e-01
14.94814 2.75663996e-01
14.99989 2.73497312e-01
15.05181 2.77113756e-01
15.10392 2.81303651e-01
15.15620 2.85256457e-01
15.20866 2.88894029e-01
15.26131 2.93896054e-01
15.31414 3.00003699e-01
15.36715 3.07838591e-01
15.42034 3.18293836e-01
15.47372 3.29666230e-01
15.52729 3.44721369e-01
15.58103 3.64203580e-01
15.63497 3.86169477e-01
15.68909 4.14775364e-01
15.74340 4.52396017e-01
15.79790 5.01143224e-01
15.85258 5.65265225e-01
15.90746 6.49151698e-01
15.96252 7.54547836e-01
16.01778 8.54994988e-01
16.07323 9.22727156e-01
16.12886 9.32031256e-01
16.18470 8.64684512e-01
16.24072 7.44928678e-01
16.29694 6.28091547e-01
16.35335 5.32059003e-01
16.40996 4.61861358e-01
16.46677 4.17514791e-01
16.52377 3.85531318e-01
16.58097 3.62357965e-01
16.63836 3.46467181e-01
16.69596 3.35233220e-01
16.75375 3.29059718e-01
16.81175 3.23378338e-01
16.86994 3.21064999e-01
16.92834 3.21377139e-01
16.98694 3.19915622e-01
17.04574 3.20720769e-01
17.10474 3.23802924e-01
17.16395 3.28545849e-01
17.22337 3.37656883e-01
17.28299 3.38888295e-01
17.34281 3.42605957e-01
17.40285 3.53913555e-01
17.46309 3.58444585e-01
17.52354 3.69051171e-01
17.58420 3.80913213e-01
17.64507 3.85952013e-01
17.70615 3.99415245e-01
17.76744 4.10933853e-01
17.82894 4.27796507e-01
17.89066 4.50173199e-01
17.95259 4.59276542e-01
18.01473 4.88192624e-01
18.07709 5.03227431e-01
18.13967 5.31369129e-01
18.20246 5.57332298e-01
18.26547 6.02731355e-01
18.32870 6.50928361e-01
18.39214 7.03086129e-01
18.45581 7.67412599e-01
18.51969 8.30540100e-01
18.58380 8.90176508e-01
18.64813 9.44409908e-01
18.71268 9.99560900e-01
18.77746 1.06071602e+00
18.84246 1.11729998e+00
18.90768 1.14987361e+00
18.97313 1.15673698e+00
19.03881 1.15916356e+00
19.10472 1.18198668e+00
19.17085 1.23618914e+00
19.23721 1.34545507e+00
19.30380 1.42513883e+00
19.37062 1.51704478e+00
19.43768 1.64099572e+00
19.50496 1.74232864e+00
19.57248 1.82786094e+00
19.64023 1.90466728e+00
19.70822 1.96974913e+00
19.77644 2.03595896e+00
19.84490 2.10680096e+00
19.91359 2.16986198e+00
19.98252 2.22388410e+00
20.05169 2.27750312e+00
20.12110 2.32897491e+00
20.19076 2.38756996e+00
20.26065 2.45629654e+00
20.33078 2.51413224e+00
20.40116 2.55452928e+00
20.47178 2.57144108e+00
20.54264 2.57411341e+00
20.61375 2.57290322e+00
20.68511 2.56456356e+00
20.75671 2.56025406e+00
20.82856 2.54910328e+00
20.90066 2.53600594e+00
20.97301 2.52095054e+00
21.04561 2.50772766e+00
21.11846 2.48891703e+00
21.19157 2.45883274e+00
21.26492 2.41266938e+00
21.33853 2.35529159e+00
21.41240 2.28737298e+00
21.48652 2.21448276e+00
21.56090 2.13647153e+00
21.63553 2.05392803e+00
21.71043 1.97045633e+00
21.78558 1.88394190e+00
21.86099 1.79946863e+00
21.93666 1.71394163e+00
22.01260 1.63590565e+00
22.08880 1.57614018e+00
22.16526 1.53196935e+00
22.24199 1.49563606e+00
22.31898 1.46976846e+00
22.39624 1.44613206e+00
22.47377 1.39882215e+00
22.55156 1.32726324e+00
22.62962 1.25418296e+00
22.70796 1.19002931e+00
22.78656 1.12736608e+00
22.86544 1.07083428e+00
22.94459 1.01986550e+00
23.02402 9.76593696e-01
23.10372 9.25128984e-01
23.18369 8.80513150e-01
23.26394 8.41709794e-01
23.34447 8.01360940e-01
23.42528 7.72336214e-01
23.50637 7.65789752e-01
23.58774 7.28805932e-01
23.66939 6.87958944e-01
23.75133 7.27349189e-01
23.83354 7.11979965e-01
23.91604 6.49627467e-01
23.99883 6.62209881e-01
24.08191 6.35904870e-01
24.16527 5.87879625e-01
24.24892 5.84585134e-01
24.33286 5.72693389e-01
24.41709 5.55588873e-01
24.50161 5.51214752e-01
24.58642 5.28866879e-01
24.67153 5.11443416e-01
24.75693 4.91464574e-01
24.84263 4.99734217e-01
24.92863 5.07247598e-01
25.01492 5.03788418e-01
25.10151 5.07040477e-01
25.18840 5.14566146e-01
25.27559 5.26857900e-01
25.36309 5.44176168e-01
25.45088 5.67153096e-01
25.53898 5.93925301e-01
25.62739 6.23960085e-01
25.71610 6.54755993e-01
25.80512 6.82339356e-01
25.89444 7.00593956e-01
25.98408 7.07288665e-01
26.07403 6.99425927e-01
26.16428 6.78521626e-01
26.25485 6.48943781e-01
26.34574 6.14482190e-01
26.43694 5.78856460e-01
26.52845 5.43584418e-01
26.62028 5.10530067e-01
26.71243 4.80761632e-01
26.80489 4.54295556e-01
26.89768 4.30467955e-01
26.99079 4.08602745e-01
27.08422 3.88503944e-01
27.17798 3.70755876e-01
27.27205 3.54945802e-01
27.36646 3.40362365e-01
27.46119 3.26990893e-01
27.55625 3.14550714e-01
27.65164 3.02740121e-01
27.74736 2.91632484e-01
27.84341 2.81580520e-01
27.93979 2.72618970e-01
28.03650 2.64445241e-01
28.13355 2.56383956e-01
28.23094 2.48467560e-01
28.32867 2.41409969e-01
28.42673 2.35348292e-01
28.52513 2.29851846e-01
28.62387 2.24563139e-01
28.72295 2.19561378e-01
28.82238 2.15051210e-01
28.92215 2.11207136e-01
29.02227 2.07851384e-01
29.12273 2.04530196e-01
29.22354 2.01396946e-01
29.32470 1.98689785e-01
29.42621 1.96390589e-01
29.52807 1.94801157e-01
29.63029 1.93855631e-01
29.73286 1.93573635e-01
29.83578 1.94302051e-01
29.93906 1.96307758e-01
30.04269 1.99662185e-01
30.14669 2.04217967e-01
30.25104 2.09849666e-01
30.35576 2.16535535e-01
30.46084 2.23759406e-01
30.56628 2.30388345e-01
30.67209 2.34733205e-01
30.77826 2.35052064e-01
30.88481 2.31991126e-01
30.99172 2.27668454e-01
31.09900 2.22806808e-01
31.20665 2.18085806e-01
31.31467 2.14249422e-01
31.42307 2.11572847e-01
31.53184 2.10007283e-01
31.64099 2.09111349e-01
31.75052 2.08781529e-01
31.86043 2.09437634e-01
31.97072 2.11571610e-01
32.08139 2.15383241e-01
32.19244 2.21198281e-01
32.30388 2.29917085e-01
32.41570 2.42581799e-01
32.52791 2.60228384e-01
32.64051 2.84694233e-01
32.75349 3.18211270e-01
32.86687 3.61893865e-01
32.98064 4.15580688e-01
33.09481 4.75267837e-01
33.20937 5.30662902e-01
33.32433 5.67902816e-01
33.43968 5.75440949e-01
33.55544 5.50515243e-01
33.67159 5.01493996e-01
33.78815 4.43477518e-01
33.90511 3.89867868e-01
34.02247 3.46699850e-01
34.14024 3.14037376e-01
34.25842 2.89406484e-01
34.37701 2.70881380e-01
34.49601 2.57638264e-01
34.61542 2.49161146e-01
34.73525 2.44547992e-01
34.85549 2.42617424e-01
34.97614 2.42366457e-01
35.09721 2.42664188e-01
35.21871 2.42075090e-01
35.34062 2.39544110e-01
35.46295 2.35055158e-01
35.58571 2.29428144e-01
35.70889 2.23332522e-01
35.83250 2.16971700e-01
35.95654 2.10923461e-01
36.08101 2.06017349e-01
36.20590 2.02253631e-01
36.33123 1.98986632e-01
36.45700 1.95675345e-01
36.58320 1.92048470e-01
36.70983 1.88175931e-01
36.83691 1.84307016e-01
36.96442 1.80468688e-01
37.09238 1.76467616e-01
37.22077 1.72253146e-01
37.34962 1.68036820e-01
37.47890 1.64066687e-01
37.60864 1.60466686e-01
37.73883 1.57174670e-01
37.86946 1.53964158e-01
38.00055 1.50871484e-01
38.13209 1.48136830e-01
38.26409 1.45743047e-01
38.39654 1.43869409e-01
38.52946 1.42500535e-01
38.66283 1.41049979e-01
38.79667 1.39334931e-01
38.93096 1.37528830e-01
39.06573 1.35324400e-01
39.20096 1.32455112e-01
39.33665 1.29478950e-01
39.47282 1.27312619e-01
39.60946 1.26042576e-01
39.74657 1.24858900e-01
39.88416 1.23241092e-01
40.02222 1.21132752e-01
40.16076 1.18753908e-01
40.29978 1.16560616e-01
40.43928 1.14869258e-01
40.57926 1.13635194e-01
40.71973 1.12655899e-01
40.86069 1.11763501e-01
41.00213 1.10834064e-01
41.14406 1.09665769e-01
41.28648 1.08594008e-01
41.42940 1.08030634e-01
41.57281 1.07836508e-01
41.71672 1.07670228e-01
41.86113 1.07259344e-01
42.00603 1.06533050e-01
42.15144 1.05561357e-01
42.29735 1.04634041e-01
42.44377 1.03880696e-01
42.59069 1.03103926e-01
42.73812 1.02249628e-01
42.88606 1.01410535e-01
43.03451 1.00783779e-01
43.18348 1.00264871e-01
43.33297 9.96174296e-02
43.48297 9.86518364e-02
43.63349 9.74040704e-02
43.78453 9.60961924e-02
43.93609 9.52025568e-02
44.08818 9.47336832e-02
44.24079 9.43132528e-02
44.39394 9.38289976e-02
44.54761 9.32107280e-02
44.70182 9.24181336e-02
44.85655 9.15919472e-02
45.01183 9.08793548e-02
45.16764 9.02231616e-02
45.32399 8.95657308e-02
45.48089 8.88457128e-02
45.63832 8.83601758e-02
45.79630 8.79894262e-02
45.95483 8.76282238e-02
46.11391 8.71877973e-02
46.27353 8.65466410e-02
46.43371 8.57213209e-02
46.59445 8.48680222e-02
46.75574 8.41057402e-02
46.91759 8.36014182e-02
47.08000 8.34064608e-02
47.24297 8.32593632e-02
47.40650 8.30749254e-02
47.57060 8.27708736e-02
47.73527 8.21182164e-02
47.90051 8.12757202e-02
48.06633 8.04598059e-02
48.23271 7.99084816e-02
48.39967 8.02588285e-02
48.56721 8.09291127e-02
48.73533 8.14965169e-02
48.90403 8.13458656e-02
49.07332 7.99253130e-02
49.24319 7.85070941e-02
49.41365 7.74323269e-02
49.58470 7.74991927e-02
49.75634 7.80402272e-02
49.92858 7.85603551e-02
50.10141 7.88568576e-02
50.27484 7.85675774e-02
50.44887 7.81979593e-02
50.62350 7.77902408e-02
50.79874 7.74330164e-02
50.97458 7.67790244e-02
51.15104 7.59681577e-02
51.32810 7.50255043e-02
51.50578 7.45884901e-02
51.68407 7.44996923e-02
51.86298 7.47200558e-02
52.04250 7.48939298e-02
52.22265 7.48432677e-02
52.40343 7.46111470e-02
52.58482 7.41736996e-02
52.76685 7.35453082e-02
52.94951 7.28001934e-02
53.13280 7.19456572e-02
53.31672 7.13993275e-02
53.50128 7.11225471e-02
53.68648 7.13347248e-02
53.87232 7.15086341e-02
54.05880 7.15331474e-02
54.24593 7.11275505e-02
54.43371 7.06794598e-02
54.62214 7.02546094e-02
54.81122 6.99742753e-02
55.00095 6.96466826e-02
55.19134 6.92842868e-02
55.38239 6.88414558e-02
55.57410 6.83028965e-02
55.76647 6.77061611e-02
55.95951 6.71493384e-02
56.15322 6.68730795e-02
56.34760 6.68894424e-02
56.54265 6.73985114e-02
56.73838 6.78987494e-02
56.93479 6.82970444e-02
57.13187 6.81647361e-02
57.32964 6.78088289e-02
57.52809 6.71636326e-02
57.72723 6.66292458e-02
57.92705 6.61807661e-02
58.12757 6.58216941e-02
58.32879 6.54933765e-02
58.53070 6.52153850e-02
58.73331 6.50849508e-02
58.93662 6.50087942e-02
59.14063 6.47927446e-02
59.34535 6.44509018e-02
59.55078 6.39291474e-02
59.75692 6.34404545e-02
59.96377 6.29838508e-02
60.17134 6.27350578e-02
60.37963 6.25906122e-02
60.58864 6.25976400e-02
60.79837 6.26994061e-02
61.00883 6.28318824e-02
61.22002 6.28452484e-02
61.43194 6.28304680e-02
61.64459 6.27600043e-02
61.85797 6.27457454e-02
62.07210 6.27687382e-02
62.28697 6.28402980e-02
62.50258 6.29224040e-02
62.71894 6.30350432e-02
62.93605 6.32180312e-02
63.15390 6.35153470e-02
63.37252 6.39557558e-02
63.59189 6.44793666e-02
63.81201 6.51559095e-02
64.03290 6.58576199e-02
64.25456 6.66399422e-02
64.47698 6.73979545e-02
64.70017 6.81115900e-02
64.92414 6.89083834e-02
65.14888 6.97959106e-02
65.37440 7.08964110e-02
65.60070 7.20954510e-02
65.82778 7.32005836e-02
66.05565 7.42711606e-02
66.28430 7.51660161e-02
66.51375 7.60612694e-02
66.74400 7.70348717e-02
66.97504 7.80710081e-02
67.20688 7.92779686e-02
67.43952 8.05358741e-02
67.67297 8.18708644e-02
67.90722 8.31823403e-02
68.14229 8.44701338e-02
68.37817 8.55893927e-02
68.61486 8.66043131e-02
68.85238 8.73295821e-02
69.09072 8.79367133e-02
69.32988 8.81925694e-02
69.56987 8.83546066e-02
69.81069 8.79932981e-02
70.05235 8.75436515e-02
70.29484 8.63237757e-02
70.53817 8.50225277e-02
70.78235 8.32104426e-02
71.02737 8.13789803e-02
71.27323 7.95844161e-02
71.51995 7.78134193e-02
71.76752 7.61249793e-02
72.01595 7.44504004e-02
72.26524 7.26666299e-02
72.51539 7.08948817e-02
72.76641 6.91170163e-02
73.01830 6.73609149e-02
73.27106 6.57151014e-02
73.52469 6.40958256e-02
73.77920 6.26107763e-02
74.03460 6.11557653e-02
74.29087 5.98969140e-02
74.54804 5.86864174e-02
74.80609 5.76346607e-02
75.06504 5.66387286e-02
75.32488 5.56882872e-02
75.58563 5.47645514e-02
75.84727 5.38997165e-02
76.10982 5.30813093e-02
76.37328 5.23468910e-02
76.63766 5.17132574e-02
76.90295 5.10836284e-02
77.16915 5.04574824e-02
77.43628 4.98121536e-02
77.70433 4.90447708e-02
77.97331 4.82828601e-02
78.24322 4.74906546e-02
78.51407 4.67042482e-02
78.78585 4.60581503e-02
79.05857 4.54498964e-02
79.33224 4.49990034e-02
79.60686 4.46493991e-02
79.88242 4.43096337e-02
80.15894 4.39843747e-02
80.43642 4.36273183e-02
80.71486 4.31005869e-02
80.99426 4.25754997e-02
81.27463 4.19691995e-02
81.55596 4.13573124e-02
81.83828 4.07725198e-02
82.12157 4.02054162e-02
82.40584 3.96376937e-02
82.69109 3.90642340e-02
82.97733 3.84959104e-02
83.26457 3.79274454e-02
83.55279 3.73647794e-02
83.84202 3.69334139e-02
84.13225 3.65563084e-02
84.42348 3.62884210e-02
84.71572 3.62013293e-02
85.00897 3.61267020e-02
85.30323 3.62425591e-02
85.59852 3.63659920e-02
85.89482 3.64499278e-02
86.19215 3.65094033e-02
86.49052 3.64879840e-02
86.78991 3.61967944e-02
87.09034 3.59083894e-02
87.39181 3.54974620e-02
87.69432 3.50603152e-02
87.99789 3.46776050e-02
88.30250 3.43862298e-02
88.60816 3.40977276e-02
88.91489 3.38479003e-02
89.22267 3.36047738e-02
89.53153 3.33628672e-02
89.84145 3.31220744e-02
90.15244 3.28831823e-02
90.46451 3.27260336e-02
90.77766 3.25773802e-02
91.09190 3.24153872e-02
91.40722 3.22318864e-02
91.72363 3.20488631e-02
92.04114 3.17169299e-02
92.35975 3.13578138e-02
92.67946 3.10031530e-02
93.00028 3.06545122e-02
93.32221 3.03096726e-02
93.64525 3.01522588e-02
93.96941 3.00884074e-02
94.29469 3.00537016e-02
94.62110 3.02973497e-02
94.94864 3.05504654e-02
95.27731 3.08212169e-02
95.60712 3.11202122e-02
95.93807 3.14119941e-02
96.27017 3.14089620e-02
96.60342 3.13001151e-02
96.93782 3.11579237e-02
97.27338 3.06921264e-02
97.61010 3.02145631e-02
97.94798 2.97440541e-02
98.28704 2.92831630e-02
98.62727 2.88232708e-02
98.96867 2.84673017e-02
99.31126 2.81769961e-02
99.65504 2.78530543e-02
100.00000 2.76076648e-02
