        2000  2.000000 2.210000
0.10000 1.72447538e+00
0.10035 1.72429563e+00
0.10069 1.72409879e+00
0.10104 1.72393142e+00
0.10139 1.72376877e+00
0.10174 1.72354423e+00
0.10210 1.72337273e+00
0.10245 1.72316529e+00
0.10280 1.72296079e+00
0.10316 1.72276454e+00
0.10352 1.72254118e+00
0.10387 1.72232961e+00
0.10423 1.72210036e+00
0.10459 1.72187052e+00
0.10496 1.72163184e+00
0.10532 1.72139847e+00
0.10568 1.72115389e+00
0.10605 1.72090755e+00
0.10642 1.72064825e+00
0.10679 1.72039071e+00
0.10716 1.72013965e+00
0.10753 1.71987504e+00
0.10790 1.71960925e+00
0.10827 1.71933993e+00
0.10865 1.71907590e+00
0.10902 1.71878713e+00
0.10940 1.71854904e+00
0.10978 1.71823139e+00
0.11016 1.71798269e+00
0.11054 1.71769627e+00
0.11092 1.71741811e+00
0.11131 1.71715055e+00
0.11169 1.71684351e+00
0.11208 1.71659835e+00
0.11247 1.71630014e+00
0.11286 1.71602905e+00
0.11325 1.71573379e+00
0.11364 1.71547685e+00
0.11403 1.71518159e+00
0.11443 1.71489458e+00
0.11482 1.71462879e+00
0.11522 1.71431055e+00
0.11562 1.71406245e+00
0.11602 1.71373537e+00
0.11642 1.71344895e+00
0.11682 1.71316253e+00
0.11723 1.71284076e+00
0.11763 1.71253548e+00
0.11804 1.71224082e+00
0.11845 1.71188132e+00
0.11886 1.71160787e+00
0.11927 1.71123600e+00
0.11968 1.71091717e+00
0.12010 1.71058184e+00
0.12051 1.71020703e+00
0.12093 1.70989114e+00
0.12135 1.70947684e+00
0.12177 1.70915978e+00
0.12219 1.70874489e+00
0.12262 1.70837833e+00
0.12304 1.70798406e+00
0.12347 1.70759392e+00
0.12389 1.70718551e+00
0.12432 1.70678182e+00
0.12475 1.70637872e+00
0.12518 1.70594025e+00
0.12562 1.70556190e+00
0.12605 1.70509986e+00
0.12649 1.70469028e+00
0.12693 1.70428010e+00
0.12737 1.70382101e+00
0.12781 1.70341791e+00
0.12825 1.70297119e+00
0.12869 1.70253980e+00
0.12914 1.70212903e+00
0.12959 1.70165521e+00
0.13003 1.70127450e+00
0.13048 1.70079478e+00
0.13094 1.70040052e+00
0.13139 1.69994497e+00
0.13184 1.69953125e+00
0.13230 1.69909574e+00
0.13276 1.69866022e+00
0.13322 1.69824474e+00
0.13368 1.69780922e+00
0.13414 1.69737194e+00
0.13461 1.69694997e+00
0.13507 1.69652860e+00
0.13554 1.69606538e+00
0.13601 1.69565403e+00
0.13648 1.69520967e+00
0.13695 1.69476826e+00
0.13743 1.69431153e+00
0.13790 1.69389192e+00
0.13838 1.69339924e+00
0.13886 1.69297905e+00
0.13934 1.69250640e+00
0.13982 1.69204790e+00
0.14031 1.69154697e+00
0.14079 1.69112323e+00
0.14128 1.69062584e+00
0.14177 1.69012785e+00
0.14226 1.68966463e+00
0.14275 1.68915722e+00
0.14324 1.68869872e+00
0.14374 1.68816419e+00
0.14424 1.68768094e+00
0.14474 1.68719945e+00
0.14524 1.68667377e+00
0.14574 1.68617696e+00
0.14625 1.68569194e+00
0.14675 1.68517450e+00
0.14726 1.68466296e+00
0.14777 1.68419739e+00
0.14828 1.68365815e+00
0.14879 1.68318374e+00
0.14931 1.68269871e+00
0.14983 1.68216124e+00
0.15034 1.68172631e+00
0.15087 1.68119297e+00
0.15139 1.68073270e+00
0.15191 1.68022116e+00
0.15244 1.67977326e+00
0.15297 1.67927587e+00
0.15349 1.67877788e+00
0.15403 1.67831702e+00
0.15456 1.67784438e+00
0.15509 1.67736407e+00
0.15563 1.67688435e+00
0.15617 1.67637753e+00
0.15671 1.67594142e+00
0.15725 1.67545168e+00
0.15780 1.67495546e+00
0.15834 1.67447398e+00
0.15889 1.67396067e+00
0.15944 1.67351454e+00
0.15999 1.67301891e+00
0.16055 1.67245669e+00
0.16110 1.67202353e+00
0.16166 1.67149018e+00
0.16222 1.67095389e+00
0.16278 1.67050128e+00
0.16335 1.66993317e+00
0.16391 1.66942693e+00
0.16448 1.66890831e+00
0.16505 1.66841092e+00
0.16562 1.66780155e+00
0.16619 1.66735719e+00
0.16677 1.66680027e+00
0.16734 1.66623746e+00
0.16792 1.66574772e+00
0.16851 1.66518314e+00
0.16909 1.66467631e+00
0.16967 1.66412057e+00
0.17026 1.66357190e+00
0.17085 1.66310751e+00
0.17144 1.66252289e+00
0.17204 1.66197363e+00
0.17263 1.66146680e+00
0.17323 1.66098944e+00
0.17383 1.66039304e+00
0.17443 1.65983847e+00
0.17503 1.65938528e+00
0.17564 1.65881716e+00
0.17625 1.65825847e+00
0.17686 1.65779820e+00
0.17747 1.65718824e+00
0.17808 1.65665313e+00
0.17870 1.65614748e+00
0.17932 1.65558761e+00
0.17994 1.65503718e+00
0.18056 1.65450265e+00
0.18119 1.65388208e+00
0.18182 1.65336524e+00
0.18244 1.65282600e+00
0.18308 1.65221957e+00
0.18371 1.65159252e+00
0.18435 1.65110161e+00
0.18498 1.65048104e+00
0.18562 1.64987049e+00
0.18627 1.64929000e+00
0.18691 1.64868004e+00
0.18756 1.64808835e+00
0.18821 1.64747780e+00
0.18886 1.64688552e+00
0.18951 1.64624609e+00
0.19017 1.64563790e+00
0.19083 1.64500790e+00
0.19149 1.64444391e+00
0.19215 1.64379800e+00
0.19282 1.64310435e+00
0.19348 1.64256629e+00
0.19415 1.64194631e+00
0.19483 1.64127860e+00
0.19550 1.64064801e+00
0.19618 1.64005632e+00
0.19686 1.63940806e+00
0.19754 1.63873681e+00
0.19822 1.63814570e+00
0.19891 1.63752101e+00
0.19960 1.63685212e+00
0.20029 1.63620562e+00
0.20098 1.63555912e+00
0.20168 1.63488787e+00
0.20237 1.63426494e+00
0.20307 1.63360430e+00
0.20378 1.63290241e+00
0.20448 1.63224648e+00
0.20519 1.63157758e+00
0.20590 1.63088983e+00
0.20661 1.63019501e+00
0.20733 1.62950961e+00
0.20805 1.62879063e+00
0.20877 1.62808343e+00
0.20949 1.62743457e+00
0.21021 1.62668847e+00
0.21094 1.62590997e+00
0.21167 1.62525050e+00
0.21240 1.62456629e+00
0.21314 1.62375713e+00
0.21388 1.62299866e+00
0.21462 1.62234450e+00
0.21536 1.62160783e+00
0.21611 1.62083463e+00
0.21685 1.62009383e+00
0.21760 1.61931120e+00
0.21836 1.61858102e+00
0.21911 1.61788973e+00
0.21987 1.61708647e+00
0.22063 1.61628026e+00
0.22140 1.61558426e+00
0.22216 1.61484818e+00
0.22293 1.61401781e+00
0.22370 1.61321337e+00
0.22448 1.61247906e+00
0.22526 1.61174003e+00
0.22604 1.61091261e+00
0.22682 1.61008637e+00
0.22760 1.60935677e+00
0.22839 1.60855410e+00
0.22918 1.60766774e+00
0.22998 1.60689100e+00
0.23077 1.60611662e+00
0.23157 1.60525030e+00
0.23237 1.60442994e+00
0.23318 1.60361607e+00
0.23398 1.60275742e+00
0.23479 1.60190583e+00
0.23561 1.60105365e+00
0.23642 1.60022800e+00
0.23724 1.59938466e+00
0.23806 1.59844526e+00
0.23889 1.59756775e+00
0.23971 1.59680927e+00
0.24054 1.59596299e+00
0.24137 1.59498234e+00
0.24221 1.59403528e+00
0.24305 1.59320786e+00
0.24389 1.59241638e+00
0.24473 1.59150292e+00
0.24558 1.59050753e+00
0.24643 1.58961057e+00
0.24728 1.58878314e+00
0.24814 1.58789030e+00
0.24900 1.58695385e+00
0.24986 1.58600797e+00
0.25073 1.58504795e+00
0.25159 1.58413979e+00
0.25246 1.58326109e+00
0.25334 1.58233112e+00
0.25422 1.58138230e+00
0.25510 1.58044761e+00
0.25598 1.57945459e+00
0.25687 1.57844624e+00
0.25775 1.57752688e+00
0.25865 1.57662107e+00
0.25954 1.57563453e+00
0.26044 1.57461675e+00
0.26134 1.57363610e+00
0.26225 1.57267313e+00
0.26315 1.57170485e+00
0.26406 1.57070240e+00
0.26498 1.56965515e+00
0.26590 1.56863089e+00
0.26682 1.56767087e+00
0.26774 1.56670495e+00
0.26867 1.56568363e+00
0.26960 1.56465937e+00
0.27053 1.56363040e+00
0.27147 1.56256135e+00
0.27241 1.56152412e+00
0.27335 1.56057353e+00
0.27430 1.55957696e+00
0.27525 1.55845075e+00
0.27620 1.55734810e+00
0.27715 1.55638631e+00
0.27811 1.55544043e+00
0.27908 1.55437256e+00
0.28004 1.55324281e+00
0.28101 1.55213899e+00
0.28198 1.55105756e+00
0.28296 1.55000737e+00
0.28394 1.54901434e+00
0.28492 1.54800540e+00
0.28591 1.54690512e+00
0.28690 1.54574943e+00
0.28789 1.54463736e+00
0.28889 1.54357303e+00
0.28989 1.54250515e+00
0.29089 1.54141076e+00
0.29190 1.54031048e+00
0.29291 1.53921667e+00
0.29392 1.53814173e+00
0.29494 1.53707032e+00
0.29596 1.53595177e+00
0.29699 1.53478489e+00
0.29801 1.53363981e+00
0.29905 1.53257017e+00
0.30008 1.53151173e+00
0.30112 1.53038905e+00
0.30216 1.52922571e+00
0.30321 1.52811187e+00
0.30426 1.52704930e+00
0.30531 1.52596728e+00
0.30637 1.52482810e+00
0.30743 1.52366653e+00
0.30849 1.52251143e+00
0.30956 1.52135693e+00
0.31063 1.52022364e+00
0.31171 1.51914516e+00
0.31279 1.51810381e+00
0.31387 1.51701472e+00
0.31496 1.51584018e+00
0.31605 1.51463499e+00
0.31714 1.51346281e+00
0.31824 1.51233600e+00
0.31934 1.51122865e+00
0.32044 1.51013484e+00
0.32155 1.50904399e+00
0.32267 1.50792484e+00
0.32378 1.50675561e+00
0.32490 1.50556221e+00
0.32603 1.50441536e+00
0.32716 1.50332686e+00
0.32829 1.50222894e+00
0.32943 1.50106677e+00
0.33057 1.49987573e+00
0.33171 1.49875482e+00
0.33286 1.49771877e+00
0.33401 1.49666209e+00
0.33517 1.49549993e+00
0.33633 1.49427235e+00
0.33749 1.49309781e+00
0.33866 1.49202817e+00
0.33983 1.49098446e+00
0.34101 1.48985706e+00
0.34219 1.48864539e+00
0.34337 1.48746555e+00
0.34456 1.48641300e+00
0.34576 1.48544413e+00
0.34695 1.48440632e+00
0.34815 1.48321469e+00
0.34936 1.48195587e+00
0.35057 1.48078310e+00
0.35178 1.47974764e+00
0.35300 1.47875815e+00
0.35422 1.47769558e+00
0.35545 1.47654697e+00
0.35668 1.47539659e+00
0.35791 1.47431693e+00
0.35915 1.47328795e+00
0.36039 1.47221831e+00
0.36164 1.47105851e+00
0.36289 1.46987454e+00
0.36415 1.46878368e+00
0.36541 1.46781953e+00
0.36668 1.46688603e+00
0.36795 1.46585764e+00
0.36922 1.46470844e+00
0.37050 1.46352565e+00
0.37178 1.46241299e+00
0.37307 1.46139580e+00
0.37436 1.46041338e+00
0.37565 1.45938676e+00
0.37695 1.45829944e+00
0.37826 1.45720328e+00
0.37957 1.45615721e+00
0.38088 1.45517244e+00
0.38220 1.45420593e+00
0.38352 1.45320230e+00
0.38485 1.45214562e+00
0.38618 1.45106478e+00
0.38752 1.45000398e+00
0.38886 1.44898444e+00
0.39021 1.44799671e+00
0.39156 1.44701665e+00
0.39291 1.44603247e+00
0.39427 1.44504415e+00
0.39564 1.44404995e+00
0.39701 1.44304396e+00
0.39838 1.44202736e+00
0.39976 1.44100840e+00
0.40115 1.44000005e+00
0.40253 1.43901410e+00
0.40393 1.43805643e+00
0.40533 1.43711939e+00
0.40673 1.43619060e+00
0.40814 1.43525769e+00
0.40955 1.43431239e+00
0.41097 1.43335060e+00
0.41239 1.43237467e+00
0.41382 1.43138753e+00
0.41525 1.43038861e+00
0.41669 1.42938616e+00
0.41813 1.42840551e+00
0.41958 1.42747318e+00
0.42103 1.42660156e+00
0.42249 1.42576647e+00
0.42395 1.42492137e+00
0.42542 1.42401851e+00
0.42689 1.42304788e+00
0.42837 1.42204306e+00
0.42985 1.42105770e+00
0.43134 1.42013127e+00
0.43283 1.41926377e+00
0.43433 1.41841749e+00
0.43583 1.41754822e+00
0.43734 1.41663593e+00
0.43886 1.41569123e+00
0.44037 1.41474181e+00
0.44190 1.41381656e+00
0.44343 1.41293963e+00
0.44496 1.41211162e+00
0.44650 1.41129657e+00
0.44805 1.41043850e+00
0.44960 1.40951207e+00
0.45116 1.40855617e+00
0.45272 1.40764211e+00
0.45429 1.40680467e+00
0.45586 1.40600789e+00
0.45744 1.40518754e+00
0.45902 1.40431474e+00
0.46061 1.40340893e+00
0.46220 1.40249606e+00
0.46380 1.40157846e+00
0.46541 1.40065203e+00
0.46702 1.39974151e+00
0.46864 1.39889405e+00
0.47026 1.39812792e+00
0.47189 1.39739714e+00
0.47352 1.39662512e+00
0.47516 1.39576292e+00
0.47680 1.39482883e+00
0.47845 1.39388531e+00
0.48011 1.39298422e+00
0.48177 1.39213086e+00
0.48344 1.39129047e+00
0.48511 1.39042769e+00
0.48679 1.38954722e+00
0.48848 1.38869151e+00
0.49017 1.38789002e+00
0.49186 1.38712153e+00
0.49357 1.38631473e+00
0.49528 1.38541246e+00
0.49699 1.38444065e+00
0.49871 1.38349772e+00
0.50044 1.38266381e+00
0.50217 1.38192538e+00
0.50391 1.38118046e+00
0.50565 1.38032769e+00
0.50740 1.37936826e+00
0.50916 1.37839527e+00
0.51092 1.37750243e+00
0.51269 1.37670211e+00
0.51446 1.37592066e+00
0.51625 1.37507614e+00
0.51803 1.37415796e+00
0.51983 1.37322446e+00
0.52163 1.37233339e+00
0.52343 1.37148946e+00
0.52524 1.37064907e+00
0.52706 1.36976684e+00
0.52889 1.36884807e+00
0.53072 1.36794050e+00
0.53255 1.36708302e+00
0.53440 1.36626502e+00
0.53625 1.36543406e+00
0.53810 1.36453945e+00
0.53997 1.36357530e+00
0.54183 1.36258287e+00
0.54371 1.36161754e+00
0.54559 1.36070348e+00
0.54748 1.35982302e+00
0.54938 1.35893784e+00
0.55128 1.35802850e+00
0.55319 1.35710678e+00
0.55510 1.35619626e+00
0.55702 1.35530106e+00
0.55895 1.35440410e+00
0.56089 1.35347413e+00
0.56283 1.35249761e+00
0.56478 1.35149751e+00
0.56673 1.35051509e+00
0.56869 1.34957392e+00
0.57066 1.34865987e+00
0.57264 1.34773285e+00
0.57462 1.34675573e+00
0.57661 1.34571674e+00
0.57860 1.34464533e+00
0.58061 1.34359160e+00
0.58262 1.34259268e+00
0.58463 1.34165387e+00
0.58666 1.34075337e+00
0.58869 1.33985582e+00
0.59073 1.33892172e+00
0.59277 1.33792575e+00
0.59482 1.33686613e+00
0.59688 1.33575995e+00
0.59895 1.33463079e+00
0.60102 1.33350693e+00
0.60310 1.33241430e+00
0.60519 1.33136824e+00
0.60728 1.33036401e+00
0.60939 1.32938454e+00
0.61150 1.32840507e+00
0.61361 1.32739849e+00
0.61574 1.32633887e+00
0.61787 1.32521560e+00
0.62001 1.32403457e+00
0.62215 1.32281760e+00
0.62431 1.32159886e+00
0.62647 1.32041607e+00
0.62864 1.31929398e+00
0.63081 1.31823553e+00
0.63300 1.31722070e+00
0.63519 1.31621353e+00
0.63739 1.31517630e+00
0.63959 1.31407838e+00
0.64181 1.31290796e+00
0.64403 1.31166977e+00
0.64626 1.31038149e+00
0.64849 1.30907435e+00
0.65074 1.30778194e+00
0.65299 1.30653432e+00
0.65525 1.30534740e+00
0.65752 1.30422001e+00
0.65980 1.30312915e+00
0.66208 1.30203240e+00
0.66437 1.30088202e+00
0.66667 1.29964737e+00
0.66898 1.29832373e+00
0.67130 1.29693762e+00
0.67362 1.29553382e+00
0.67595 1.29416893e+00
0.67829 1.29288536e+00
0.68064 1.29169373e+00
0.68299 1.29056751e+00
0.68536 1.28945367e+00
0.68773 1.28829151e+00
0.69011 1.28702915e+00
0.69250 1.28563951e+00
0.69490 1.28413494e+00
0.69730 1.28256849e+00
0.69972 1.28101088e+00
0.70214 1.27952399e+00
0.70457 1.27814201e+00
0.70701 1.27686610e+00
0.70946 1.27566563e+00
0.71191 1.27448755e+00
0.71438 1.27327706e+00
0.71685 1.27199703e+00
0.71933 1.27063803e+00
0.72182 1.26921125e+00
0.72432 1.26773733e+00
0.72683 1.26623335e+00
0.72934 1.26470580e+00
0.73187 1.26315703e+00
0.73440 1.26159176e+00
0.73694 1.26002708e+00
0.73949 1.25849305e+00
0.74205 1.25702148e+00
0.74462 1.25562889e+00
0.74720 1.25430347e+00
0.74979 1.25300223e+00
0.75238 1.25166267e+00
0.75499 1.25022352e+00
0.75760 1.24865000e+00
0.76022 1.24695095e+00
0.76285 1.24518118e+00
0.76549 1.24342202e+00
0.76814 1.24175126e+00
0.77080 1.24021487e+00
0.77347 1.23881167e+00
0.77615 1.23749274e+00
0.77884 1.23618147e+00
0.78153 1.23479595e+00
0.78424 1.23327665e+00
0.78695 1.23160294e+00
0.78968 1.22980253e+00
0.79241 1.22793788e+00
0.79515 1.22608678e+00
0.79790 1.22431643e+00
0.80067 1.22266217e+00
0.80344 1.22112342e+00
0.80622 1.21966659e+00
0.80901 1.21823922e+00
0.81181 1.21678298e+00
0.81462 1.21525012e+00
0.81744 1.21361001e+00
0.82027 1.21185674e+00
0.82311 1.21000977e+00
0.82596 1.20810505e+00
0.82882 1.20618912e+00
0.83169 1.20430385e+00
0.83457 1.20247927e+00
0.83745 1.20073190e+00
0.84035 1.19906231e+00
0.84326 1.19745756e+00
0.84618 1.19589701e+00
0.84911 1.19434942e+00
0.85205 1.19278061e+00
0.85500 1.19115818e+00
0.85796 1.18946090e+00
0.86093 1.18767993e+00
0.86391 1.18582294e+00
0.86690 1.18390761e+00
0.86990 1.18196045e+00
0.87291 1.18001035e+00
0.87593 1.17808382e+00
0.87897 1.17620266e+00
0.88201 1.17437514e+00
0.88506 1.17259889e+00
0.88813 1.17085800e+00
0.89120 1.16912949e+00
0.89428 1.16738683e+00
0.89738 1.16560822e+00
0.90049 1.16378011e+00
0.90360 1.16190131e+00
0.90673 1.15998362e+00
0.90987 1.15804589e+00
0.91302 1.15610934e+00
0.91618 1.15418989e+00
0.91935 1.15229754e+00
0.92253 1.15043230e+00
0.92573 1.14858591e+00
0.92893 1.14674543e+00
0.93215 1.14489492e+00
0.93537 1.14301907e+00
0.93861 1.14110786e+00
0.94186 1.13916012e+00
0.94512 1.13718173e+00
0.94839 1.13518624e+00
0.95168 1.13319017e+00
0.95497 1.13120942e+00
0.95828 1.12925283e+00
0.96159 1.12732630e+00
0.96492 1.12542570e+00
0.96826 1.12354455e+00
0.97161 1.12166929e+00
0.97498 1.11978461e+00
0.97835 1.11787634e+00
0.98174 1.11593331e+00
0.98514 1.11394903e+00
0.98855 1.11192408e+00
0.99197 1.10986259e+00
0.99540 1.10777281e+00
0.99885 1.10566595e+00
1.00231 1.10355495e+00
1.00578 1.10145162e+00
1.00926 1.09936656e+00
1.01275 1.09730920e+00
1.01626 1.09528484e+00
1.01978 1.09329348e+00
1.02330 1.09133395e+00
1.02685 1.08939917e+00
1.03040 1.08748148e+00
1.03397 1.08556909e+00
1.03755 1.08364845e+00
1.04114 1.08170601e+00
1.04474 1.07972762e+00
1.04836 1.07770326e+00
1.05199 1.07562939e+00
1.05563 1.07350838e+00
1.05928 1.07135025e+00
1.06295 1.06916853e+00
1.06663 1.06698034e+00
1.07032 1.06480157e+00
1.07403 1.06264638e+00
1.07775 1.06052301e+00
1.08148 1.05843559e+00
1.08522 1.05638236e+00
1.08898 1.05435623e+00
1.09275 1.05234542e+00
1.09653 1.05033698e+00
1.10032 1.04831615e+00
1.10413 1.04627234e+00
1.10796 1.04419789e+00
1.11179 1.04209102e+00
1.11564 1.03995410e+00
1.11950 1.03779478e+00
1.12338 1.03562250e+00
1.12726 1.03344963e+00
1.13117 1.03128560e+00
1.13508 1.02913983e+00
1.13901 1.02701706e+00
1.14295 1.02491844e+00
1.14691 1.02284104e+00
1.15088 1.02077837e+00
1.15487 1.01872042e+00
1.15886 1.01665717e+00
1.16287 1.01457859e+00
1.16690 1.01247702e+00
1.17094 1.01034894e+00
1.17499 1.00819375e+00
1.17906 1.00601381e+00
1.18314 1.00381500e+00
1.18724 1.00160323e+00
1.19135 9.99386752e-01
1.19547 9.97171448e-01
1.19961 9.94964984e-01
1.20376 9.92772075e-01
1.20793 9.90597435e-01
1.21211 9.88442243e-01
1.21630 9.86308267e-01
1.22052 9.84193149e-01
1.22474 9.82093944e-01
1.22898 9.80006525e-01
1.23323 9.77926179e-01
1.23750 9.75848189e-01
1.24179 9.73766075e-01
1.24609 9.71676299e-01
1.25040 9.69574147e-01
1.25473 9.67456083e-01
1.25907 9.65317392e-01
1.26343 9.63155717e-01
1.26780 9.60969291e-01
1.27219 9.58757523e-01
1.27659 9.56521003e-01
1.28101 9.54263267e-01
1.28545 9.51988440e-01
1.28990 9.49704184e-01
1.29436 9.47418160e-01
1.29884 9.45140387e-01
1.30334 9.42879115e-01
1.30785 9.40643773e-01
1.31238 9.38440256e-01
1.31692 9.36273867e-01
1.32148 9.34145784e-01
1.32605 9.32054829e-01
1.33064 9.29995109e-01
1.33525 9.27960141e-01
1.33987 9.25938728e-01
1.34451 9.23919672e-01
1.34916 9.21891776e-01
1.35383 9.19842664e-01
1.35852 9.17762907e-01
1.36322 9.15646611e-01
1.36794 9.13488472e-01
1.37268 9.11289669e-01
1.37743 9.09051971e-01
1.38220 9.06783037e-01
1.38698 9.04491120e-01
1.39178 9.02186827e-01
1.39660 8.99881944e-01
1.40144 8.97587080e-01
1.40629 8.95312253e-01
1.41115 8.93065125e-01
1.41604 8.90851000e-01
1.42094 8.88672235e-01
1.42586 8.86528240e-01
1.43080 8.84415480e-01
1.43575 8.82328061e-01
1.44072 8.80259501e-01
1.44571 8.78200960e-01
1.45071 8.76143597e-01
1.45573 8.74079163e-01
1.46077 8.72001173e-01
1.46583 8.69903736e-01
1.47090 8.67783315e-01
1.47599 8.65637552e-01
1.48110 8.63468805e-01
1.48623 8.61277664e-01
1.49137 8.59069432e-01
1.49654 8.56848824e-01
1.50172 8.54622323e-01
1.50692 8.52395821e-01
1.51213 8.50174624e-01
1.51737 8.47963445e-01
1.52262 8.45767000e-01
1.52789 8.43587056e-01
1.53318 8.41424792e-01
1.53849 8.39280797e-01
1.54381 8.37153893e-01
1.54916 8.35041723e-01
1.55452 8.32941928e-01
1.55990 8.30850973e-01
1.56530 8.28765912e-01
1.57072 8.26683208e-01
1.57615 8.24600504e-01
1.58161 8.22514264e-01
1.58709 8.20422720e-01
1.59258 8.18324693e-01
1.59809 8.16218416e-01
1.60362 8.14105067e-01
1.60918 8.11983467e-01
1.61475 8.09856563e-01
1.62034 8.07724355e-01
1.62594 8.05589789e-01
1.63157 8.03454635e-01
1.63722 8.01320659e-01
1.64289 7.99190219e-01
1.64857 7.97064493e-01
1.65428 7.94944661e-01
1.66001 7.92831312e-01
1.66575 7.90724445e-01
1.67152 7.88624651e-01
1.67731 7.86530749e-01
1.68311 7.84442152e-01
1.68894 7.82357680e-01
1.69478 7.80276155e-01
1.70065 7.78196987e-01
1.70654 7.76117819e-01
1.71245 7.74038651e-01
1.71837 7.71957715e-01
1.72432 7.69875600e-01
1.73029 7.67791717e-01
1.73628 7.65705477e-01
1.74229 7.63617469e-01
1.74832 7.61528283e-01
1.75437 7.59438507e-01
1.76045 7.57349909e-01
1.76654 7.55262491e-01
1.77266 7.53177429e-01
1.77879 7.51096493e-01
1.78495 7.49020272e-01
1.79113 7.46949355e-01
1.79733 7.44884920e-01
1.80355 7.42827557e-01
1.80979 7.40776677e-01
1.81606 7.38733459e-01
1.82234 7.36697312e-01
1.82865 7.34668237e-01
1.83498 7.32646235e-01
1.84133 7.30630125e-01
1.84771 7.28620499e-01
1.85410 7.26615587e-01
1.86052 7.24615389e-01
1.86696 7.22618728e-01
1.87342 7.20625603e-01
1.87991 7.18634245e-01
1.88642 7.16645245e-01
1.89295 7.14656835e-01
1.89950 7.12669013e-01
1.90607 7.10681781e-01
1.91267 7.08693960e-01
1.91929 7.06706139e-01
1.92594 7.04717728e-01
1.93260 7.02729907e-01
1.93929 7.00741496e-01
1.94601 6.98753675e-01
1.95274 6.96767032e-01
1.95950 6.94780979e-01
1.96629 6.92796693e-01
1.97309 6.90814176e-01
1.97992 6.88834016e-01
1.98678 6.86856213e-01
1.99365 6.84881357e-01
2.00055 6.82910037e-01
2.00748 6.80941664e-01
2.01443 6.78977416e-01
2.02140 6.77016115e-01
2.02840 6.75058349e-01
2.03542 6.73104120e-01
2.04247 6.71154016e-01
2.04954 6.69206859e-01
2.05663 6.67263237e-01
2.06375 6.65323741e-01
2.07090 6.63387192e-01
2.07806 6.61454768e-01
2.08526 6.59525880e-01
2.09247 6.57600528e-01
2.09972 6.55679301e-01
2.10699 6.53761611e-01
2.11428 6.51848045e-01
2.12160 6.49938605e-01
2.12894 6.48033880e-01
2.13631 6.46132691e-01
2.14371 6.44236216e-01
2.15113 6.42343277e-01
2.15857 6.40454464e-01
2.16605 6.38569187e-01
2.17354 6.36687445e-01
2.18107 6.34808651e-01
2.18862 6.32933392e-01
2.19619 6.31060491e-01
2.20380 6.29190536e-01
2.21143 6.27322349e-01
2.21908 6.25457109e-01
2.22676 6.58425005e-01
2.23447 6.64586485e-01
2.24220 6.66036835e-01
2.24997 6.67902075e-01
2.25775 6.68255085e-01
2.26557 6.67830765e-01
2.27341 6.66325608e-01
2.28128 6.64444456e-01
2.28918 6.63440821e-01
2.29710 6.63679501e-01
2.30505 6.61730576e-01
2.31303 6.62004616e-01
2.32104 6.57405459e-01
2.32908 6.57946467e-01
2.33714 6.57251053e-01
2.34523 6.54709259e-01
2.35335 6.52080243e-01
2.36149 6.52562907e-01
2.36967 6.52061973e-01
2.37787 6.49399955e-01
2.38610 6.50237397e-01
2.39436 6.51160883e-01
2.40265 6.48805317e-01
2.41097 6.46333653e-01
2.41931 6.43537856e-01
2.42769 6.40693733e-01
2.43609 6.42014429e-01
2.44452 6.41194077e-01
2.45298 6.37725851e-01
2.46148 6.38256251e-01
2.47000 6.37386984e-01
2.47855 6.35740387e-01
2.48713 6.33530387e-01
2.49574 6.33771424e-01
2.50438 6.30193581e-01
2.51304 6.28754429e-01
2.52174 6.29514080e-01
2.53047 6.28807469e-01
2.53923 6.26241512e-01
2.54802 6.23855301e-01
2.55684 6.24149968e-01
2.56569 6.21573992e-01
2.57457 6.21093096e-01
2.58349 6.20561517e-01
2.59243 6.17698536e-01
2.60140 6.15420173e-01
2.61041 6.15631744e-01
2.61944 6.13708749e-01
2.62851 6.13505429e-01
2.63761 6.11600704e-01
2.64674 6.09462603e-01
2.65590 6.09382453e-01
2.66510 6.06759331e-01
2.67432 6.06382747e-01
2.68358 6.06380979e-01
2.69287 6.03315856e-01
2.70219 6.00958523e-01
2.71154 6.00049771e-01
2.72093 5.98620048e-01
2.73035 5.97044171e-01
2.73980 5.94847725e-01
2.74928 5.93366731e-01
2.75880 5.92591757e-01
2.76835 5.91103691e-01
2.77793 5.88932115e-01
2.78755 5.87497442e-01
2.79720 5.87290468e-01
2.80688 5.85442614e-01
2.81660 5.82942190e-01
2.82635 5.82932643e-01
2.83613 5.81854870e-01
2.84595 5.80191182e-01
2.85580 5.77235145e-01
2.86569 5.75623849e-01
2.87561 5.74265259e-01
2.88556 5.72655554e-01
2.89555 5.71260896e-01
2.90557 5.70776523e-01
2.91563 5.69954344e-01
2.92572 5.69784734e-01
2.93585 5.67119769e-01
2.94601 5.65448714e-01
2.95621 5.64152534e-01
2.96644 5.63171294e-01
2.97671 5.60730983e-01
2.98702 5.59510474e-01
2.99736 5.57825511e-01
3.00773 5.56714499e-01
3.01814 5.54970191e-01
3.02859 5.53629045e-01
3.03907 5.52747815e-01
3.04960 5.52527817e-01
3.06015 5.51364708e-01
3.07074 5.49719525e-01
3.08137 5.49963038e-01
3.09204 5.48180776e-01
3.10274 5.47663695e-01
3.11348 5.48139287e-01
3.12426 5.46961445e-01
3.13508 5.46637489e-01
3.14593 5.46113807e-01
3.15682 5.44534924e-01
3.16775 5.43631771e-01
3.17871 5.43836623e-01
3.18972 5.42804936e-01
3.20076 5.43578908e-01
3.21184 5.41919109e-01
3.22295 5.40941936e-01
3.23411 5.41036288e-01
3.24531 5.39769870e-01
3.25654 5.39049115e-01
3.26781 5.38249331e-01
3.27912 5.38775605e-01
3.29047 5.36888501e-01
3.30187 5.36474612e-01
3.31330 5.35893117e-01
3.32476 5.34843809e-01
3.33627 5.34081683e-01
3.34782 5.33567431e-01
3.35941 5.33214243e-01
3.37104 5.32909263e-01
3.38271 5.32577292e-01
3.39442 5.31762185e-01
3.40617 5.33164327e-01
3.41796 5.35461430e-01
3.42979 5.34158709e-01
3.44166 5.28857950e-01
3.45358 5.26671995e-01
3.46553 5.26227343e-01
3.47753 5.24567781e-01
3.48957 5.24055827e-01
3.50164 5.24999114e-01
3.51377 5.24218836e-01
3.52593 5.20570097e-01
3.53814 5.19869969e-01
3.55038 5.18766442e-01
3.56267 5.17963063e-01
3.57500 5.16471283e-01
3.58738 5.15794316e-01
3.59980 5.15189601e-01
3.61226 5.14095799e-01
3.62476 5.13541825e-01
3.63731 5.12015275e-01
3.64990 5.11409323e-01
3.66254 5.10171369e-01
3.67521 5.09518211e-01
3.68794 5.08505618e-01
3.70070 5.08121903e-01
3.71351 5.06892849e-01
3.72637 5.05593663e-01
3.73927 5.05494538e-01
3.75221 5.05028787e-01
3.76520 5.03755710e-01
3.77823 5.04037529e-01
3.79131 5.02112530e-01
3.80443 5.01193995e-01
3.81760 5.00477248e-01
3.83082 4.99163389e-01
3.84408 4.98478289e-01
3.85739 4.97384427e-01
3.87074 4.96459586e-01
3.88414 4.96161030e-01
3.89758 4.94485025e-01
3.91107 4.94119579e-01
3.92461 4.93046226e-01
3.93820 4.92553956e-01
3.95183 4.91920835e-01
3.96551 4.90858562e-01
3.97924 4.90017760e-01
3.99301 4.89747079e-01
4.00683 4.89699697e-01
4.02070 4.89736884e-01
4.03462 4.88037365e-01
4.04859 4.87247540e-01
4.06260 4.86708064e-01
4.07667 4.86136293e-01
4.09078 4.85202318e-01
4.10494 4.84542382e-01
4.11915 4.83989234e-01
4.13341 4.83907788e-01
4.14771 4.83492662e-01
4.16207 4.82671190e-01
4.17648 4.82115449e-01
4.19094 4.82085687e-01
4.20545 4.81535780e-01
4.22000 4.80558783e-01
4.23461 4.80260640e-01
4.24927 4.79454314e-01
4.26398 4.79213512e-01
4.27874 4.78904171e-01
4.29355 4.78177877e-01
4.30841 4.78560767e-01
4.32332 4.77529728e-01
4.33829 4.77396657e-01
4.35331 4.77287041e-01
4.36838 4.76483249e-01
4.38350 4.76616969e-01
4.39867 4.76149097e-01
4.41390 4.75545266e-01
4.42918 4.75272994e-01
4.44451 4.73893659e-01
4.45990 4.73635178e-01
4.47533 4.73212449e-01
4.49083 4.72502420e-01
4.50637 4.71991998e-01
4.52197 4.71329588e-01
4.53762 4.70857119e-01
4.55333 4.70463621e-01
4.56909 4.70533693e-01
4.58491 4.69473247e-01
4.60078 4.69456274e-01
4.61670 4.69411308e-01
4.63269 4.68840185e-01
4.64872 4.68619244e-01
4.66481 4.68434606e-01
4.68096 4.68081065e-01
4.69717 4.67699177e-01
4.71343 4.66963747e-01
4.72974 4.66917838e-01
4.74611 4.66861321e-01
4.76254 4.66958620e-01
4.77903 4.66833505e-01
4.79557 4.67039830e-01
4.81217 4.67497094e-01
4.82883 4.68554417e-01
4.84555 4.69127249e-01
4.86232 4.70510709e-01
4.87915 4.72255548e-01
4.89604 4.74456119e-01
4.91299 4.77176246e-01
4.92999 4.81279715e-01
4.94706 4.84125429e-01
4.96418 4.84759551e-01
4.98137 4.83601629e-01
4.99861 4.82741615e-01
5.01591 4.81898279e-01
5.03328 4.81346781e-01
5.05070 4.79522146e-01
5.06818 4.76786755e-01
5.08573 4.75006026e-01
5.10333 4.73470813e-01
5.12100 4.72896684e-01
5.13873 4.72963632e-01
5.15651 4.73591862e-01
5.17436 4.74679358e-01
5.19228 4.76547899e-01
5.21025 4.79695057e-01
5.22828 4.84248364e-01
5.24638 4.91015737e-01
5.26454 4.97271216e-01
5.28277 5.01973507e-01
5.30105 5.04932137e-01
5.31940 5.05278901e-01
5.33782 5.01994664e-01
5.35629 4.94469231e-01
5.37484 4.84183537e-01
5.39344 4.75662131e-01
5.41211 4.71099866e-01
5.43084 4.69385082e-01
5.44965 4.68565791e-01
5.46851 4.68186437e-01
5.48744 4.68535499e-01
5.50643 4.68780367e-01
5.52550 4.70174671e-01
5.54462 4.70415885e-01
5.56381 4.71171646e-01
5.58308 4.71812429e-01
5.60240 4.72950431e-01
5.62179 4.74112655e-01
5.64125 4.73774791e-01
5.66078 4.74939726e-01
5.68038 4.74523185e-01
5.70004 4.74446866e-01
5.71977 4.74620130e-01
5.73957 4.74228931e-01
5.75944 4.74320631e-01
5.77938 4.73482835e-01
5.79938 4.72970645e-01
5.81946 4.72852543e-01
5.83960 4.72824726e-01
5.85982 4.73245216e-01
5.88010 4.75501007e-01
5.90045 4.76655806e-01
5.92088 4.78993691e-01
5.94137 4.82649208e-01
5.96194 4.87293803e-01
5.98258 4.90540440e-01
6.00329 4.92936551e-01
6.02407 4.94272806e-01
6.04492 4.94673611e-01
6.06585 4.96059193e-01
6.08684 4.97712155e-01
6.10791 4.99365942e-01
6.12906 5.01148440e-01
6.15027 5.01898367e-01
6.17156 5.01881040e-01
6.19293 5.01549599e-01
6.21436 5.00535828e-01
6.23588 4.98940208e-01
6.25746 4.97789299e-01
6.27912 4.96095555e-01
6.30086 4.94725885e-01
6.32267 4.93782304e-01
6.34455 4.93515513e-01
6.36652 4.93976666e-01
6.38856 4.95796645e-01
6.41067 4.97261079e-01
6.43286 4.99133097e-01
6.45513 5.01453479e-01
6.47747 5.03938757e-01
6.49990 5.06210813e-01
6.52240 5.09436706e-01
6.54497 5.11557186e-01
6.56763 5.14827397e-01
6.59037 5.16865842e-01
6.61318 5.19034471e-01
6.63607 5.20087963e-01
6.65904 5.21638381e-01
6.68209 5.23497257e-01
6.70522 5.26160749e-01
6.72843 5.28646498e-01
6.75172 5.30406247e-01
6.77510 5.33557530e-01
6.79855 5.36695671e-01
6.82208 5.39501428e-01
6.84570 5.42248547e-01
6.86939 5.44344511e-01
6.89317 5.46773566e-01
6.91704 5.49557930e-01
6.94098 5.52930037e-01
6.96500 5.55567834e-01
6.98911 5.57696800e-01
7.01331 5.59573532e-01
7.03759 5.61584927e-01
7.06195 5.64823137e-01
7.08639 5.67349314e-01
7.11092 5.70215831e-01
7.13554 5.74113859e-01
7.16024 5.78288932e-01
7.18502 5.82340422e-01
7.20990 5.85728853e-01
7.23485 5.90357005e-01
7.25990 5.95305637e-01
7.28503 6.00757560e-01
7.31025 6.06839480e-01
7.33555 6.12523600e-01
7.36094 6.19353973e-01
7.38642 6.26199080e-01
7.41199 6.33272259e-01
7.43765 6.40334829e-01
7.46340 6.47804629e-01
7.48923 6.54381589e-01
7.51516 6.61271485e-01
7.54117 6.69289365e-01
7.56727 6.77656131e-01
7.59347 6.86310491e-01
7.61975 6.95090379e-01
7.64613 7.04764285e-01
7.67260 7.15387608e-01
7.69916 7.27589755e-01
7.72581 7.39416496e-01
7.75255 7.53434379e-01
7.77939 7.68819515e-01
7.80632 7.86534875e-01
7.83334 8.05494907e-01
7.86046 8.27373317e-01
7.88767 8.51831829e-01
7.91497 8.78148509e-01
7.94237 9.06278568e-01
7.96986 9.33562933e-01
7.99745 9.60501360e-01
8.02513 9.85536829e-01
8.05291 1.00892570e+00
8.08079 1.03378378e+00
8.10876 1.06053775e+00
8.13683 1.09187555e+00
8.16500 1.12768521e+00
8.19326 1.16958740e+00
8.22162 1.21608933e+00
8.25008 1.26647910e+00
8.27864 1.31980729e+00
8.30730 1.37525884e+00
8.33605 1.41875105e+00
8.36491 1.40943251e+00
8.39386 1.36517888e+00
8.42292 1.36344742e+00
8.45208 1.40231808e+00
8.48133 1.45621674e+00
8.51069 1.51193643e+00
8.54016 1.56588754e+00
8.56972 1.61768700e+00
8.59938 1.66666119e+00
8.62915 1.71324327e+00
8.65902 1.75848816e+00
8.68899 1.80236697e+00
8.71907 1.84443182e+00
8.74925 1.88413933e+00
8.77954 1.92128383e+00
8.80993 1.95754846e+00
8.84043 1.99331097e+00
8.87103 2.02956499e+00
8.90174 2.06950706e+00
8.93255 2.11304170e+00
8.96347 2.16114368e+00
8.99450 2.21540713e+00
9.02563 2.27286595e+00
9.05688 2.32675813e+00
9.08823 2.36897208e+00
9.11969 2.39428041e+00
9.15126 2.39660533e+00
9.18294 2.37914692e+00
9.21472 2.34439393e+00
9.24662 2.29943192e+00
9.27863 2.25191398e+00
9.31075 2.20286376e+00
9.34298 2.15083447e+00
9.37532 2.09427085e+00
9.40777 2.03742375e+00
9.44034 1.98032678e+00
9.47302 1.92311784e+00
9.50581 1.87073907e+00
9.53871 1.81831728e+00
9.57173 1.76694922e+00
9.60487 1.71633079e+00
9.63811 1.66328313e+00
9.67148 1.61013587e+00
9.70495 1.55418044e+00
9.73855 1.49617943e+00
9.77226 1.43711998e+00
9.80609 1.37770221e+00
9.84003 1.31747883e+00
9.87409 1.25864215e+00
9.90827 1.20032467e+00
9.94257 1.14195061e+00
9.97699 1.08574412e+00
10.01153 1.03101391e+00
10.04618 9.78953976e-01
10.08096 9.30621571e-01
10.11585 8.85059032e-01
10.15087 8.38281288e-01
10.18601 7.93491955e-01
10.22127 7.54007211e-01
10.25665 7.15470704e-01
10.29215 6.80967595e-01
10.32778 6.47171096e-01
10.36353 6.16392573e-01
10.39941 5.87681727e-01
10.43540 5.62335502e-01
10.47153 5.39006978e-01
10.50777 5.13845214e-01
10.54415 4.91597174e-01
10.58065 4.68430127e-01
10.61727 4.49276793e-01
10.65403 4.29843821e-01
10.69091 4.12184035e-01
10.72791 3.94862704e-01
10.76505 3.81034351e-01
10.80231 3.66203070e-01
10.83971 3.53706905e-01
10.87723 3.40327860e-01
10.91488 3.29552548e-01
10.95266 3.18769752e-01
10.99058 3.07913996e-01
11.02862 2.98477296e-01
11.06680 2.89008301e-01
11.10511 2.80993367e-01
11.14355 2.71845617e-01
11.18212 2.66228151e-01
11.22083 2.59225103e-01
11.25967 2.54102618e-01
11.29865 2.48230972e-01
11.33776 2.44343493e-01
11.37701 2.41685482e-01
11.41639 2.37628335e-01
11.45591 2.35229041e-01
11.49556 2.32122606e-01
11.53536 2.31740541e-01
11.57529 2.30717517e-01
11.61536 2.30971756e-01
11.65556 2.29464771e-01
11.69591 2.30624403e-01
11.73640 2.31721741e-01
11.77702 2.32740227e-01
11.81779 2.34239373e-01
11.85870 2.36188181e-01
11.89975 2.40185688e-01
11.94094 2.44477567e-01
11.98227 2.50353161e-01
12.02375 2.58056573e-01
12.06537 2.68418055e-01
12.10714 2.80987710e-01
12.14905 2.98593100e-01
12.19110 3.21243066e-01
12.23330 3.53408643e-01
12.27565 3.97359355e-01
12.31814 4.62595550e-01
12.36078 5.55595061e-01
12.40357 6.82742667e-01
12.44651 8.23980525e-01
12.48959 9.59982157e-01
12.53283 1.05967909e+00
12.57621 1.11546185e+00
12.61974 1.11892241e+00
12.66343 1.06470315e+00
12.70726 9.63554696e-01
12.75125 8.49579987e-01
12.79539 7.36144517e-01
12.83968 6.34122667e-01
12.88413 5.39239823e-01
12.92873 4.59161387e-01
12.97348 4.00712309e-01
13.01839 3.60694218e-01
13.06345 3.31943120e-01
13.10867 3.10413477e-01
13.15405 2.95447357e-01
13.19959 2.80773310e-01
13.24528 2.69277951e-01
13.29113 2.57459814e-01
13.33713 2.48388795e-01
13.38330 2.40412404e-01
13.42963 2.32021594e-01
13.47612 2.25570987e-01
13.52277 2.19406561e-01
13.56958 2.14235986e-01
13.61655 2.10151375e-01
13.66368 2.04557070e-01
13.71098 2.00188872e-01
13.75844 1.96784470e-01
13.80607 1.93174391e-01
13.85386 1.91120682e-01
13.90182 1.87119403e-01
13.94994 1.84985015e-01
13.99823 1.82262413e-01
14.04668 1.81091938e-01
14.09531 1.79539634e-01
14.14410 1.78991200e-01
14.19306 1.78523034e-01
14.24219 1.76588783e-01
14.29149 1.76638641e-01
14.34096 1.75211275e-01
14.39060 1.74695078e-01
14.44042 1.73686375e-01
14.49041 1.73969845e-01
14.54057 1.73965248e-01
14.59090 1.72947646e-01
14.64141 1.73932893e-01
14.69209 1.74952204e-01
14.74295 1.75444651e-01
14.79398 1.75402867e-01
14.84519 1.75511128e-01
14.89658 1.77730852e-01
14.94814 1.79436972e-01
14.99989 1.78328613e-01
15.05181 1.81122053e-01
15.10392 1.84284592e-01
15.15620 1.87291253e-01
15.20866 1.90106911e-01
15.26131 1.93879351e-01
15.31414 1.98429535e-01
15.36715 2.04189915e-01
15.42034 2.11795379e-01
15.47372 2.20069325e-01
15.52729 2.30994740e-01
15.58103 2.45062951e-01
15.63497 2.61008543e-01
15.68909 2.81828511e-01
15.74340 3.09315666e-01
15.79790 3.45137409e-01
15.85258 3.92691246e-01
15.90746 4.55541819e-01
15.96252 5.35111366e-01
16.01778 6.10541083e-01
16.07323 6.58534032e-01
16.12886 6.58259992e-01
16.18470 5.98887605e-01
16.24072 5.05709409e-01
16.29694 4.20776810e-01
16.35335 3.53740733e-01
16.40996 3.06184538e-01
16.46677 2.76725828e-01
16.52377 2.55709612e-01
16.58097 2.40637471e-01
16.63836 2.30521034e-01
16.69596 2.23467067e-01
16.75375 2.19863647e-01
16.81175 2.16499792e-01
16.86994 2.15475589e-01
16.92834 2.16188506e-01
16.98694 2.15663233e-01
17.04574 2.16740711e-01
17.10474 2.19382221e-01
17.16395 2.23203458e-01
17.22337 2.30062945e-01
17.28299 2.31352465e-01
17.34281 2.34542409e-01
17.40285 2.43046606e-01
17.46309 2.46774552e-01
17.52354 2.54937467e-01
17.58420 2.63935821e-01
17.64507 2.68159102e-01
17.70615 2.78561601e-01
17.76744 2.87557774e-01
17.82894 3.00689182e-01
17.89066 3.17725394e-01
17.95259 3.25350660e-01
18.01473 3.47689812e-01
18.07709 3.59917418e-01
18.13967 3.82227986e-01
18.20246 4.03336610e-01
18.26547 4.39688576e-01
18.32870 4.78595419e-01
18.39214 5.21365579e-01
18.45581 5.74321010e-01
18.51969 6.26789592e-01
18.58380 6.76852869e-01
18.64813 7.22975864e-01
18.71268 7.70464344e-01
18.77746 8.22899099e-01
18.84246 8.69957955e-01
18.90768 8.95448979e-01
18.97313 9.01031144e-01
19.03881 9.09598283e-01
19.10472 9.41409907e-01
19.17085 1.00555295e+00
19.23721 1.12157677e+00
19.30380 1.20433449e+00
19.37062 1.30776897e+00
19.43768 1.44190713e+00
19.50496 1.55104342e+00
19.57248 1.64375380e+00
19.64023 1.72636831e+00
19.70822 1.79679306e+00
19.77644 1.87045501e+00
19.84490 1.94855641e+00
19.91359 2.01360702e+00
19.98252 2.06798363e+00
20.05169 2.12250404e+00
20.12110 2.17453510e+00
20.19076 2.23788136e+00
20.26065 2.30763957e+00
20.33078 2.35180421e+00
20.40116 2.36471061e+00
20.47178 2.34161994e+00
20.54264 2.30497460e+00
20.61375 2.26570025e+00
20.68511 2.22073235e+00
20.75671 2.18295903e+00
20.82856 2.13552241e+00
20.90066 2.08662837e+00
20.97301 2.03740843e+00
21.04561 1.98897878e+00
21.11846 1.93093652e+00
21.19157 1.85535570e+00
21.26492 1.76358589e+00
21.33853 1.66623097e+00
21.41240 1.56745399e+00
21.48652 1.47421674e+00
21.56090 1.38502114e+00
21.63553 1.30075532e+00
21.71043 1.22360392e+00
21.78558 1.15020246e+00
21.86099 1.08456369e+00
21.93666 1.02275559e+00
22.01260 9.71516000e-01
22.08880 9.35644459e-01
22.16526 9.09761528e-01
22.24199 8.88045773e-01
22.31898 8.72156168e-01
22.39624 8.54226880e-01
22.47377 8.17788400e-01
22.55156 7.68094045e-01
22.62962 7.21744157e-01
22.70796 6.82752685e-01
22.78656 6.45605237e-01
22.86544 6.13102915e-01
22.94459 5.84447878e-01
23.02402 5.60114658e-01
23.10372 5.30643925e-01
23.18369 5.06299626e-01
23.26394 4.85038542e-01
23.34447 4.63090943e-01
23.42528 4.48506594e-01
23.50637 4.46719381e-01
23.58774 4.24615020e-01
23.66939 4.03219863e-01
23.75133 4.30160706e-01
23.83354 4.18644897e-01
23.91604 3.82337367e-01
23.99883 3.92055709e-01
24.08191 3.75317758e-01
24.16527 3.47454491e-01
24.24892 3.47348293e-01
24.33286 3.40727899e-01
24.41709 3.31477193e-01
24.50161 3.29580777e-01
24.58642 3.16505297e-01
24.67153 3.06771927e-01
24.75693 2.95742200e-01
24.84263 3.02351338e-01
24.92863 3.07775149e-01
25.01492 3.06483566e-01
25.10151 3.09488813e-01
25.18840 3.15196447e-01
25.27559 3.23902963e-01
25.36309 3.35789639e-01
25.45088 3.51214438e-01
25.53898 3.68944531e-01
25.62739 3.88578819e-01
25.71610 4.08358025e-01
25.80512 4.25549114e-01
25.89444 4.36148333e-01
25.98408 4.38855199e-01
26.07403 4.31971904e-01
26.16428 4.16965238e-01
26.25485 3.96909458e-01
26.34574 3.74328150e-01
26.43694 3.51518769e-01
26.52845 3.29338031e-01
26.62028 3.08852981e-01
26.71243 2.90610698e-01
26.80489 2.74520778e-01
26.89768 2.60114525e-01
26.99079 2.46949997e-01
27.08422 2.34900193e-01
27.17798 2.24309225e-01
27.27205 2.14899398e-01
27.36646 2.06228360e-01
27.46119 1.98289981e-01
27.55625 1.90907933e-01
27.65164 1.83899463e-01
27.74736 1.77315490e-01
27.84341 1.71373183e-01
27.93979 1.66088218e-01
28.03650 1.61270301e-01
28.13355 1.56504362e-01
28.23094 1.51822050e-01
28.32867 1.47665658e-01
28.42673 1.44114100e-01
28.52513 1.40897872e-01
28.62387 1.37799275e-01
28.72295 1.34871350e-01
28.82238 1.32242628e-01
28.92215 1.30020606e-01
29.02227 1.28092366e-01
29.12273 1.26177622e-01
29.22354 1.24376973e-01
29.32470 1.22838518e-01
29.42621 1.21552947e-01
29.52807 1.20709493e-01
29.63029 1.20266078e-01
29.73286 1.20238144e-01
29.83578 1.20845216e-01
29.93906 1.22254607e-01
30.04269 1.24510870e-01
30.14669 1.27520359e-01
30.25104 1.31204400e-01
30.35576 1.35546490e-01
30.46084 1.40212065e-01
30.56628 1.44475538e-01
30.67209 1.47261611e-01
30.77826 1.47479547e-01
30.88481 1.45570343e-01
30.99172 1.42885045e-01
31.09900 1.39878974e-01
31.20665 1.36982636e-01
31.31467 1.34663256e-01
31.42307 1.33089206e-01
31.53184 1.32225361e-01
31.64099 1.31791140e-01
31.75052 1.31725606e-01
31.86043 1.32301031e-01
31.97072 1.33833651e-01
32.08139 1.36454829e-01
32.19244 1.40382382e-01
32.30388 1.46205939e-01
32.41570 1.54609361e-01
32.52791 1.66283818e-01
32.64051 1.82449644e-01
32.75349 2.04584356e-01
32.86687 2.33428804e-01
32.98064 2.68836894e-01
33.09481 3.07988252e-01
33.20937 3.43754833e-01
33.32433 3.66715378e-01
33.43968 3.69446113e-01
33.55544 3.50923071e-01
33.67159 3.17507694e-01
33.78815 2.79342468e-01
33.90511 2.44823270e-01
34.02247 2.17407188e-01
34.14024 1.96846409e-01
34.25842 1.81437287e-01
34.37701 1.69911990e-01
34.49601 1.61729922e-01
34.61542 1.56551921e-01
34.73525 1.53797318e-01
34.85549 1.52714654e-01
34.97614 1.52666918e-01
35.09721 1.52933061e-01
35.21871 1.52602268e-01
35.34062 1.51015724e-01
35.46295 1.48181030e-01
35.58571 1.44630945e-01
35.70889 1.40791498e-01
35.83250 1.36791869e-01
35.95654 1.33002456e-01
36.08101 1.29945878e-01
36.20590 1.27611765e-01
36.33123 1.25585578e-01
36.45700 1.23524620e-01
36.58320 1.21259105e-01
36.70983 1.18837299e-01
36.83691 1.16418144e-01
36.96442 1.14016965e-01
37.09238 1.11510942e-01
37.22077 1.08870199e-01
37.34962 1.06230339e-01
37.47890 1.03748597e-01
37.60864 1.01502294e-01
37.73883 9.94502947e-02
37.86946 9.74490955e-02
38.00055 9.55228595e-02
38.13209 9.38241061e-02
38.26409 9.23415203e-02
38.39654 9.11888432e-02
38.52946 9.03545240e-02
38.66283 8.94636288e-02
38.79667 8.84013555e-02
38.93096 8.72797363e-02
39.06573 8.59012856e-02
39.20096 8.40988685e-02
39.33665 8.22336285e-02
39.47282 8.08871197e-02
39.60946 8.01090229e-02
39.74657 7.93818445e-02
39.88416 7.83751453e-02
40.02222 7.70545672e-02
40.16076 7.55620805e-02
40.29978 7.41901125e-02
40.43928 7.31396848e-02
40.57926 7.23802109e-02
40.71973 7.17818019e-02
40.86069 7.12372579e-02
41.00213 7.06676083e-02
41.14406 6.99447320e-02
41.28648 6.92841483e-02
41.42940 6.89494069e-02
41.57281 6.88494560e-02
41.71672 6.87646509e-02
41.86113 6.85212563e-02
42.00603 6.80751899e-02
42.15144 6.74719483e-02
42.29735 6.68974661e-02
42.44377 6.64344269e-02
42.59069 6.59553579e-02
42.73812 6.54261955e-02
42.88606 6.49070517e-02
43.03451 6.45236315e-02
43.18348 6.42085149e-02
43.33297 6.38095363e-02
43.48297 6.32051749e-02
43.63349 6.24200651e-02
43.78453 6.15977683e-02
43.93609 6.10420269e-02
44.08818 6.07587933e-02
44.24079 6.05054389e-02
44.39394 6.02100061e-02
44.54761 5.98275877e-02
44.70182 5.93329603e-02
44.85655 5.88168162e-02
45.01183 5.83738262e-02
45.16764 5.79667677e-02
45.32399 5.75584069e-02
45.48089 5.71098830e-02
45.63832 5.68123227e-02
45.79630 5.65882346e-02
45.95483 5.63694033e-02
46.11391 5.60987991e-02
46.27353 5.56984591e-02
46.43371 5.51792270e-02
46.59445 5.46423797e-02
46.75574 5.41648370e-02
46.91759 5.38536513e-02
47.08000 5.37418076e-02
47.24297 5.36600199e-02
47.40650 5.35532327e-02
47.57060 5.33686064e-02
47.73527 5.29585011e-02
47.90051 5.24259382e-02
48.06633 5.19118156e-02
48.23271 5.15693835e-02
48.39967 5.18098963e-02
48.56721 5.22559922e-02
48.73533 5.26323817e-02
48.90403 5.25432215e-02
49.07332 5.16322123e-02
49.24319 5.07256291e-02
49.41365 5.00435877e-02
49.58470 5.01002757e-02
49.75634 5.04631754e-02
49.92858 5.08104047e-02
50.10141 5.10117917e-02
50.27484 5.08331647e-02
50.44887 5.06027413e-02
50.62350 5.03478310e-02
50.79874 5.01253931e-02
50.97458 4.97100781e-02
51.15104 4.91934037e-02
51.32810 4.85921658e-02
51.50578 4.83195579e-02
51.68407 4.82730005e-02
51.86298 4.84258854e-02
52.04250 4.85477890e-02
52.22265 4.85230429e-02
52.40343 4.83803476e-02
52.58482 4.81042508e-02
52.76685 4.77039874e-02
52.94951 4.72282540e-02
53.13280 4.66819597e-02
53.31672 4.63366398e-02
53.50128 4.61667055e-02
53.68648 4.63138208e-02
53.87232 4.64351881e-02
54.05880 4.64584137e-02
54.24593 4.62020596e-02
54.43371 4.59182603e-02
54.62214 4.56498720e-02
54.81122 4.54753409e-02
55.00095 4.52697755e-02
55.19134 4.50414148e-02
55.38239 4.47606387e-02
55.57410 4.44174522e-02
55.76647 4.40366839e-02
55.95951 4.36821941e-02
56.15322 4.35110929e-02
56.34760 4.35302934e-02
56.54265 4.38702680e-02
56.73838 4.42033710e-02
56.93479 4.44693312e-02
57.13187 4.43885572e-02
57.32964 4.41623180e-02
57.52809 4.37478576e-02
57.72723 4.34061798e-02
57.92705 4.31205122e-02
58.12757 4.28931769e-02
58.32879 4.26858730e-02
58.53070 4.25113419e-02
58.73331 4.24331138e-02
58.93662 4.23898391e-02
59.14063 4.22550114e-02
59.34535 4.20377714e-02
59.55078 4.17033542e-02
59.75692 4.13907600e-02
59.96377 4.10993346e-02
60.17134 4.09437035e-02
60.37963 4.08563230e-02
60.58864 4.08676736e-02
60.79837 4.09408334e-02
61.00883 4.10337242e-02
61.22002 4.10486048e-02
61.43194 4.10450511e-02
61.64459 4.10051592e-02
61.85797 4.10021595e-02
62.07210 4.10234933e-02
62.28697 4.10766217e-02
62.50258 4.11366630e-02
62.71894 4.12167357e-02
62.93605 4.13430652e-02
63.15390 4.15442047e-02
63.37252 4.18391896e-02
63.59189 4.21885287e-02
63.81201 4.26380486e-02
64.03290 4.31039166e-02
64.25456 4.36225182e-02
64.47698 4.41250722e-02
64.70017 4.45986133e-02
64.92414 4.51269035e-02
65.14888 4.57146338e-02
65.37440 4.64421599e-02
65.60070 4.72338055e-02
65.82778 4.79635770e-02
66.05565 4.86705235e-02
66.28430 4.92621553e-02
66.51375 4.98542821e-02
66.74400 5.04978341e-02
66.97504 5.11825922e-02
67.20688 5.19791705e-02
67.43952 5.28090226e-02
67.67297 5.36889857e-02
67.90722 5.45530367e-02
68.14229 5.54009990e-02
68.37817 5.61375714e-02
68.61486 5.68052448e-02
68.85238 5.72819742e-02
69.09072 5.76809293e-02
69.32988 5.78486064e-02
69.56987 5.79544801e-02
69.81069 5.77161950e-02
70.05235 5.74199077e-02
70.29484 5.66177896e-02
70.53817 5.57630854e-02
70.78235 5.45735573e-02
71.02737 5.33724901e-02
71.27323 5.21962691e-02
71.51995 5.10359779e-02
71.76752 4.99301587e-02
72.01595 4.88335037e-02
72.26524 4.76653330e-02
72.51539 4.65053247e-02
72.76641 4.53414974e-02
73.01830 4.41921795e-02
73.27106 4.31154027e-02
73.52469 4.20561114e-02
73.77920 4.10850256e-02
74.03460 4.01336471e-02
74.29087 3.93111146e-02
74.54804 3.85201762e-02
74.80609 3.78334556e-02
75.06504 3.71831616e-02
75.32488 3.65626290e-02
75.58563 3.59595111e-02
75.84727 3.53950241e-02
76.10982 3.48608995e-02
76.37328 3.43819424e-02
76.63766 3.39689789e-02
76.90295 3.35584669e-02
77.16915 3.31500943e-02
77.43628 3.27289154e-02
77.70433 3.22274340e-02
77.97331 3.17295299e-02
78.24322 3.12116709e-02
78.51407 3.06976485e-02
78.78585 3.02758979e-02
79.05857 2.98789230e-02
79.33224 2.95854704e-02
79.60686 2.93583826e-02
79.88242 2.91376183e-02
80.15894 2.89262421e-02
80.43642 2.86937383e-02
80.71486 2.83495382e-02
80.99426 2.80063871e-02
81.27463 2.76097304e-02
81.55596 2.72094139e-02
81.83828 2.68268953e-02
82.12157 2.64559630e-02
82.40584 2.60845593e-02
82.69109 2.57093425e-02
82.97733 2.53374614e-02
83.26457 2.49654624e-02
83.55279 2.45972882e-02
83.84202 2.43155928e-02
84.13225 2.40695520e-02
84.42348 2.38954983e-02
84.71572 2.38404015e-02
85.00897 2.37934552e-02
85.30323 2.38719132e-02
85.59852 2.39551978e-02
85.89482 2.40123336e-02
86.19215 2.40532569e-02
86.49052 2.40406688e-02
86.78991 2.38503141e-02
87.09034 2.36617982e-02
87.39181 2.33924964e-02
87.69432 2.31059802e-02
87.99789 2.28553957e-02
88.30250 2.26649644e-02
88.60816 2.24763954e-02
88.91489 2.23132856e-02
89.22267 2.21545428e-02
89.53153 2.19965602e-02
89.84145 2.18392848e-02
90.15244 2.16832411e-02
90.46451 2.15810802e-02
90.77766 2.14844590e-02
91.09190 2.13789683e-02
91.40722 2.12592394e-02
91.72363 2.11397638e-02
92.04114 2.09219875e-02
92.35975 2.06863131e-02
92.67946 2.04535736e-02
93.00028 2.02248062e-02
93.32221 1.99985729e-02
93.64525 1.98960760e-02
93.96941 1.98552411e-02
94.29469 1.98336479e-02
94.62110 1.99957205e-02
94.94864 2.01639162e-02
95.27731 2.03436570e-02
95.60712 2.05419264e-02
95.93807 2.07352572e-02
96.27017 2.07337603e-02
96.60342 2.06624038e-02
96.93782 2.05688943e-02
97.27338 2.02616690e-02
97.61010 1.99466880e-02
97.94798 1.96362979e-02
98.28704 1.93321194e-02
98.62727 1.90283947e-02
98.96867 1.87929619e-02
99.31126 1.86001261e-02
99.65504 1.83830982e-02
100.00000 1.82071881e-02
