        1000  0.100000 2.210000
2.20000 2.91459397e-02
2.20842 2.90318948e-02
2.21687 2.89183156e-02
2.22536 2.84112767e-02
2.23388 2.83512384e-02
2.24243 2.81776827e-02
2.25101 2.81297552e-02
2.25963 2.80679459e-02
2.26828 2.78046907e-02
2.27696 2.78187993e-02
2.28568 2.77837988e-02
2.29443 2.74447612e-02
2.30321 2.74758279e-02
2.31203 2.73965214e-02
2.32088 2.71748289e-02
2.32976 2.71897832e-02
2.33868 2.70298146e-02
2.34763 2.70213960e-02
2.35662 2.68740774e-02
2.36564 2.68930392e-02
2.37469 2.68386879e-02
2.38378 2.67560987e-02
2.39291 2.67282203e-02
2.40207 2.66368795e-02
2.41126 2.65051164e-02
2.42049 2.63917316e-02
2.42976 2.62881504e-02
2.43906 2.62403378e-02
2.44839 2.60792965e-02
2.45777 2.61697769e-02
2.46717 2.60938943e-02
2.47662 2.59652723e-02
2.48610 2.59248028e-02
2.49561 2.58894192e-02
2.50517 2.57472190e-02
2.51476 2.56509131e-02
2.52438 2.56046416e-02
2.53405 2.53791037e-02
2.54375 2.54499416e-02
2.55348 2.54766855e-02
2.56326 2.53786529e-02
2.57307 2.53186528e-02
2.58292 2.52512066e-02
2.59280 2.51366962e-02
2.60273 2.50524186e-02
2.61269 2.49926277e-02
2.62269 2.49937416e-02
2.63273 2.48355645e-02
2.64281 2.48083904e-02
2.65293 2.47903744e-02
2.66308 2.46660487e-02
2.67328 2.46433977e-02
2.68351 2.46523054e-02
2.69378 2.44811483e-02
2.70409 2.43164326e-02
2.71444 2.43286553e-02
2.72483 2.41868617e-02
2.73526 2.41287152e-02
2.74573 2.40581661e-02
2.75624 2.40194528e-02
2.76679 2.39607434e-02
2.77739 2.38631351e-02
2.78802 2.38217786e-02
2.79869 2.36727450e-02
2.80940 2.37482799e-02
2.82016 2.36461160e-02
2.83095 2.36141977e-02
2.84179 2.34268103e-02
2.85267 2.34587021e-02
2.86359 2.33323785e-02
2.87455 2.32241386e-02
2.88555 2.31993984e-02
2.89660 2.31321525e-02
2.90768 2.30986725e-02
2.91881 2.30436022e-02
2.92998 2.29905210e-02
2.94120 2.29452278e-02
2.95246 2.28923999e-02
2.96376 2.28766117e-02
2.97511 2.27743270e-02
2.98649 2.27213165e-02
2.99793 2.26391103e-02
3.00940 2.26046196e-02
3.02092 2.25541845e-02
3.03248 2.25558169e-02
3.04409 2.24602094e-02
3.05574 2.24427916e-02
3.06744 2.24072696e-02
3.07918 2.24229488e-02
3.09097 2.23674955e-02
3.10280 2.23379286e-02
3.11468 2.23884787e-02
3.12660 2.23535341e-02
3.13857 2.23465623e-02
3.15058 2.22748110e-02
3.16264 2.22753060e-02
3.17475 2.22643061e-02
3.18690 2.22613123e-02
3.19910 2.22592379e-02
3.21135 2.21910549e-02
3.22364 2.21490620e-02
3.23598 2.21405756e-02
3.24837 2.21304391e-02
3.26080 2.21514989e-02
3.27328 2.20538081e-02
3.28581 2.20181711e-02
3.29839 2.20082526e-02
3.31101 2.19834976e-02
3.32369 2.19746547e-02
3.33641 2.19420056e-02
3.34918 2.19163431e-02
3.36200 2.19217473e-02
3.37487 2.19443335e-02
3.38779 2.19385020e-02
3.40076 2.19458864e-02
3.41377 2.20344219e-02
3.42684 2.20869139e-02
3.43996 2.18050092e-02
3.45313 2.16970227e-02
3.46635 2.16964511e-02
3.47961 2.16001599e-02
3.49293 2.16468911e-02
3.50630 2.17211618e-02
3.51973 2.15257831e-02
3.53320 2.15040043e-02
3.54672 2.14387002e-02
3.56030 2.14134208e-02
3.57393 2.13665658e-02
3.58761 2.13475569e-02
3.60134 2.13207098e-02
3.61513 2.13025524e-02
3.62896 2.12671659e-02
3.64285 2.12404249e-02
3.65680 2.11812087e-02
3.67080 2.11713786e-02
3.68485 2.11306852e-02
3.69895 2.11555668e-02
3.71311 2.11077689e-02
3.72733 2.10587747e-02
3.74159 2.10854980e-02
3.75591 2.10601095e-02
3.77029 2.10430984e-02
3.78472 2.10322901e-02
3.79921 2.09819139e-02
3.81376 2.09346876e-02
3.82835 2.09028843e-02
3.84301 2.08985851e-02
3.85772 2.08606202e-02
3.87249 2.08231268e-02
3.88731 2.08431494e-02
3.90219 2.07798020e-02
3.91712 2.07721613e-02
3.93212 2.07453378e-02
3.94717 2.07577727e-02
3.96228 2.07175212e-02
3.97745 2.06865812e-02
3.99267 2.06816132e-02
4.00795 2.06871087e-02
4.02330 2.07240216e-02
4.03870 2.06501045e-02
4.05416 2.06483777e-02
4.06968 2.06297725e-02
4.08525 2.05961746e-02
4.10089 2.05791104e-02
4.11659 2.05832564e-02
4.13235 2.05857758e-02
4.14816 2.05790397e-02
4.16404 2.05660243e-02
4.17998 2.05742042e-02
4.19598 2.05637848e-02
4.21204 2.05163376e-02
4.22817 2.05485594e-02
4.24435 2.04972255e-02
4.26060 2.04981301e-02
4.27691 2.05164879e-02
4.29328 2.05007438e-02
4.30971 2.05256373e-02
4.32621 2.05272992e-02
4.34277 2.05160429e-02
4.35939 2.05349222e-02
4.37608 2.05448053e-02
4.39283 2.05572609e-02
4.40965 2.04935864e-02
4.42653 2.05451236e-02
4.44347 2.04778865e-02
4.46048 2.04859073e-02
4.47755 2.04692115e-02
4.49469 2.04815699e-02
4.51190 2.04263022e-02
4.52917 2.04239802e-02
4.54650 2.04688019e-02
4.56391 2.04730127e-02
4.58138 2.04504442e-02
4.59891 2.04668336e-02
4.61652 2.04883590e-02
4.63419 2.04868090e-02
4.65193 2.05100523e-02
4.66974 2.05035402e-02
4.68761 2.04948770e-02
4.70555 2.04963356e-02
4.72357 2.05218154e-02
4.74165 2.05256461e-02
4.75980 2.05750145e-02
4.77802 2.05901575e-02
4.79631 2.06258033e-02
4.81467 2.06777265e-02
4.83310 2.07543516e-02
4.85160 2.08842996e-02
4.87017 2.09309336e-02
4.88881 2.11166207e-02
4.90752 2.12923305e-02
4.92631 2.14955061e-02
4.94517 2.16876877e-02
4.96410 2.17481798e-02
4.98310 2.16908259e-02
5.00217 2.16725035e-02
5.02132 2.16443952e-02
5.04054 2.15846840e-02
5.05983 2.14481767e-02
5.07920 2.13944678e-02
5.09864 2.13462397e-02
5.11816 2.13045945e-02
5.13775 2.13302452e-02
5.15742 2.14091569e-02
5.17716 2.14891147e-02
5.19698 2.16489007e-02
5.21687 2.19140152e-02
5.23684 2.22817533e-02
5.25689 2.26685417e-02
5.27701 2.29823911e-02
5.29721 2.32061639e-02
5.31749 2.32252053e-02
5.33784 2.30182108e-02
5.35827 2.25690003e-02
5.37878 2.20020793e-02
5.39937 2.15951889e-02
5.42004 2.14186393e-02
5.44079 2.13907491e-02
5.46161 2.14025829e-02
5.48252 2.14668733e-02
5.50351 2.15238147e-02
5.52457 2.16188064e-02
5.54572 2.16651339e-02
5.56695 2.17620497e-02
5.58826 2.18205146e-02
5.60965 2.18969481e-02
5.63112 2.19386140e-02
5.65268 2.19768146e-02
5.67431 2.20233543e-02
5.69603 2.20691219e-02
5.71784 2.21206650e-02
5.73972 2.21259307e-02
5.76169 2.21485670e-02
5.78375 2.21339898e-02
5.80589 2.21488911e-02
5.82811 2.21611816e-02
5.85042 2.22173775e-02
5.87282 2.23269169e-02
5.89530 2.25261970e-02
5.91786 2.26610777e-02
5.94052 2.29235285e-02
5.96326 2.32284113e-02
5.98608 2.34328510e-02
6.00900 2.35880961e-02
6.03200 2.36792483e-02
6.05509 2.37635672e-02
6.07827 2.38689695e-02
6.10153 2.40337706e-02
6.12489 2.41601974e-02
6.14833 2.42538483e-02
6.17187 2.42993360e-02
6.19549 2.43104950e-02
6.21921 2.42789598e-02
6.24301 2.42311826e-02
6.26691 2.41898556e-02
6.29090 2.41376436e-02
6.31498 2.40869727e-02
6.33915 2.41185285e-02
6.36342 2.42071319e-02
6.38778 2.43725666e-02
6.41223 2.45202417e-02
6.43677 2.47052423e-02
6.46141 2.48976419e-02
6.48614 2.50818705e-02
6.51097 2.53222772e-02
6.53590 2.55454254e-02
6.56091 2.57712019e-02
6.58603 2.59734729e-02
6.61124 2.61686424e-02
6.63654 2.63046105e-02
6.66195 2.64867734e-02
6.68745 2.66721541e-02
6.71305 2.69189816e-02
6.73874 2.71281065e-02
6.76454 2.73243074e-02
6.79043 2.75577040e-02
6.81643 2.78137605e-02
6.84252 2.80625358e-02
6.86871 2.82774450e-02
6.89500 2.85115665e-02
6.92140 2.87686131e-02
6.94789 2.90496957e-02
6.97448 2.92683383e-02
7.00118 2.94436061e-02
7.02798 2.96334775e-02
7.05488 2.99467081e-02
7.08189 3.02591727e-02
7.10900 3.05246673e-02
7.13621 3.08528671e-02
7.16352 3.12308949e-02
7.19095 3.16393029e-02
7.21847 3.20153565e-02
7.24610 3.24597728e-02
7.27384 3.28815881e-02
7.30168 3.33727975e-02
7.32963 3.39040815e-02
7.35769 3.45036692e-02
7.38585 3.51102995e-02
7.41413 3.57314863e-02
7.44250 3.63814031e-02
7.47099 3.70887504e-02
7.49959 3.76772587e-02
7.52830 3.83688413e-02
7.55712 3.90860011e-02
7.58604 3.99091524e-02
7.61508 4.07576451e-02
7.64423 4.16741763e-02
7.67349 4.26772805e-02
7.70287 4.38273645e-02
7.73235 4.50230924e-02
7.76195 4.64503104e-02
7.79166 4.80059736e-02
7.82149 4.97412656e-02
7.85142 5.17930001e-02
7.88148 5.41297657e-02
7.91165 5.66938961e-02
7.94193 5.94675051e-02
7.97233 6.22277656e-02
8.00285 6.49495721e-02
8.03348 6.75161483e-02
8.06423 7.01674705e-02
8.09510 7.30862617e-02
8.12609 7.64595763e-02
8.15719 8.05732703e-02
8.18842 8.54902845e-02
8.21976 9.11538663e-02
8.25123 9.74607348e-02
8.28281 1.04310998e-01
8.31452 1.10979423e-01
8.34634 1.13393627e-01
8.37829 1.07863647e-01
8.41036 1.05784214e-01
8.44256 1.11384088e-01
8.47487 1.20251964e-01
8.50731 1.29853500e-01
8.53988 1.39361421e-01
8.57257 1.48464824e-01
8.60538 1.56786888e-01
8.63832 1.64678150e-01
8.67139 1.71889969e-01
8.70458 1.78600914e-01
8.73790 1.84600239e-01
8.77135 1.89833166e-01
8.80492 1.94820222e-01
8.83863 1.99755417e-01
8.87246 2.05089650e-01
8.90642 2.11397697e-01
8.94051 2.18570120e-01
8.97474 2.26409461e-01
9.00909 2.34399318e-01
9.04358 2.39255808e-01
9.07819 2.37608887e-01
9.11294 2.27208627e-01
9.14783 2.07372256e-01
9.18284 1.83337710e-01
9.21799 1.59888167e-01
9.25328 1.41346650e-01
9.28870 1.27357409e-01
9.32425 1.15695946e-01
9.35995 1.05510616e-01
9.39577 9.69730615e-02
9.43174 8.96786176e-02
9.46784 8.34107040e-02
9.50408 7.83022153e-02
9.54046 7.36288020e-02
9.57698 6.92875075e-02
9.61364 6.53596008e-02
9.65044 6.15710125e-02
9.68738 5.78117141e-02
9.72447 5.43023815e-02
9.76169 5.09202269e-02
9.79905 4.77736289e-02
9.83656 4.48158828e-02
9.87422 4.21101651e-02
9.91201 3.95780060e-02
9.94995 3.71777103e-02
9.98804 3.50072545e-02
10.02627 3.29567281e-02
10.06465 3.11660977e-02
10.10318 2.95404512e-02
10.14185 2.78847339e-02
10.18067 2.63360249e-02
10.21964 2.50031945e-02
10.25876 2.37188397e-02
10.29803 2.26044546e-02
10.33745 2.15199546e-02
10.37702 2.05193992e-02
10.41674 1.96866977e-02
10.45662 1.88881333e-02
10.49664 1.80937297e-02
10.53682 1.73149404e-02
10.57716 1.65435208e-02
10.61764 1.59076271e-02
10.65829 1.52570267e-02
10.69908 1.46575038e-02
10.74004 1.41351482e-02
10.78115 1.36427602e-02
10.82242 1.32059375e-02
10.86385 1.27218679e-02
10.90543 1.23910251e-02
10.94717 1.19927595e-02
10.98908 1.16296182e-02
11.03114 1.13151971e-02
11.07337 1.09913348e-02
11.11576 1.07028385e-02
11.15830 1.04460777e-02
11.20102 1.02097344e-02
11.24389 1.00668093e-02
11.28693 9.83929423e-03
11.33014 9.74249033e-03
11.37351 9.66977249e-03
11.41704 9.55577775e-03
11.46075 9.50683951e-03
11.50462 9.44880491e-03
11.54865 9.47852793e-03
11.59286 9.51684344e-03
11.63724 9.55958189e-03
11.68178 9.62842487e-03
11.72650 9.72593007e-03
11.77138 9.84992580e-03
11.81644 9.98119980e-03
11.86167 1.01427037e-02
11.90708 1.04351898e-02
11.95266 1.07283389e-02
11.99841 1.11154543e-02
12.04434 1.16839193e-02
12.09044 1.23731123e-02
12.13672 1.33141745e-02
12.18318 1.45783446e-02
12.22982 1.64250265e-02
12.27663 1.90800556e-02
12.32362 2.32407961e-02
12.37079 2.94871755e-02
12.41815 3.80682224e-02
12.46568 4.70730884e-02
12.51340 5.40169084e-02
12.56130 5.68277632e-02
12.60938 5.53305029e-02
12.65765 5.00262672e-02
12.70610 4.26491399e-02
12.75474 3.56703724e-02
12.80356 2.96729628e-02
12.85257 2.47236973e-02
12.90177 2.04460831e-02
12.95115 1.73346477e-02
13.00073 1.52671220e-02
13.05049 1.39292558e-02
13.10045 1.29497808e-02
13.15059 1.23187728e-02
13.20093 1.17056333e-02
13.25146 1.12169699e-02
13.30219 1.07478576e-02
13.35311 1.03792267e-02
13.40422 1.00691018e-02
13.45553 9.72150123e-03
13.50704 9.46952587e-03
13.55874 9.25566859e-03
13.61064 9.08328269e-03
13.66274 8.85084668e-03
13.71504 8.67806299e-03
13.76754 8.52563192e-03
13.82024 8.41643435e-03
13.87314 8.30732517e-03
13.92624 8.18198576e-03
13.97955 8.08763055e-03
14.03306 8.01571125e-03
14.08678 7.98744683e-03
14.14070 7.97381555e-03
14.19483 7.97262804e-03
14.24916 7.91639385e-03
14.30371 7.92963617e-03
14.35846 7.89262015e-03
14.41342 7.88634375e-03
14.46859 7.87416517e-03
14.52398 7.91477024e-03
14.57957 7.90748903e-03
14.63538 7.95595875e-03
14.69140 8.03782304e-03
14.74764 8.09097207e-03
14.80409 8.09951740e-03
14.86076 8.17181092e-03
14.91764 8.31489811e-03
14.97474 8.34220781e-03
15.03207 8.43342483e-03
15.08961 8.62757480e-03
15.14737 8.82164227e-03
15.20535 9.00362545e-03
15.26355 9.23923503e-03
15.32198 9.52891299e-03
15.38063 9.89180972e-03
15.43950 1.03812776e-02
15.49860 1.09088340e-02
15.55793 1.16811230e-02
15.61748 1.25738598e-02
15.67726 1.37372569e-02
15.73727 1.52988311e-02
15.79751 1.74340388e-02
15.85798 2.03465005e-02
15.91869 2.43777026e-02
15.97962 2.91785062e-02
16.04079 3.29533395e-02
16.10219 3.38691635e-02
16.16383 3.09671093e-02
16.22570 2.55596931e-02
16.28781 2.05638938e-02
16.35015 1.68893799e-02
16.41274 1.44244490e-02
16.47557 1.29845485e-02
16.53863 1.20104159e-02
16.60194 1.13265506e-02
16.66549 1.09714831e-02
16.72928 1.06970984e-02
16.79332 1.06193123e-02
16.85760 1.05469952e-02
16.92213 1.06460975e-02
16.98690 1.06679853e-02
17.05193 1.07915213e-02
17.11720 1.09941017e-02
17.18272 1.13180317e-02
17.24849 1.16895180e-02
17.31452 1.17419805e-02
17.38080 1.22586814e-02
17.44733 1.26058282e-02
17.51411 1.30567920e-02
17.58115 1.36725304e-02
17.64845 1.39961923e-02
17.71601 1.47144069e-02
17.78382 1.52657489e-02
17.85189 1.64223420e-02
17.92023 1.71043304e-02
17.98882 1.82596064e-02
18.05768 1.92672279e-02
18.12680 2.06798628e-02
18.19619 2.20530242e-02
18.26584 2.45092006e-02
18.33576 2.71782735e-02
18.40595 3.03130377e-02
18.47640 3.40469359e-02
18.54713 3.77643032e-02
18.61812 4.12753744e-02
18.68939 4.47289856e-02
18.76093 4.86861821e-02
18.83274 5.26644179e-02
18.90483 5.52597829e-02
18.97720 5.66818443e-02
19.04984 5.91679469e-02
19.12276 6.42006768e-02
19.19596 7.35421700e-02
19.26944 8.39112543e-02
19.34320 9.22595145e-02
19.41724 1.04898033e-01
19.49157 1.13721031e-01
19.56618 1.20078435e-01
19.64107 1.24940228e-01
19.71626 1.28763145e-01
19.79173 1.32950624e-01
19.86749 1.36520864e-01
19.94354 1.38148986e-01
20.01988 1.39602193e-01
20.09651 1.40807380e-01
20.17344 1.42632192e-01
20.25066 1.44392855e-01
20.32817 1.42502008e-01
20.40599 1.37298047e-01
20.48410 1.29577133e-01
20.56251 1.22525229e-01
20.64122 1.15579965e-01
20.72023 1.09864404e-01
20.79954 1.03905389e-01
20.87916 9.81885615e-02
20.95908 9.27439465e-02
21.03931 8.76142713e-02
21.11984 8.19464169e-02
21.20069 7.54880013e-02
21.28184 6.90339468e-02
21.36330 6.31114709e-02
21.44508 5.79864515e-02
21.52717 5.35330068e-02
21.60957 4.95694160e-02
21.69229 4.61629220e-02
21.77532 4.30894603e-02
21.85868 4.04399649e-02
21.94235 3.80674857e-02
22.02634 3.63027271e-02
22.11065 3.52012336e-02
22.19529 3.43919316e-02
22.28025 3.37238928e-02
22.36553 3.30632796e-02
22.45115 3.17052788e-02
22.53709 2.95360017e-02
22.62335 2.75688454e-02
22.70995 2.59882327e-02
22.79688 2.45212436e-02
22.88414 2.32715888e-02
22.97174 2.22530322e-02
23.05967 2.12095350e-02
23.14794 2.00618525e-02
23.23655 1.92713739e-02
23.32550 1.84016711e-02
23.41478 1.77854671e-02
23.50441 1.77949701e-02
23.59438 1.68100468e-02
23.68470 1.63324599e-02
23.77536 1.77037914e-02
23.86637 1.61070428e-02
23.95772 1.55863668e-02
24.04943 1.56966163e-02
24.14149 1.43928843e-02
24.23390 1.42295123e-02
24.32666 1.40490584e-02
24.41978 1.36906848e-02
24.51325 1.36184384e-02
24.60709 1.30501767e-02
24.70128 1.26356721e-02
24.79583 1.24836182e-02
24.89074 1.29438521e-02
24.98602 1.29585737e-02
25.08167 1.31310215e-02
25.17767 1.34311660e-02
25.27405 1.38996270e-02
25.37080 1.45361660e-02
25.46791 1.53412336e-02
25.56540 1.62632780e-02
25.66326 1.72389253e-02
25.76149 1.81300562e-02
25.86010 1.87593640e-02
25.95909 1.88979163e-02
26.05846 1.85852720e-02
26.15821 1.77960427e-02
26.25834 1.67740238e-02
26.35885 1.56605079e-02
26.45975 1.45692806e-02
26.56103 1.35463747e-02
26.66270 1.26290509e-02
26.76476 1.18523390e-02
26.86721 1.11615461e-02
26.97006 1.05520929e-02
27.07329 9.99597733e-03
27.17693 9.51439771e-03
27.28096 9.09232896e-03
27.38538 8.70861697e-03
27.49021 8.35797248e-03
27.59544 8.03274593e-03
27.70107 7.72596257e-03
27.80710 7.44371021e-03
27.91354 7.20071629e-03
28.02039 6.98212372e-03
28.12765 6.76864656e-03
28.23532 6.55822509e-03
28.34340 6.37595019e-03
28.45189 6.22330696e-03
28.56080 6.08270087e-03
28.67013 5.94841537e-03
28.77987 5.82596075e-03
28.89004 5.72094449e-03
29.00062 5.63711183e-03
29.11163 5.55535951e-03
29.22307 5.47784744e-03
29.33493 5.41406979e-03
29.44722 5.36429175e-03
29.55994 5.34037365e-03
29.67309 5.33739752e-03
29.78667 5.35845440e-03
29.90069 5.42167808e-03
30.01515 5.53366615e-03
30.13004 5.68700479e-03
30.24537 5.87486068e-03
30.36115 6.10068732e-03
30.47737 6.34037508e-03
30.59403 6.54969449e-03
30.71114 6.64359887e-03
30.82869 6.60553383e-03
30.94670 6.49333360e-03
31.06516 6.35242989e-03
31.18407 6.21064513e-03
31.30344 6.09818265e-03
31.42327 6.02642837e-03
31.54355 5.99531452e-03
31.66429 5.98682223e-03
31.78550 6.00127563e-03
31.90717 6.05684681e-03
32.02930 6.17829073e-03
32.15191 6.36813563e-03
32.27498 6.65283667e-03
32.39852 7.06866732e-03
32.52254 7.66818728e-03
32.64703 8.53590400e-03
32.77200 9.74467676e-03
32.89744 1.13313566e-02
33.02337 1.32611816e-02
33.14978 1.52471465e-02
33.27667 1.66602854e-02
33.40405 1.69947703e-02
33.53191 1.61341374e-02
33.66027 1.44363624e-02
33.78912 1.24828491e-02
33.91845 1.07836567e-02
34.04829 9.49521491e-03
34.17862 8.56319603e-03
34.30945 7.88649403e-03
34.44078 7.40592805e-03
34.57262 7.10276909e-03
34.70495 6.95292225e-03
34.83780 6.89976439e-03
34.97115 6.90350665e-03
35.10502 6.92265409e-03
35.23939 6.90358032e-03
35.37428 6.81112865e-03
35.50969 6.65443671e-03
35.64562 6.46963356e-03
35.78206 6.27446109e-03
35.91903 6.08011959e-03
36.05652 5.92014505e-03
36.19454 5.80327436e-03
36.33309 5.70488516e-03
36.47217 5.60387343e-03
36.61178 5.49068017e-03
36.75192 5.37068307e-03
36.89260 5.25301383e-03
37.03382 5.13363552e-03
37.17558 5.00477484e-03
37.31788 4.87277891e-03
37.46073 4.74862995e-03
37.60412 4.63764964e-03
37.74806 4.53715357e-03
37.89256 4.43944505e-03
38.03760 4.34808955e-03
38.18321 4.26906289e-03
38.32937 4.20435115e-03
38.47608 4.15733119e-03
38.62336 4.11663183e-03
38.77121 4.06746375e-03
38.91962 4.01272057e-03
39.06860 3.94535093e-03
39.21814 3.85394533e-03
39.36827 3.76570445e-03
39.51896 3.71090824e-03
39.67023 3.67543332e-03
39.82208 3.63267129e-03
39.97452 3.57378511e-03
40.12753 3.50245220e-03
40.28114 3.43265745e-03
40.43532 3.37944065e-03
40.59010 3.34316129e-03
40.74548 3.31524163e-03
40.90144 3.28910764e-03
41.05801 3.25876581e-03
41.21517 3.22495871e-03
41.37294 3.20072532e-03
41.53131 3.19367689e-03
41.69028 3.19260431e-03
41.84987 3.18285968e-03
42.01006 3.16118400e-03
42.17087 3.13171439e-03
42.33229 3.10396268e-03
42.49433 3.08305313e-03
42.65699 3.05835123e-03
42.82028 3.03140101e-03
42.98419 3.01110437e-03
43.14872 2.99516585e-03
43.31389 2.97682285e-03
43.47969 2.94796909e-03
43.64612 2.90830725e-03
43.81319 2.86978637e-03
43.98090 2.84573862e-03
44.14925 2.83331665e-03
44.31825 2.82157919e-03
44.48789 2.80495322e-03
44.65819 2.78140080e-03
44.82913 2.75608069e-03
45.00073 2.73361088e-03
45.17299 2.71361745e-03
45.34590 2.69322092e-03
45.51948 2.67256390e-03
45.69372 2.65891671e-03
45.86863 2.64974109e-03
46.04421 2.63801306e-03
46.22045 2.62024790e-03
46.39738 2.59627058e-03
46.57498 2.56930475e-03
46.75326 2.54509140e-03
46.93223 2.53032536e-03
47.11188 2.52611251e-03
47.29221 2.52309217e-03
47.47324 2.51639352e-03
47.65496 2.50215051e-03
47.83738 2.47907752e-03
48.02049 2.44982861e-03
48.20430 2.43245447e-03
48.38882 2.44161448e-03
48.57405 2.46540499e-03
48.75998 2.48203980e-03
48.94663 2.47095091e-03
49.13399 2.41973696e-03
49.32206 2.37623090e-03
49.51086 2.36492896e-03
49.70038 2.37735358e-03
49.89063 2.39918071e-03
50.08160 2.41049238e-03
50.27330 2.40359246e-03
50.46574 2.39197346e-03
50.65892 2.37958391e-03
50.85283 2.36747340e-03
51.04749 2.34349549e-03
51.24289 2.31396606e-03
51.43904 2.29260361e-03
51.63594 2.28480379e-03
51.83359 2.29369064e-03
52.03200 2.30084072e-03
52.23117 2.30021249e-03
52.43111 2.29217517e-03
52.63180 2.27818027e-03
52.83327 2.25515266e-03
53.03551 2.22881358e-03
53.23852 2.20482595e-03
53.44231 2.19145663e-03
53.64688 2.19825842e-03
53.85223 2.20547510e-03
54.05837 2.20761084e-03
54.26529 2.19459365e-03
54.47301 2.17992514e-03
54.68153 2.16799910e-03
54.89084 2.15910841e-03
55.10095 2.14802247e-03
55.31187 2.13467937e-03
55.52359 2.11873083e-03
55.73613 2.09908393e-03
55.94948 2.08087029e-03
56.16364 2.07256688e-03
56.37863 2.07536886e-03
56.59444 2.09549961e-03
56.81107 2.11189839e-03
57.02854 2.12103630e-03
57.24683 2.11130199e-03
57.46596 2.09246955e-03
57.68593 2.07328498e-03
57.90675 2.05864152e-03
58.12841 2.04683393e-03
58.35091 2.03653209e-03
58.57427 2.02780347e-03
58.79848 2.02573904e-03
59.02355 2.02189128e-03
59.24949 2.01499048e-03
59.47628 1.99836274e-03
59.70395 1.98184137e-03
59.93249 1.96634544e-03
60.16190 1.95805705e-03
60.39219 1.95410469e-03
60.62336 1.95519672e-03
60.85542 1.96034396e-03
61.08836 1.96427128e-03
61.32220 1.96539926e-03
61.55693 1.96422944e-03
61.79256 1.96343059e-03
62.02909 1.96502887e-03
62.26653 1.96797789e-03
62.50488 1.97162380e-03
62.74414 1.97634141e-03
62.98431 1.98461507e-03
63.22540 1.99592467e-03
63.46742 2.01456115e-03
63.71036 2.03578246e-03
63.95424 2.06087892e-03
64.19904 2.08808196e-03
64.44479 2.11550217e-03
64.69147 2.14107393e-03
64.93910 2.16964805e-03
65.18768 2.20122807e-03
65.43721 2.24237650e-03
65.68769 2.28388148e-03
65.93913 2.32211890e-03
66.19153 2.35655247e-03
66.44491 2.38780982e-03
66.69925 2.42181406e-03
66.95456 2.45748493e-03
67.21085 2.50000357e-03
67.46812 2.54457426e-03
67.72638 2.59119406e-03
67.98563 2.63674481e-03
68.24587 2.68055850e-03
68.50710 2.71615011e-03
68.76933 2.74625267e-03
69.03257 2.76702048e-03
69.29682 2.77825583e-03
69.56207 2.78315967e-03
69.82835 2.77000015e-03
70.09564 2.75109286e-03
70.36395 2.70504265e-03
70.63330 2.65335429e-03
70.90367 2.58859009e-03
71.17508 2.52526593e-03
71.44752 2.46316847e-03
71.72101 2.40364875e-03
71.99555 2.34549569e-03
72.27114 2.28360390e-03
72.54778 2.22204804e-03
72.82548 2.16050690e-03
73.10425 2.10070666e-03
73.38408 2.04430805e-03
73.66498 1.99048807e-03
73.94696 1.94003495e-03
74.23002 1.89431270e-03
74.51416 1.85253721e-03
74.79938 1.81570182e-03
75.08570 1.78145330e-03
75.37312 1.74900402e-03
75.66164 1.71730820e-03
75.95126 1.68862535e-03
76.24199 1.66080439e-03
76.53383 1.63858564e-03
76.82679 1.61695475e-03
77.12087 1.59541756e-03
77.41608 1.57363404e-03
77.71241 1.54715116e-03
78.00988 1.52080561e-03
78.30849 1.49344168e-03
78.60824 1.46725377e-03
78.90914 1.44622930e-03
79.21120 1.42675213e-03
79.51440 1.41487824e-03
79.81877 1.40311751e-03
80.12431 1.39202331e-03
80.43101 1.37999266e-03
80.73889 1.36181997e-03
81.04794 1.34348464e-03
81.35818 1.32214841e-03
81.66961 1.30114840e-03
81.98222 1.28141517e-03
82.29604 1.26192326e-03
82.61106 1.24206332e-03
82.92728 1.22239343e-03
83.24471 1.20275331e-03
83.56336 1.18332711e-03
83.88322 1.16890672e-03
84.20432 1.15601800e-03
84.52664 1.14981880e-03
84.85019 1.14703921e-03
85.17498 1.14816189e-03
85.50102 1.15277696e-03
85.82831 1.15647532e-03
86.15684 1.15874072e-03
86.48664 1.15850646e-03
86.81769 1.14839939e-03
87.15002 1.13809755e-03
87.48361 1.12305570e-03
87.81849 1.10792604e-03
88.15464 1.09680856e-03
88.49209 1.08677870e-03
88.83082 1.07767232e-03
89.17085 1.06927167e-03
89.51218 1.06091580e-03
89.85482 1.05259736e-03
90.19877 1.04457094e-03
90.54404 1.03941810e-03
90.89062 1.03431536e-03
91.23854 1.02825083e-03
91.58779 1.02190724e-03
91.93837 1.01264587e-03
92.29029 1.00007126e-03
92.64357 9.87664028e-04
92.99819 9.75503724e-04
93.35417 9.63509317e-04
93.71152 9.59313559e-04
94.07023 9.57186949e-04
94.43032 9.59818028e-04
94.79178 9.68916745e-04
95.15463 9.77815973e-04
95.51887 9.88416901e-04
95.88450 9.98691928e-04
96.25153 1.00013727e-03
96.61996 9.96173117e-04
96.98981 9.89737008e-04
97.36107 9.72651056e-04
97.73375 9.55706839e-04
98.10786 9.39132428e-04
98.48340 9.22675589e-04
98.86038 9.07648473e-04
99.23881 8.96981245e-04
99.61868 8.84704548e-04
100.00000 8.70843428e-04
