        2000  1.000000 2.210000
0.10000 1.63646876e+00
0.10035 1.63583139e+00
0.10069 1.63516279e+00
0.10104 1.63451806e+00
0.10139 1.63389013e+00
0.10174 1.63318794e+00
0.10210 1.63251521e+00
0.10245 1.63185811e+00
0.10280 1.63117566e+00
0.10316 1.63048113e+00
0.10352 1.62979397e+00
0.10387 1.62909384e+00
0.10423 1.62836601e+00
0.10459 1.62770537e+00
0.10496 1.62701261e+00
0.10532 1.62622113e+00
0.10568 1.62551246e+00
0.10605 1.62486596e+00
0.10642 1.62409894e+00
0.10679 1.62329421e+00
0.10716 1.62261530e+00
0.10753 1.62192637e+00
0.10790 1.62114845e+00
0.10827 1.62040235e+00
0.10865 1.61963769e+00
0.10902 1.61886979e+00
0.10940 1.61818381e+00
0.10978 1.61743152e+00
0.11016 1.61660027e+00
0.11054 1.61586537e+00
0.11092 1.61516760e+00
0.11131 1.61436581e+00
0.11169 1.61353750e+00
0.11208 1.61277667e+00
0.11247 1.61205415e+00
0.11286 1.61126474e+00
0.11325 1.61041580e+00
0.11364 1.60965409e+00
0.11403 1.60890593e+00
0.11443 1.60802841e+00
0.11482 1.60719893e+00
0.11522 1.60645077e+00
0.11562 1.60561038e+00
0.11602 1.60476115e+00
0.11642 1.60395995e+00
0.11682 1.60311367e+00
0.11723 1.60225737e+00
0.11763 1.60140549e+00
0.11804 1.60056480e+00
0.11845 1.59974504e+00
0.11886 1.59884012e+00
0.11927 1.59791044e+00
0.11968 1.59712074e+00
0.12010 1.59633398e+00
0.12051 1.59539429e+00
0.12093 1.59441422e+00
0.12135 1.59353700e+00
0.12177 1.59275083e+00
0.12219 1.59190042e+00
0.12262 1.59091565e+00
0.12304 1.58996564e+00
0.12347 1.58912820e+00
0.12389 1.58826925e+00
0.12432 1.58734222e+00
0.12475 1.58640194e+00
0.12518 1.58544339e+00
0.12562 1.58450635e+00
0.12605 1.58362766e+00
0.12649 1.58272303e+00
0.12693 1.58177155e+00
0.12737 1.58083746e+00
0.12781 1.57987419e+00
0.12825 1.57885641e+00
0.12869 1.57789698e+00
0.12914 1.57700325e+00
0.12959 1.57605207e+00
0.13003 1.57503488e+00
0.13048 1.57403802e+00
0.13094 1.57307063e+00
0.13139 1.57210766e+00
0.13184 1.57112289e+00
0.13230 1.57009155e+00
0.13276 1.56904608e+00
0.13322 1.56806366e+00
0.13368 1.56711100e+00
0.13414 1.56611031e+00
0.13461 1.56508075e+00
0.13507 1.56406061e+00
0.13554 1.56300629e+00
0.13601 1.56194225e+00
0.13648 1.56096190e+00
0.13695 1.56000600e+00
0.13743 1.55892663e+00
0.13790 1.55778804e+00
0.13838 1.55677085e+00
0.13886 1.55584236e+00
0.13934 1.55482929e+00
0.13982 1.55370956e+00
0.14031 1.55259159e+00
0.14079 1.55150280e+00
0.14128 1.55043493e+00
0.14177 1.54942039e+00
0.14226 1.54843179e+00
0.14275 1.54737187e+00
0.14324 1.54622709e+00
0.14374 1.54508879e+00
0.14424 1.54401149e+00
0.14474 1.54294981e+00
0.14524 1.54186573e+00
0.14574 1.54076485e+00
0.14625 1.53966781e+00
0.14675 1.53858344e+00
0.14726 1.53751704e+00
0.14777 1.53642176e+00
0.14828 1.53527050e+00
0.14879 1.53410509e+00
0.14931 1.53300569e+00
0.14983 1.53195491e+00
0.15034 1.53086258e+00
0.15087 1.52970572e+00
0.15139 1.52856359e+00
0.15191 1.52748717e+00
0.15244 1.52642136e+00
0.15297 1.52530517e+00
0.15349 1.52414654e+00
0.15403 1.52298879e+00
0.15456 1.52183399e+00
0.15509 1.52068715e+00
0.15563 1.51958392e+00
0.15617 1.51853520e+00
0.15671 1.51747587e+00
0.15725 1.51633433e+00
0.15780 1.51513268e+00
0.15834 1.51394135e+00
0.15889 1.51279833e+00
0.15944 1.51168567e+00
0.15999 1.51058539e+00
0.16055 1.50949659e+00
0.16110 1.50839307e+00
0.16166 1.50724534e+00
0.16222 1.50605430e+00
0.16278 1.50488094e+00
0.16335 1.50377358e+00
0.16391 1.50268921e+00
0.16448 1.50155562e+00
0.16505 1.50036546e+00
0.16562 1.49920536e+00
0.16619 1.49814220e+00
0.16677 1.49710940e+00
0.16734 1.49599349e+00
0.16792 1.49478065e+00
0.16851 1.49357104e+00
0.16909 1.49246044e+00
0.16967 1.49142145e+00
0.17026 1.49033678e+00
0.17085 1.48915104e+00
0.17144 1.48794114e+00
0.17204 1.48683172e+00
0.17263 1.48584400e+00
0.17323 1.48485303e+00
0.17383 1.48372416e+00
0.17443 1.48247448e+00
0.17503 1.48125073e+00
0.17564 1.48016253e+00
0.17625 1.47917097e+00
0.17686 1.47814789e+00
0.17747 1.47702816e+00
0.17808 1.47586629e+00
0.17870 1.47475392e+00
0.17932 1.47371286e+00
0.17994 1.47267122e+00
0.18056 1.47154765e+00
0.18119 1.47035926e+00
0.18182 1.46921831e+00
0.18244 1.46820702e+00
0.18308 1.46727793e+00
0.18371 1.46629935e+00
0.18435 1.46519435e+00
0.18498 1.46401126e+00
0.18562 1.46286059e+00
0.18627 1.46180745e+00
0.18691 1.46082149e+00
0.18756 1.45981992e+00
0.18821 1.45875441e+00
0.18886 1.45765353e+00
0.18951 1.45658183e+00
0.19017 1.45557436e+00
0.19083 1.45460756e+00
0.19149 1.45362396e+00
0.19215 1.45258792e+00
0.19282 1.45151179e+00
0.19348 1.45043832e+00
0.19415 1.44940110e+00
0.19483 1.44840306e+00
0.19550 1.44742241e+00
0.19618 1.44643999e+00
0.19686 1.44545315e+00
0.19754 1.44446219e+00
0.19822 1.44346150e+00
0.19891 1.44244844e+00
0.19960 1.44142948e+00
0.20029 1.44041524e+00
0.20098 1.43941867e+00
0.20168 1.43844951e+00
0.20237 1.43750570e+00
0.20307 1.43657455e+00
0.20378 1.43564488e+00
0.20448 1.43470548e+00
0.20519 1.43375047e+00
0.20590 1.43278013e+00
0.20661 1.43179741e+00
0.20733 1.43080291e+00
0.20805 1.42979987e+00
0.20877 1.42880684e+00
0.20949 1.42785153e+00
0.21021 1.42695545e+00
0.21094 1.42611005e+00
0.21167 1.42527585e+00
0.21240 1.42440069e+00
0.21314 1.42345629e+00
0.21388 1.42245972e+00
0.21462 1.42145962e+00
0.21536 1.42050608e+00
0.21611 1.41961707e+00
0.21685 1.41876814e+00
0.21760 1.41791302e+00
0.21836 1.41701841e+00
0.21911 1.41608431e+00
0.21987 1.41513343e+00
0.22063 1.41419462e+00
0.22140 1.41329588e+00
0.22216 1.41244960e+00
0.22293 1.41163603e+00
0.22370 1.41080183e+00
0.22448 1.40990250e+00
0.22526 1.40895043e+00
0.22604 1.40801133e+00
0.22682 1.40714265e+00
0.22760 1.40633674e+00
0.22839 1.40553319e+00
0.22918 1.40468189e+00
0.22998 1.40378552e+00
0.23077 1.40287382e+00
0.23157 1.40195947e+00
0.23237 1.40103569e+00
0.23318 1.40011338e+00
0.23398 1.39923439e+00
0.23479 1.39843643e+00
0.23561 1.39770006e+00
0.23642 1.39695397e+00
0.23724 1.39613096e+00
0.23806 1.39522044e+00
0.23889 1.39427279e+00
0.23971 1.39335049e+00
0.24054 1.39247975e+00
0.24137 1.39163906e+00
0.24221 1.39078807e+00
0.24305 1.38991114e+00
0.24389 1.38903951e+00
0.24473 1.38821504e+00
0.24558 1.38743977e+00
0.24643 1.38665831e+00
0.24728 1.38579789e+00
0.24814 1.38484552e+00
0.24900 1.38387784e+00
0.24986 1.38299384e+00
0.25073 1.38222446e+00
0.25159 1.38149752e+00
0.25246 1.38069632e+00
0.25334 1.37977343e+00
0.25422 1.37879189e+00
0.25510 1.37785898e+00
0.25598 1.37702536e+00
0.25687 1.37624774e+00
0.25775 1.37543564e+00
0.25865 1.37454368e+00
0.25954 1.37360811e+00
0.26044 1.37269494e+00
0.26134 1.37183481e+00
0.26225 1.37100002e+00
0.26315 1.37013783e+00
0.26406 1.36922996e+00
0.26498 1.36831148e+00
0.26590 1.36743131e+00
0.26682 1.36660153e+00
0.26774 1.36578324e+00
0.26867 1.36491928e+00
0.26960 1.36398077e+00
0.27053 1.36299304e+00
0.27147 1.36201092e+00
0.27241 1.36107565e+00
0.27335 1.36018575e+00
0.27430 1.35930676e+00
0.27525 1.35840744e+00
0.27620 1.35748808e+00
0.27715 1.35657078e+00
0.27811 1.35567028e+00
0.27908 1.35477774e+00
0.28004 1.35386427e+00
0.28101 1.35290631e+00
0.28198 1.35191122e+00
0.28296 1.35091701e+00
0.28394 1.34995846e+00
0.28492 1.34903675e+00
0.28591 1.34812063e+00
0.28690 1.34716767e+00
0.28789 1.34615284e+00
0.28889 1.34508939e+00
0.28989 1.34402240e+00
0.29089 1.34299844e+00
0.29190 1.34203576e+00
0.29291 1.34112318e+00
0.29392 1.34022916e+00
0.29494 1.33931451e+00
0.29596 1.33834565e+00
0.29699 1.33731107e+00
0.29801 1.33622169e+00
0.29905 1.33509901e+00
0.30008 1.33396926e+00
0.30112 1.33286102e+00
0.30216 1.33179521e+00
0.30321 1.33077537e+00
0.30426 1.32978794e+00
0.30531 1.32881200e+00
0.30637 1.32782016e+00
0.30743 1.32678499e+00
0.30849 1.32568824e+00
0.30956 1.32452902e+00
0.31063 1.32332354e+00
0.31171 1.32210097e+00
0.31279 1.32089903e+00
0.31387 1.31974983e+00
0.31496 1.31866634e+00
0.31605 1.31763707e+00
0.31714 1.31663166e+00
0.31824 1.31561123e+00
0.31934 1.31454100e+00
0.32044 1.31340064e+00
0.32155 1.31218927e+00
0.32267 1.31091867e+00
0.32378 1.30961506e+00
0.32490 1.30831234e+00
0.32603 1.30704350e+00
0.32716 1.30583066e+00
0.32829 1.30467998e+00
0.32943 1.30357822e+00
0.33057 1.30248973e+00
0.33171 1.30136705e+00
0.33286 1.30016923e+00
0.33401 1.29888094e+00
0.33517 1.29751605e+00
0.33633 1.29611284e+00
0.33749 1.29472555e+00
0.33866 1.29340456e+00
0.33983 1.29217639e+00
0.34101 1.29102837e+00
0.34219 1.28991659e+00
0.34337 1.28878183e+00
0.34456 1.28756633e+00
0.34576 1.28623002e+00
0.34695 1.28476877e+00
0.34815 1.28321970e+00
0.34936 1.28164972e+00
0.35057 1.28012747e+00
0.35178 1.27870011e+00
0.35300 1.27738265e+00
0.35422 1.27615654e+00
0.35545 1.27497611e+00
0.35668 1.27378477e+00
0.35791 1.27253656e+00
0.35915 1.27120939e+00
0.36039 1.26980854e+00
0.36164 1.26835171e+00
0.36289 1.26685863e+00
0.36415 1.26534051e+00
0.36541 1.26380058e+00
0.36668 1.26224062e+00
0.36795 1.26067269e+00
0.36922 1.25912186e+00
0.37050 1.25762083e+00
0.37178 1.25619523e+00
0.37307 1.25484537e+00
0.37436 1.25354117e+00
0.37565 1.25222549e+00
0.37695 1.25083407e+00
0.37826 1.24931771e+00
0.37957 1.24766640e+00
0.38088 1.24591726e+00
0.38220 1.24414307e+00
0.38352 1.24242782e+00
0.38485 1.24083308e+00
0.38618 1.23937802e+00
0.38752 1.23803257e+00
0.38886 1.23672867e+00
0.39021 1.23538293e+00
0.39156 1.23392374e+00
0.39291 1.23231309e+00
0.39427 1.23055923e+00
0.39564 1.22871197e+00
0.39701 1.22684614e+00
0.39838 1.22503600e+00
0.39976 1.22333136e+00
0.40115 1.22174752e+00
0.40253 1.22026240e+00
0.40393 1.21883003e+00
0.40533 1.21739235e+00
0.40673 1.21589574e+00
0.40814 1.21430218e+00
0.40955 1.21259518e+00
0.41097 1.21078327e+00
0.41239 1.20889711e+00
0.41382 1.20698030e+00
0.41525 1.20507764e+00
0.41669 1.20322537e+00
0.41813 1.20144528e+00
0.41958 1.19974388e+00
0.42103 1.19811467e+00
0.42249 1.19653908e+00
0.42395 1.19499002e+00
0.42542 1.19343418e+00
0.42689 1.19183738e+00
0.42837 1.19017311e+00
0.42985 1.18842691e+00
0.43134 1.18659968e+00
0.43283 1.18470557e+00
0.43433 1.18276813e+00
0.43583 1.18081567e+00
0.43734 1.17887647e+00
0.43886 1.17697440e+00
0.44037 1.17512418e+00
0.44190 1.17332819e+00
0.44343 1.17157522e+00
0.44496 1.16984494e+00
0.44650 1.16811112e+00
0.44805 1.16634960e+00
0.44960 1.16454270e+00
0.45116 1.16268424e+00
0.45272 1.16078069e+00
0.45429 1.15884886e+00
0.45586 1.15690907e+00
0.45744 1.15498107e+00
0.45902 1.15307693e+00
0.46061 1.15120108e+00
0.46220 1.14934792e+00
0.46380 1.14750685e+00
0.46541 1.14566253e+00
0.46702 1.14379876e+00
0.46864 1.14190317e+00
0.47026 1.13997016e+00
0.47189 1.13800296e+00
0.47352 1.13601249e+00
0.47516 1.13401494e+00
0.47680 1.13202624e+00
0.47845 1.13005875e+00
0.48011 1.12811955e+00
0.48177 1.12620893e+00
0.48344 1.12432129e+00
0.48511 1.12244515e+00
0.48679 1.12056636e+00
0.48848 1.11866959e+00
0.49017 1.11674217e+00
0.49186 1.11477527e+00
0.49357 1.11276653e+00
0.49528 1.11071919e+00
0.49699 1.10864002e+00
0.49871 1.10653904e+00
0.50044 1.10442805e+00
0.50217 1.10232001e+00
0.50391 1.10022611e+00
0.50565 1.09815666e+00
0.50740 1.09611816e+00
0.50916 1.09411325e+00
0.51092 1.09214104e+00
0.51269 1.09019713e+00
0.51446 1.08827354e+00
0.51625 1.08636057e+00
0.51803 1.08444494e+00
0.51983 1.08251310e+00
0.52163 1.08055092e+00
0.52343 1.07854659e+00
0.52524 1.07649336e+00
0.52706 1.07439121e+00
0.52889 1.07224692e+00
0.53072 1.07007287e+00
0.53255 1.06788526e+00
0.53440 1.06570090e+00
0.53625 1.06353421e+00
0.53810 1.06139699e+00
0.53997 1.05929455e+00
0.54183 1.05722805e+00
0.54371 1.05519190e+00
0.54559 1.05317638e+00
0.54748 1.05116853e+00
0.54938 1.04915418e+00
0.55128 1.04712098e+00
0.55319 1.04506009e+00
0.55510 1.04296648e+00
0.55702 1.04084134e+00
0.55895 1.03868998e+00
0.56089 1.03652212e+00
0.56283 1.03434777e+00
0.56478 1.03217903e+00
0.56673 1.03002501e+00
0.56869 1.02789222e+00
0.57066 1.02578388e+00
0.57264 1.02369823e+00
0.57462 1.02163055e+00
0.57661 1.01957171e+00
0.57860 1.01751170e+00
0.58061 1.01544049e+00
0.58262 1.01334953e+00
0.58463 1.01123265e+00
0.58666 1.00908865e+00
0.58869 1.00691843e+00
0.59073 1.00472670e+00
0.59277 1.00251935e+00
0.59482 1.00030375e+00
0.59688 9.98086977e-01
0.59895 9.95876388e-01
0.60102 9.93677291e-01
0.60310 9.91494695e-01
0.60519 9.89331252e-01
0.60728 9.87188436e-01
0.60939 9.85065657e-01
0.61150 9.82960559e-01
0.61361 9.80868720e-01
0.61574 9.78786311e-01
0.61787 9.76707732e-01
0.62001 9.74627975e-01
0.62215 9.72542324e-01
0.62431 9.70445771e-01
0.62647 9.68334484e-01
0.62864 9.66204633e-01
0.63081 9.64052683e-01
0.63300 9.61876864e-01
0.63519 9.59675409e-01
0.63739 9.57448908e-01
0.63959 9.55199423e-01
0.64181 9.52931079e-01
0.64403 9.50649769e-01
0.64626 9.48363451e-01
0.64849 9.46080963e-01
0.65074 9.43811735e-01
0.65299 9.41564901e-01
0.65525 9.39347535e-01
0.65752 9.37165528e-01
0.65980 9.35021828e-01
0.66208 9.32915551e-01
0.66437 9.30843749e-01
0.66667 9.28799647e-01
0.66898 9.26773813e-01
0.67130 9.24755347e-01
0.67362 9.22732460e-01
0.67595 9.20693367e-01
0.67829 9.18627459e-01
0.68064 9.16526780e-01
0.68299 9.14386321e-01
0.68536 9.12204020e-01
0.68773 9.09981939e-01
0.69011 9.07725087e-01
0.69250 9.05441420e-01
0.69490 9.03140957e-01
0.69730 9.00834896e-01
0.69972 8.98534433e-01
0.70214 8.96250177e-01
0.70457 8.93990968e-01
0.70701 8.91762699e-01
0.70946 8.89569200e-01
0.71191 8.87411061e-01
0.71438 8.85285925e-01
0.71685 8.83189077e-01
0.71933 8.81113740e-01
0.72182 8.79051663e-01
0.72432 8.76994889e-01
0.72683 8.74934285e-01
0.72934 8.72862779e-01
0.73187 8.70773887e-01
0.73440 8.68663189e-01
0.73694 8.66528329e-01
0.73949 8.64368717e-01
0.74205 8.62186416e-01
0.74462 8.59984667e-01
0.74720 8.57768773e-01
0.74979 8.55544040e-01
0.75238 8.53316360e-01
0.75499 8.51092216e-01
0.75760 8.48876617e-01
0.76022 8.46673689e-01
0.76285 8.44486673e-01
0.76549 8.42317043e-01
0.76814 8.40165681e-01
0.77080 8.38032000e-01
0.77347 8.35913936e-01
0.77615 8.33809132e-01
0.77884 8.31714936e-01
0.78153 8.29627812e-01
0.78424 8.27544813e-01
0.78695 8.25462404e-01
0.78968 8.23377932e-01
0.79241 8.21288745e-01
0.79515 8.19193665e-01
0.79790 8.17090924e-01
0.80067 8.14980227e-01
0.80344 8.12861868e-01
0.80622 8.10737027e-01
0.80901 8.08606881e-01
0.81181 8.06473200e-01
0.81462 8.04338045e-01
0.81744 8.02203480e-01
0.82027 8.00071272e-01
0.82311 7.97943189e-01
0.82596 7.95820705e-01
0.82882 7.93704704e-01
0.83169 7.91595185e-01
0.83457 7.89492739e-01
0.83745 7.87396480e-01
0.84035 7.85305820e-01
0.84326 7.83219875e-01
0.84618 7.81137171e-01
0.84911 7.79056824e-01
0.85205 7.76977951e-01
0.85500 7.74898783e-01
0.85796 7.72818731e-01
0.86093 7.70737205e-01
0.86391 7.68653912e-01
0.86690 7.66568556e-01
0.86990 7.64481137e-01
0.87291 7.62392540e-01
0.87593 7.60303059e-01
0.87897 7.58213577e-01
0.88201 7.56125569e-01
0.88506 7.54039624e-01
0.88813 7.51956920e-01
0.89120 7.49878636e-01
0.89428 7.47805361e-01
0.89738 7.45738275e-01
0.90049 7.43677671e-01
0.90360 7.41624139e-01
0.90673 7.39577679e-01
0.90987 7.37538585e-01
0.91302 7.35506859e-01
0.91618 7.33481909e-01
0.91935 7.31463443e-01
0.92253 7.29451164e-01
0.92573 7.27444189e-01
0.92893 7.25442224e-01
0.93215 7.23444089e-01
0.93537 7.21449785e-01
0.93861 7.19457839e-01
0.94186 7.17467660e-01
0.94512 7.15479249e-01
0.94839 7.13491428e-01
0.95168 7.11503607e-01
0.95497 7.09516080e-01
0.95828 7.07528553e-01
0.96159 7.05540437e-01
0.96492 7.03552321e-01
0.96826 7.01563911e-01
0.97161 6.99576089e-01
0.97498 6.97588563e-01
0.97835 6.95602215e-01
0.98174 6.93617045e-01
0.98514 6.91633939e-01
0.98855 6.89652600e-01
0.99197 6.87673913e-01
0.99540 6.85698173e-01
0.99885 6.83725380e-01
1.00231 6.81755828e-01
1.00578 6.79789517e-01
1.00926 6.77826743e-01
1.01275 6.75867799e-01
1.01626 6.73912096e-01
1.01978 6.71960224e-01
1.02330 6.70011888e-01
1.02685 6.68067088e-01
1.03040 6.66125824e-01
1.03397 6.64188096e-01
1.03755 6.62253904e-01
1.04114 6.60323248e-01
1.04474 6.58396423e-01
1.04836 6.56473428e-01
1.05199 6.54554264e-01
1.05563 6.52639225e-01
1.05928 6.50728312e-01
1.06295 6.48821229e-01
1.06663 6.46918567e-01
1.07032 6.45020029e-01
1.07403 6.43125617e-01
1.07775 6.41235036e-01
1.08148 6.39348580e-01
1.08522 6.37465365e-01
1.08898 6.35585392e-01
1.09275 6.33708955e-01
1.09653 6.31834875e-01
1.10032 6.29963741e-01
1.10413 6.28094965e-01
1.10796 6.26228547e-01
1.11179 6.24364485e-01
1.11564 6.22502487e-01
1.11950 6.20642551e-01
1.12338 6.18785267e-01
1.12726 6.16930340e-01
1.13117 6.15078360e-01
1.13508 6.13229621e-01
1.13901 6.11383829e-01
1.14295 6.09541868e-01
1.14691 6.07704032e-01
1.15088 6.05870027e-01
1.15487 6.04041031e-01
1.15886 6.02216455e-01
1.16287 6.00396888e-01
1.16690 5.98582625e-01
1.17094 5.96773372e-01
1.17499 5.94969717e-01
1.17906 5.93171367e-01
1.18314 5.91378320e-01
1.18724 5.89590577e-01
1.19135 5.87808433e-01
1.19547 5.86031299e-01
1.19961 5.84259468e-01
1.20376 5.82492647e-01
1.20793 5.80730835e-01
1.21211 5.78973737e-01
1.21630 5.77221649e-01
1.22052 5.75473981e-01
1.22474 5.73731028e-01
1.22898 5.71992200e-01
1.23323 5.70257497e-01
1.23750 5.68526920e-01
1.24179 5.66800468e-01
1.24609 5.65077257e-01
1.25040 5.63357877e-01
1.25473 5.61641739e-01
1.25907 5.59928547e-01
1.26343 5.58218301e-01
1.26780 5.56511003e-01
1.27219 5.54806061e-01
1.27659 5.53103477e-01
1.28101 5.51402956e-01
1.28545 5.49704497e-01
1.28990 5.48008101e-01
1.29436 5.46313473e-01
1.29884 5.44620613e-01
1.30334 5.42929227e-01
1.30785 5.41239608e-01
1.31238 5.39551757e-01
1.31692 5.37865675e-01
1.32148 5.36181360e-01
1.32605 5.34499108e-01
1.33064 5.32818624e-01
1.33525 5.31140203e-01
1.33987 5.29464139e-01
1.34451 5.27790727e-01
1.34916 5.26119672e-01
1.35383 5.24451269e-01
1.35852 5.22785813e-01
1.36322 5.21123304e-01
1.36794 5.19464331e-01
1.37268 5.17808599e-01
1.37743 5.16156697e-01
1.38220 5.14508627e-01
1.38698 5.12864387e-01
1.39178 5.11224567e-01
1.39660 5.09588872e-01
1.40144 5.07957892e-01
1.40629 5.06331332e-01
1.41115 5.04710076e-01
1.41604 5.03093535e-01
1.42094 5.01482297e-01
1.42586 4.99876364e-01
1.43080 4.98276029e-01
1.43575 4.96680999e-01
1.44072 4.95091861e-01
1.44571 4.93508617e-01
1.45071 4.91930972e-01
1.45573 4.90359220e-01
1.46077 4.88793656e-01
1.46583 4.87233985e-01
1.47090 4.85680208e-01
1.47599 4.84132324e-01
1.48110 4.82590333e-01
1.48623 4.81054531e-01
1.49137 4.79524327e-01
1.49654 4.77999721e-01
1.50172 4.76481009e-01
1.50692 4.74967896e-01
1.51213 4.73459792e-01
1.51737 4.71957287e-01
1.52262 4.70459791e-01
1.52789 4.68967599e-01
1.53318 4.67479827e-01
1.53849 4.65997064e-01
1.54381 4.64518427e-01
1.54916 4.63044504e-01
1.55452 4.61574707e-01
1.55990 4.60108740e-01
1.56530 4.58646899e-01
1.57072 4.57188593e-01
1.57615 4.55733824e-01
1.58161 4.54282591e-01
1.58709 4.52834304e-01
1.59258 4.51389553e-01
1.59809 4.49947455e-01
1.60362 4.48508303e-01
1.60918 4.47072097e-01
1.61475 4.45638249e-01
1.62034 4.44207053e-01
1.62594 4.42778509e-01
1.63157 4.41352028e-01
1.63722 4.39928199e-01
1.64289 4.38506727e-01
1.64857 4.37087317e-01
1.65428 4.35669971e-01
1.66001 4.34254981e-01
1.66575 4.32842349e-01
1.67152 4.31431780e-01
1.67731 4.30023568e-01
1.68311 4.28617419e-01
1.68894 4.27213627e-01
1.69478 4.25812192e-01
1.70065 4.24412820e-01
1.70654 4.23016100e-01
1.71245 4.21622032e-01
1.71837 4.20230321e-01
1.72432 4.18841263e-01
1.73029 4.17454856e-01
1.73628 4.16071101e-01
1.74229 4.14690588e-01
1.74832 4.13312727e-01
1.75437 4.11937812e-01
1.76045 4.10566139e-01
1.76654 4.09197412e-01
1.77266 4.07832221e-01
1.77879 4.06470567e-01
1.78495 4.05111859e-01
1.79113 4.03756981e-01
1.79733 4.02405935e-01
1.80355 4.01058129e-01
1.80979 3.99714449e-01
1.81606 3.98374305e-01
1.82234 3.97037992e-01
1.82865 3.95705804e-01
1.83498 3.94377741e-01
1.84133 3.93053509e-01
1.84771 3.91733697e-01
1.85410 3.90417716e-01
1.86052 3.89106155e-01
1.86696 3.87798424e-01
1.87342 3.86495408e-01
1.87991 3.85196223e-01
1.88642 3.83901457e-01
1.89295 3.82611112e-01
1.89950 3.81324892e-01
1.90607 3.80043092e-01
1.91267 3.78765417e-01
1.91929 3.77491868e-01
1.92594 3.76222739e-01
1.93260 3.74958029e-01
1.93929 3.73697151e-01
1.94601 3.72440692e-01
1.95274 3.71188359e-01
1.95950 3.69940151e-01
1.96629 3.68695773e-01
1.97309 3.67455816e-01
1.97992 3.66219689e-01
1.98678 3.64987393e-01
1.99365 3.63758928e-01
2.00055 3.62534588e-01
2.00748 3.61314079e-01
2.01443 3.60097105e-01
2.02140 3.58883963e-01
2.02840 3.57674651e-01
2.03542 3.56468875e-01
2.04247 3.55266929e-01
2.04954 3.54068225e-01
2.05663 3.52873352e-01
2.06375 3.51681720e-01
2.07090 3.50493919e-01
2.07806 3.49309359e-01
2.08526 3.48128040e-01
2.09247 3.46950257e-01
2.09972 3.45776011e-01
2.10699 3.44605005e-01
2.11428 3.43437241e-01
2.12160 3.42273013e-01
2.12894 3.41112027e-01
2.13631 3.39954281e-01
2.14371 3.38800072e-01
2.15113 3.37649104e-01
2.15857 3.36501377e-01
2.16605 3.35357187e-01
2.17354 3.34216237e-01
2.18107 3.33078824e-01
2.18862 3.31944652e-01
2.19619 3.30814016e-01
2.20380 3.29686916e-01
2.21143 3.28563057e-01
2.21908 3.27442735e-01
2.22676 3.42780429e-01
2.23447 3.45822863e-01
2.24220 3.46390096e-01
2.24997 3.47310340e-01
2.25775 3.47364559e-01
2.26557 3.46979724e-01
2.27341 3.45966660e-01
2.28128 3.44744383e-01
2.28918 3.44046317e-01
2.29710 3.44109671e-01
2.30505 3.42860579e-01
2.31303 3.42952809e-01
2.32104 3.40131081e-01
2.32908 3.40384495e-01
2.33714 3.39891223e-01
2.34523 3.38318292e-01
2.35335 3.36689964e-01
2.36149 3.36920983e-01
2.36967 3.36561195e-01
2.37787 3.34930215e-01
2.38610 3.35379876e-01
2.39436 3.35883167e-01
2.40265 3.34436648e-01
2.41097 3.32937384e-01
2.41931 3.31251596e-01
2.42769 3.29544592e-01
2.43609 3.30309841e-01
2.44452 3.29807140e-01
2.45298 3.27743295e-01
2.46148 3.28050632e-01
2.47000 3.27527009e-01
2.47855 3.26552547e-01
2.48713 3.25245995e-01
2.49574 3.25389203e-01
2.50438 3.23285872e-01
2.51304 3.22437232e-01
2.52174 3.22891903e-01
2.53047 3.22466699e-01
2.53923 3.20979811e-01
2.54802 3.19576019e-01
2.55684 3.19752819e-01
2.56569 3.18240000e-01
2.57457 3.17962129e-01
2.58349 3.17653908e-01
2.59243 3.15970183e-01
2.60140 3.14643888e-01
2.61041 3.14764701e-01
2.61944 3.13642905e-01
2.62851 3.13519440e-01
2.63761 3.12415324e-01
2.64674 3.11169473e-01
2.65590 3.11122327e-01
2.66510 3.09599784e-01
2.67432 3.09387035e-01
2.68358 3.09388803e-01
2.69287 3.07621097e-01
2.70219 3.06259148e-01
2.71154 3.05759983e-01
2.72093 3.04944935e-01
2.73035 3.04062408e-01
2.73980 3.02821567e-01
2.74928 3.02000920e-01
2.75880 3.01599584e-01
2.76835 3.00783652e-01
2.77793 2.99591725e-01
2.78755 2.98823529e-01
2.79720 2.98756640e-01
2.80688 2.97793080e-01
2.81660 2.96429363e-01
2.82635 2.96507449e-01
2.83613 2.95972924e-01
2.84595 2.95123695e-01
2.85580 2.93518056e-01
2.86569 2.92717623e-01
2.87561 2.92055331e-01
2.88556 2.91254898e-01
2.89555 2.90581143e-01
2.90557 2.90426325e-01
2.91563 2.90089757e-01
2.92572 2.90124881e-01
2.93585 2.88738474e-01
2.94601 2.87920244e-01
2.95621 2.87317886e-01
2.96644 2.86892859e-01
2.97671 2.85629093e-01
2.98702 2.85072850e-01
2.99736 2.84236675e-01
3.00773 2.83730555e-01
3.01814 2.82864206e-01
3.02859 2.82221007e-01
3.03907 2.81836467e-01
3.04960 2.81822029e-01
3.06015 2.81265374e-01
3.07074 2.80425928e-01
3.08137 2.80657300e-01
3.09204 2.79724385e-01
3.10274 2.79512520e-01
3.11348 2.79856131e-01
3.12426 2.79248292e-01
3.13508 2.79119140e-01
3.14593 2.78866817e-01
3.15682 2.78009307e-01
3.16775 2.77530297e-01
3.17871 2.77671826e-01
3.18972 2.77102471e-01
3.20076 2.77556906e-01
3.21184 2.76618304e-01
3.22295 2.76061178e-01
3.23411 2.76109326e-01
3.24531 2.75379997e-01
3.25654 2.74954704e-01
3.26781 2.74474987e-01
3.27912 2.74748467e-01
3.29047 2.73645117e-01
3.30187 2.73375497e-01
3.31330 2.73008873e-01
3.32476 2.72371037e-01
3.33627 2.71896300e-01
3.34782 2.71560409e-01
3.35941 2.71313685e-01
3.37104 2.71092685e-01
3.38271 2.70854418e-01
3.39442 2.70345322e-01
3.40617 2.71089444e-01
3.41796 2.72339773e-01
3.42979 2.71530825e-01
3.44166 2.68472480e-01
3.45358 2.67191917e-01
3.46553 2.66892801e-01
3.47753 2.65905992e-01
3.48957 2.65579501e-01
3.50164 2.66064699e-01
3.51377 2.65561055e-01
3.52593 2.63464472e-01
3.53814 2.63028189e-01
3.55038 2.62363126e-01
3.56267 2.61878635e-01
3.57500 2.60999026e-01
3.58738 2.60582072e-01
3.59980 2.60202306e-01
3.61226 2.59554688e-01
3.62476 2.59204741e-01
3.63731 2.58315791e-01
3.64990 2.57942478e-01
3.66254 2.57215182e-01
3.67521 2.56813168e-01
3.68794 2.56215112e-01
3.70070 2.55962023e-01
3.71351 2.55239147e-01
3.72637 2.54478170e-01
3.73927 2.54390477e-01
3.75221 2.54091332e-01
3.76520 2.53339372e-01
3.77823 2.53462071e-01
3.79131 2.52342927e-01
3.80443 2.51787333e-01
3.81760 2.51346217e-01
3.83082 2.50570507e-01
3.84408 2.50142681e-01
3.85739 2.49485780e-01
3.87074 2.48923910e-01
3.88414 2.48709451e-01
3.89758 2.47722318e-01
3.91107 2.47473590e-01
3.92461 2.46818428e-01
3.93820 2.46495532e-01
3.95183 2.46083618e-01
3.96551 2.45436883e-01
3.97924 2.44910137e-01
3.99301 2.44704931e-01
4.00683 2.44612848e-01
4.02070 2.44573422e-01
4.03462 2.43561330e-01
4.04859 2.43064051e-01
4.06260 2.42703821e-01
4.07667 2.42320901e-01
4.09078 2.41741911e-01
4.10494 2.41316029e-01
4.11915 2.40944631e-01
4.13341 2.40836724e-01
4.14771 2.40545711e-01
4.16207 2.40031577e-01
4.17648 2.39662772e-01
4.19094 2.39583713e-01
4.20545 2.39218621e-01
4.22000 2.38623954e-01
4.23461 2.38401275e-01
4.24927 2.37904732e-01
4.26398 2.37721214e-01
4.27874 2.37497591e-01
4.29355 2.37051024e-01
4.30841 2.37209908e-01
4.32332 2.36600596e-01
4.33829 2.36480667e-01
4.35331 2.36379302e-01
4.36838 2.35901971e-01
4.38350 2.35929935e-01
4.39867 2.35636712e-01
4.41390 2.35271502e-01
4.42918 2.35078908e-01
4.44451 2.34298984e-01
4.45990 2.34133411e-01
4.47533 2.33877140e-01
4.49083 2.33467936e-01
4.50637 2.33167582e-01
4.52197 2.32795772e-01
4.53762 2.32528038e-01
4.55333 2.32297284e-01
4.56909 2.32324335e-01
4.58491 2.31743959e-01
4.60078 2.31728283e-01
4.61670 2.31701557e-01
4.63269 2.31386882e-01
4.64872 2.31268014e-01
4.66481 2.31165705e-01
4.68096 2.30978710e-01
4.69717 2.30778749e-01
4.71343 2.30388227e-01
4.72974 2.30375262e-01
4.74611 2.30359615e-01
4.76254 2.30430836e-01
4.77903 2.30377767e-01
4.79557 2.30512665e-01
4.81217 2.30787766e-01
4.82883 2.31386617e-01
4.84555 2.31732615e-01
4.86232 2.32508089e-01
4.87915 2.33494279e-01
4.89604 2.34715260e-01
4.91299 2.36226222e-01
4.92999 2.38477505e-01
4.94706 2.40015311e-01
4.96418 2.40323238e-01
4.98137 2.39661505e-01
4.99861 2.39181110e-01
5.01591 2.38711500e-01
5.03328 2.38407787e-01
5.05070 2.37400322e-01
5.06818 2.35913964e-01
5.08573 2.34964931e-01
5.10333 2.34163615e-01
5.12100 2.33900006e-01
5.13873 2.33994712e-01
5.15651 2.34380224e-01
5.17436 2.35029139e-01
5.19228 2.36114161e-01
5.21025 2.37899634e-01
5.22828 2.40453599e-01
5.24638 2.44202761e-01
5.26454 2.47628820e-01
5.28277 2.50162335e-01
5.30105 2.51698255e-01
5.31940 2.51773720e-01
5.33782 2.49824617e-01
5.35629 2.45567303e-01
5.37484 2.39894675e-01
5.39344 2.35304328e-01
5.41211 2.32916408e-01
5.43084 2.32088425e-01
5.44965 2.31725719e-01
5.46851 2.31597746e-01
5.48744 2.31867218e-01
5.50643 2.32077758e-01
5.52550 2.32912696e-01
5.54462 2.33106409e-01
5.56381 2.33589486e-01
5.58308 2.33998719e-01
5.60240 2.34690213e-01
5.62179 2.35377847e-01
5.64125 2.35251701e-01
5.66078 2.35957251e-01
5.68038 2.35789733e-01
5.70004 2.35823619e-01
5.71977 2.35987424e-01
5.73957 2.35856946e-01
5.75944 2.35987631e-01
5.77938 2.35616557e-01
5.79938 2.35445385e-01
5.81946 2.35490941e-01
5.83960 2.35611872e-01
5.85982 2.35978879e-01
5.88010 2.37390362e-01
5.90045 2.38115949e-01
5.92088 2.39576052e-01
5.94137 2.41737108e-01
5.96194 2.44404548e-01
5.98258 2.46288529e-01
6.00329 2.47697743e-01
6.02407 2.48518949e-01
6.04492 2.48848475e-01
6.06585 2.49729057e-01
6.08684 2.50777481e-01
6.10791 2.51801566e-01
6.12906 2.52903737e-01
6.15027 2.53407764e-01
6.17156 2.53499494e-01
6.19293 2.53412096e-01
6.21436 2.52968387e-01
6.23588 2.52226298e-01
6.25746 2.51743516e-01
6.27912 2.50972786e-01
6.30086 2.50401015e-01
6.32267 2.50104787e-01
6.34455 2.50189474e-01
6.36652 2.50685899e-01
6.38856 2.51921348e-01
6.41067 2.52972276e-01
6.43286 2.54250187e-01
6.45513 2.55769901e-01
6.47747 2.57381285e-01
6.49990 2.58899290e-01
6.52240 2.60934906e-01
6.54497 2.62349542e-01
6.56763 2.64419782e-01
6.59037 2.65789569e-01
6.61318 2.67237296e-01
6.63607 2.68064307e-01
6.65904 2.69202840e-01
6.68209 2.70505267e-01
6.70522 2.72286085e-01
6.72843 2.73935541e-01
6.75172 2.75183749e-01
6.77510 2.77261384e-01
6.79855 2.79336722e-01
6.82208 2.81213189e-01
6.84570 2.83060130e-01
6.86939 2.84539857e-01
6.89317 2.86223848e-01
6.91704 2.88119910e-01
6.94098 2.90351244e-01
6.96500 2.92159142e-01
6.98911 2.93686163e-01
7.01331 2.95106604e-01
7.03759 2.96652425e-01
7.06195 2.98888061e-01
7.08639 3.00670795e-01
7.11092 3.02704584e-01
7.13554 3.05357468e-01
7.16024 3.08225164e-01
7.18502 3.11024497e-01
7.20990 3.13426325e-01
7.23485 3.16572187e-01
7.25990 3.19909287e-01
7.28503 3.23594093e-01
7.31025 3.27684656e-01
7.33555 3.31543316e-01
7.36094 3.36101515e-01
7.38642 3.40679751e-01
7.41199 3.45428304e-01
7.43765 3.50209860e-01
7.46340 3.55258679e-01
7.48923 3.59753229e-01
7.51516 3.64530071e-01
7.54117 3.70028551e-01
7.56727 3.75814625e-01
7.59347 3.81800779e-01
7.61975 3.87913344e-01
7.64613 3.94643825e-01
7.67260 4.02075024e-01
7.69916 4.10560540e-01
7.72581 4.18899017e-01
7.75255 4.28752965e-01
7.77939 4.39566348e-01
7.80632 4.52029275e-01
7.83334 4.65479629e-01
7.86046 4.80996187e-01
7.88767 4.98394191e-01
7.91497 5.17198639e-01
7.94237 5.37426327e-01
7.96986 5.57241481e-01
7.99745 5.76976487e-01
8.02513 5.95596473e-01
8.05291 6.13399939e-01
8.08079 6.32609259e-01
8.10876 6.53615751e-01
8.13683 6.78540720e-01
8.16500 7.07272193e-01
8.19326 7.41233411e-01
8.22162 7.79368287e-01
8.25008 8.21221561e-01
8.27864 8.66235431e-01
8.30730 9.13263641e-01
8.33605 9.48465111e-01
8.36491 9.35057483e-01
8.39386 8.97002167e-01
8.42292 9.00850219e-01
8.45208 9.40284575e-01
8.48133 9.93445093e-01
8.51069 1.04975796e+00
8.54016 1.10596415e+00
8.56972 1.16134557e+00
8.59938 1.21448281e+00
8.62915 1.26592866e+00
8.65902 1.31613073e+00
8.68899 1.36524813e+00
8.71907 1.41245697e+00
8.74925 1.45692011e+00
8.77954 1.49861986e+00
8.80993 1.54075690e+00
8.84043 1.58294992e+00
8.87103 1.62742013e+00
8.90174 1.67857161e+00
8.93255 1.73645917e+00
8.96347 1.80249604e+00
8.99450 1.88004906e+00
9.02563 1.96233561e+00
9.05688 2.03735627e+00
9.08823 2.08734294e+00
9.11969 2.09742997e+00
9.15126 2.05046157e+00
9.18294 1.95349119e+00
9.21472 1.82093657e+00
9.24662 1.68452742e+00
9.27863 1.56386908e+00
9.31075 1.45565687e+00
9.34298 1.35532729e+00
9.37532 1.26059107e+00
9.40777 1.17660135e+00
9.44034 1.10149848e+00
9.47302 1.03368949e+00
9.50581 9.76857128e-01
9.53871 9.23798859e-01
9.57173 8.74714169e-01
9.60487 8.29723579e-01
9.63811 7.85213884e-01
9.67148 7.42981668e-01
9.70495 7.01784616e-01
9.73855 6.61574108e-01
9.77226 6.23502585e-01
9.80609 5.87678485e-01
9.84003 5.53544888e-01
9.87409 5.22022921e-01
9.90827 4.92333487e-01
9.94257 4.63925852e-01
9.97699 4.37899713e-01
10.01153 4.13393760e-01
10.04618 3.91077769e-01
10.08096 3.70912551e-01
10.11585 3.52149651e-01
10.15087 3.33105049e-01
10.18601 3.15255616e-01
10.22127 3.00064665e-01
10.25665 2.85168853e-01
10.29215 2.72134214e-01
10.32778 2.59303455e-01
10.36353 2.47745891e-01
10.39941 2.37094281e-01
10.43540 2.27703195e-01
10.47153 2.19076887e-01
10.50777 2.09478091e-01
10.54415 2.01170289e-01
10.58065 1.92317029e-01
10.61727 1.85237161e-01
10.65403 1.77867165e-01
10.69091 1.71206490e-01
10.72791 1.64672050e-01
10.76505 1.59539370e-01
10.80231 1.53915421e-01
10.83971 1.49224150e-01
10.87723 1.44135935e-01
10.91488 1.40074014e-01
10.95266 1.36008822e-01
10.99058 1.31805991e-01
11.02862 1.28254374e-01
11.06680 1.24603660e-01
11.10511 1.21570715e-01
11.14355 1.18021013e-01
11.18212 1.16001044e-01
11.22083 1.13348602e-01
11.25967 1.11482212e-01
11.29865 1.09290511e-01
11.33776 1.07951723e-01
11.37701 1.07165287e-01
11.41639 1.05702296e-01
11.45591 1.04993888e-01
11.49556 1.03954098e-01
11.53536 1.04156740e-01
11.57529 1.04051927e-01
11.61536 1.04528934e-01
11.65556 1.04182288e-01
11.69591 1.05085382e-01
11.73640 1.05964373e-01
11.77702 1.06799105e-01
11.81779 1.07889519e-01
11.85870 1.09189912e-01
11.89975 1.11514537e-01
11.94094 1.13985700e-01
11.98227 1.17265694e-01
12.02375 1.21499023e-01
12.06537 1.27081247e-01
12.10714 1.33855810e-01
12.14905 1.43268112e-01
12.19110 1.55419046e-01
12.23330 1.72687544e-01
12.27565 1.96539131e-01
12.31814 2.32316791e-01
12.36078 2.84204910e-01
12.40357 3.56577017e-01
12.44651 4.38020821e-01
12.48959 5.15679043e-01
12.53283 5.67929336e-01
12.57621 5.89313591e-01
12.61974 5.76204460e-01
12.66343 5.30183125e-01
12.70726 4.64089097e-01
12.75125 3.98585581e-01
12.79539 3.38883168e-01
12.83968 2.88168000e-01
12.88413 2.42922876e-01
12.92873 2.06119510e-01
12.97348 1.79919312e-01
13.01839 1.62306496e-01
13.06345 1.49747950e-01
13.10867 1.40430384e-01
13.15405 1.34011424e-01
13.19959 1.27634101e-01
13.24528 1.22664871e-01
13.29113 1.17509796e-01
13.33713 1.13597507e-01
13.38330 1.10162135e-01
13.42963 1.06487495e-01
13.47612 1.03725790e-01
13.52277 1.01067720e-01
13.56958 9.88561877e-02
13.61655 9.71393713e-02
13.66368 9.46870964e-02
13.71098 9.28246557e-02
13.75844 9.13885388e-02
13.80607 8.98616645e-02
13.85386 8.90490623e-02
13.90182 8.73077885e-02
13.94994 8.64520176e-02
13.99823 8.53089172e-02
14.04668 8.49090840e-02
14.09531 8.43081703e-02
14.14410 8.41936628e-02
14.19306 8.40948611e-02
14.24219 8.33072760e-02
14.29149 8.34610331e-02
14.34096 8.29027281e-02
14.39060 8.27849499e-02
14.44042 8.24264289e-02
14.49041 8.26980821e-02
14.54057 8.28206340e-02
14.59090 8.24540687e-02
14.64141 8.30717489e-02
14.69209 8.36904016e-02
14.74295 8.40593537e-02
14.79398 8.41627523e-02
14.84519 8.43601789e-02
14.89658 8.55850493e-02
14.94814 8.65478137e-02
14.99989 8.61499548e-02
15.05181 8.76867888e-02
15.10392 8.94014836e-02
15.15620 9.10437788e-02
15.20866 9.26045692e-02
15.26131 9.46593977e-02
15.31414 9.71180375e-02
15.36715 1.00201164e-01
15.42034 1.04239011e-01
15.47372 1.08636027e-01
15.52729 1.14432386e-01
15.58103 1.21862435e-01
15.63497 1.30325939e-01
15.68909 1.41399307e-01
15.74340 1.56057205e-01
15.79790 1.75227953e-01
15.85258 2.00825617e-01
15.90746 2.34815623e-01
15.96252 2.77756218e-01
16.01778 3.17599984e-01
16.07323 3.40748113e-01
16.12886 3.36194629e-01
16.18470 3.00494879e-01
16.24072 2.49980143e-01
16.29694 2.06254350e-01
16.35335 1.72700863e-01
16.40996 1.49402836e-01
16.46677 1.35186938e-01
16.52377 1.25134738e-01
16.58097 1.17994906e-01
16.63836 1.13314538e-01
16.69596 1.10106502e-01
16.75375 1.08623563e-01
16.81175 1.07215704e-01
16.86994 1.07003544e-01
16.92834 1.07634956e-01
16.98694 1.07638021e-01
17.04574 1.08478145e-01
17.10474 1.10109920e-01
17.16395 1.12362470e-01
17.22337 1.16166646e-01
17.28299 1.17084503e-01
17.34281 1.19079249e-01
17.40285 1.23801990e-01
17.46309 1.26061347e-01
17.52354 1.30710067e-01
17.58420 1.35757442e-01
17.64507 1.38372608e-01
17.70615 1.44329413e-01
17.76744 1.49539886e-01
17.82894 1.57124694e-01
17.89066 1.66704543e-01
17.95259 1.71449060e-01
18.01473 1.84202410e-01
18.07709 1.91580451e-01
18.13967 2.04661382e-01
18.20246 2.17363813e-01
18.26547 2.38814073e-01
18.32870 2.61878783e-01
18.39214 2.87558776e-01
18.45581 3.19326141e-01
18.51969 3.50951536e-01
18.58380 3.81298077e-01
18.64813 4.09517125e-01
18.71268 4.38844120e-01
18.77746 4.71096271e-01
18.84246 4.99568143e-01
18.90768 5.15116524e-01
18.97313 5.20757917e-01
19.03881 5.32409037e-01
19.10472 5.61627595e-01
19.17085 6.15065984e-01
19.23721 7.02689243e-01
19.30380 7.62173013e-01
19.37062 8.44462216e-01
19.43768 9.40378279e-01
19.50496 1.01226545e+00
19.57248 1.07023729e+00
19.64023 1.11840232e+00
19.70822 1.15814873e+00
19.77644 1.20059812e+00
19.84490 1.24335661e+00
19.91359 1.27328796e+00
19.98252 1.29645584e+00
20.05169 1.32007985e+00
20.12110 1.34210972e+00
20.19076 1.37262304e+00
20.26065 1.40163740e+00
20.33078 1.40651649e+00
20.40116 1.38702900e+00
20.47178 1.34352559e+00
20.54264 1.29660847e+00
20.61375 1.25075009e+00
20.68511 1.20489053e+00
20.75671 1.16507399e+00
20.82856 1.12023515e+00
20.90066 1.07611383e+00
20.97301 1.03394585e+00
21.04561 9.92202779e-01
21.11846 9.45107384e-01
21.19157 8.88613007e-01
21.26492 8.27121967e-01
21.33853 7.67234503e-01
21.41240 7.11102271e-01
21.48652 6.61232589e-01
21.56090 6.15696276e-01
21.63553 5.74507475e-01
21.71043 5.38062512e-01
21.78558 5.04268371e-01
21.86099 4.74886273e-01
21.93666 4.47780476e-01
22.01260 4.26159604e-01
22.08880 4.11676443e-01
22.16526 4.01287380e-01
22.24199 3.92374892e-01
22.31898 3.85708648e-01
22.39624 3.77226668e-01
22.47377 3.59757355e-01
22.55156 3.36904187e-01
22.62962 3.16384484e-01
22.70796 2.99387816e-01
22.78656 2.83308298e-01
22.86544 2.69400827e-01
22.94459 2.57240346e-01
23.02402 2.46876978e-01
23.10372 2.34144373e-01
23.18369 2.23889177e-01
23.26394 2.14892002e-01
23.34447 2.05626415e-01
23.42528 1.99785886e-01
23.50637 1.99525666e-01
23.58774 1.89637595e-01
23.66939 1.80800955e-01
23.75133 1.93792160e-01
23.83354 1.88041062e-01
23.91604 1.71980314e-01
23.99883 1.76946125e-01
24.08191 1.69162034e-01
24.16527 1.56837424e-01
24.24892 1.57303586e-01
24.33286 1.54464414e-01
24.41709 1.50570099e-01
24.50161 1.49929258e-01
24.58642 1.44115279e-01
24.67153 1.39922113e-01
24.75693 1.35209155e-01
24.84263 1.38702753e-01
24.92863 1.41449547e-01
25.01492 1.41116309e-01
25.10151 1.42816152e-01
25.18840 1.45787483e-01
25.27559 1.50164550e-01
25.36309 1.56035753e-01
25.45088 1.63553231e-01
25.53898 1.72118365e-01
25.62739 1.81519028e-01
25.71610 1.90873575e-01
25.80512 1.98837177e-01
25.89444 2.03507143e-01
25.98408 2.04322191e-01
26.07403 2.00558148e-01
26.16428 1.93048981e-01
26.25485 1.83309894e-01
26.34574 1.72545072e-01
26.43694 1.61806299e-01
26.52845 1.51463116e-01
26.62028 1.41985074e-01
26.71243 1.33595738e-01
26.80489 1.26227568e-01
26.89768 1.19649194e-01
26.99079 1.13650340e-01
27.08422 1.08171662e-01
27.17798 1.03369538e-01
27.27205 9.91092475e-02
27.36646 9.51849357e-02
27.46119 9.15951591e-02
27.55625 8.82572340e-02
27.65164 8.50873573e-02
27.74736 8.21112240e-02
27.84341 7.94300815e-02
27.93979 7.70497641e-02
28.03650 7.48807817e-02
28.13355 7.27299803e-02
28.23094 7.06158059e-02
28.32867 6.87453208e-02
28.42673 6.71537672e-02
28.52513 6.57143205e-02
28.62387 6.43261459e-02
28.72295 6.30154685e-02
28.82238 6.18430783e-02
28.92215 6.08593041e-02
29.02227 6.00103400e-02
29.12273 5.91650297e-02
29.22354 5.83724059e-02
29.32470 5.77021865e-02
29.42621 5.71506295e-02
29.52807 5.68073723e-02
29.63029 5.66523776e-02
29.73286 5.66940140e-02
29.83578 5.70369471e-02
29.93906 5.77605011e-02
30.04269 5.88856857e-02
30.14669 6.03677707e-02
30.25104 6.21693627e-02
30.35576 6.42816217e-02
30.46084 6.65423339e-02
30.56628 6.86028200e-02
30.67209 6.99486805e-02
30.77826 7.00643372e-02
30.88481 6.91703775e-02
30.99172 6.79138304e-02
31.09900 6.65108045e-02
31.20665 6.51666531e-02
31.31467 6.41030832e-02
31.42307 6.33986531e-02
31.53184 6.30353585e-02
31.64099 6.28790084e-02
31.75052 6.29022281e-02
31.86043 6.32372936e-02
31.97072 6.40369305e-02
32.08139 6.53656120e-02
32.19244 6.73313628e-02
32.30388 7.02223669e-02
32.41570 7.43729532e-02
32.52791 8.01241393e-02
32.64051 8.80758372e-02
32.75349 9.89499507e-02
32.86687 1.13102967e-01
32.98064 1.30436204e-01
33.09481 1.49493711e-01
33.20937 1.66675460e-01
33.32433 1.77315843e-01
33.43968 1.77901140e-01
33.55544 1.68211881e-01
33.67159 1.51595156e-01
33.78815 1.33018397e-01
33.90511 1.16426719e-01
34.02247 1.03353597e-01
34.14024 9.35993933e-02
34.25842 8.63157637e-02
34.37701 8.08870608e-02
34.49601 7.70518563e-02
34.61542 7.46461387e-02
34.73525 7.33903872e-02
34.85549 7.29247844e-02
34.97614 7.29444387e-02
35.09721 7.31029988e-02
35.21871 7.29642108e-02
35.34062 7.22160816e-02
35.46295 7.08678343e-02
35.58571 6.91786871e-02
35.70889 6.73529619e-02
35.83250 6.54525092e-02
35.95654 6.36561917e-02
36.08101 6.22134743e-02
36.20590 6.11160767e-02
36.33123 6.01637140e-02
36.45700 5.91921685e-02
36.58320 5.81208489e-02
36.70983 5.69740063e-02
36.83691 5.58282539e-02
36.96442 5.46903985e-02
37.09238 5.35013891e-02
37.22077 5.22475529e-02
37.34962 5.09944829e-02
37.47890 4.98177316e-02
37.60864 4.87540439e-02
37.73883 4.77831172e-02
37.86946 4.68360291e-02
38.00055 4.59248313e-02
38.13209 4.51229255e-02
38.26409 4.44247717e-02
38.39654 4.38850308e-02
38.52946 4.34976620e-02
38.66283 4.30813569e-02
38.79667 4.25814255e-02
38.93096 4.20522631e-02
39.06573 4.13980441e-02
39.20096 4.05390613e-02
39.33665 3.96513191e-02
39.47282 3.90146917e-02
39.60946 3.86513972e-02
39.74657 3.83112929e-02
39.88416 3.78351705e-02
40.02222 3.72069707e-02
40.16076 3.64958221e-02
40.29978 3.58434891e-02
40.43928 3.53469463e-02
40.57926 3.49906943e-02
40.71973 3.47117628e-02
40.86069 3.44582905e-02
41.00213 3.41920887e-02
41.14406 3.38515424e-02
41.28648 3.35412584e-02
41.42940 3.33890336e-02
41.57281 3.33500197e-02
41.71672 3.33174296e-02
41.86113 3.32073421e-02
42.00603 3.29986592e-02
42.15144 3.27137460e-02
42.29735 3.24427705e-02
42.44377 3.22258959e-02
42.59069 3.20008000e-02
42.73812 3.17512468e-02
42.88606 3.15066145e-02
43.03451 3.13277519e-02
43.18348 3.11816856e-02
43.33297 3.09944249e-02
43.48297 3.07069187e-02
43.63349 3.03316017e-02
43.78453 2.99386932e-02
43.93609 2.96754380e-02
44.08818 2.95446649e-02
44.24079 2.94279298e-02
44.39394 2.92903263e-02
44.54761 2.91101347e-02
44.70182 2.88752677e-02
44.85655 2.86298929e-02
45.01183 2.84201492e-02
45.16764 2.82277554e-02
45.32399 2.80345484e-02
45.48089 2.78217637e-02
45.63832 2.76825396e-02
45.79630 2.75789554e-02
45.95483 2.74776195e-02
46.11391 2.73507803e-02
46.27353 2.71605169e-02
46.43371 2.69121748e-02
46.59445 2.66553492e-02
46.75574 2.64276397e-02
46.91759 2.62810902e-02
47.08000 2.62317630e-02
47.24297 2.61968273e-02
47.40650 2.61493712e-02
47.57060 2.60636851e-02
47.73527 2.58676935e-02
47.90051 2.56118992e-02
48.06633 2.53655078e-02
48.23271 2.52032555e-02
48.39967 2.53260667e-02
48.56721 2.55489908e-02
48.73533 2.57367819e-02
48.90403 2.56964627e-02
49.07332 2.52539146e-02
49.24319 2.48144517e-02
49.41365 2.44855978e-02
49.58470 2.45182645e-02
49.75634 2.47005895e-02
49.92858 2.48745460e-02
50.10141 2.49767452e-02
50.27484 2.48926297e-02
50.44887 2.47832111e-02
50.62350 2.46618497e-02
50.79874 2.45563030e-02
50.97458 2.43560564e-02
51.15104 2.41062174e-02
51.32810 2.38151957e-02
51.50578 2.36855129e-02
51.68407 2.36667161e-02
51.86298 2.37453627e-02
52.04250 2.38085392e-02
52.22265 2.37994723e-02
52.40343 2.37324740e-02
52.58482 2.35999771e-02
52.76685 2.34064724e-02
52.94951 2.31760166e-02
53.13280 2.29110729e-02
53.31672 2.27450312e-02
53.50128 2.26651707e-02
53.68648 2.27407762e-02
53.87232 2.28034489e-02
54.05880 2.28175841e-02
54.24593 2.26943751e-02
54.43371 2.25577411e-02
54.62214 2.24287567e-02
54.81122 2.23458463e-02
55.00095 2.22475809e-02
55.19134 2.21380533e-02
55.38239 2.20027276e-02
55.57410 2.18366623e-02
55.76647 2.16522069e-02
55.95951 2.14807551e-02
56.15322 2.13997217e-02
56.34760 2.14122185e-02
56.54265 2.15824681e-02
56.73838 2.17489813e-02
56.93479 2.18822207e-02
57.13187 2.18445063e-02
57.32964 2.17352675e-02
57.52809 2.15334798e-02
57.72723 2.13676856e-02
57.92705 2.12294663e-02
58.12757 2.11199681e-02
58.32879 2.10203207e-02
58.53070 2.09367915e-02
58.73331 2.09007037e-02
58.93662 2.08816830e-02
59.14063 2.08174663e-02
59.34535 2.07125384e-02
59.55078 2.05499414e-02
59.75692 2.03981645e-02
59.96377 2.02568865e-02
60.17134 2.01825716e-02
60.37963 2.01419341e-02
60.58864 2.01499019e-02
60.79837 2.01883176e-02
61.00883 2.02363571e-02
61.22002 2.02458630e-02
61.43194 2.02462608e-02
61.64459 2.02287517e-02
61.85797 2.02294825e-02
62.07210 2.02422121e-02
62.28697 2.02706416e-02
62.50258 2.03024803e-02
62.71894 2.03442287e-02
62.93605 2.04088785e-02
63.15390 2.05104590e-02
63.37252 2.06584406e-02
63.59189 2.08332251e-02
63.81201 2.10575017e-02
64.03290 2.12898169e-02
64.25456 2.15481571e-02
64.47698 2.17985295e-02
64.70017 2.20345928e-02
64.92414 2.22977891e-02
65.14888 2.25903519e-02
65.37440 2.29520758e-02
65.60070 2.33453379e-02
65.82778 2.37079223e-02
66.05565 2.40591709e-02
66.28430 2.43533808e-02
66.51375 2.46479090e-02
66.74400 2.49678816e-02
66.97504 2.53082894e-02
67.20688 2.57039177e-02
67.43952 2.61159560e-02
67.67297 2.65526255e-02
67.90722 2.69812771e-02
68.14229 2.74017988e-02
68.37817 2.77669733e-02
68.61486 2.80979371e-02
68.85238 2.83341861e-02
69.09072 2.85318897e-02
69.32988 2.86149592e-02
69.56987 2.86673804e-02
69.81069 2.85493487e-02
70.05235 2.84026077e-02
70.29484 2.80055384e-02
70.53817 2.75827006e-02
70.78235 2.69943544e-02
71.02737 2.64006453e-02
71.27323 2.58194094e-02
71.51995 2.52461796e-02
71.76752 2.46999737e-02
72.01595 2.41583056e-02
72.26524 2.35812834e-02
72.51539 2.30083660e-02
72.76641 2.24336010e-02
73.01830 2.18660700e-02
73.27106 2.13344707e-02
73.52469 2.08115229e-02
73.77920 2.03322387e-02
74.03460 1.98626962e-02
74.29087 1.94569343e-02
74.54804 1.90667485e-02
74.80609 1.87281382e-02
75.06504 1.84074790e-02
75.32488 1.81015118e-02
75.58563 1.78041136e-02
75.84727 1.75258245e-02
76.10982 1.72625222e-02
76.37328 1.70265295e-02
76.63766 1.68231417e-02
76.90295 1.66209091e-02
77.16915 1.64196841e-02
77.43628 1.62120473e-02
77.70433 1.59646068e-02
77.97331 1.57189226e-02
78.24322 1.54633346e-02
78.51407 1.52096532e-02
78.78585 1.50016922e-02
79.05857 1.48059775e-02
79.33224 1.46615614e-02
79.60686 1.45499623e-02
79.88242 1.44414483e-02
80.15894 1.43375400e-02
80.43642 1.42230885e-02
80.71486 1.40532427e-02
80.99426 1.38839036e-02
81.27463 1.36880181e-02
81.55596 1.34903144e-02
81.83828 1.33014272e-02
82.12157 1.31182624e-02
82.40584 1.29348442e-02
82.69109 1.27495165e-02
82.97733 1.25658302e-02
83.26457 1.23820731e-02
83.55279 1.22002078e-02
83.84202 1.20612518e-02
84.13225 1.19399523e-02
84.42348 1.18543811e-02
84.71572 1.18277845e-02
85.00897 1.18052130e-02
85.30323 1.18448427e-02
85.59852 1.18868180e-02
85.89482 1.19157719e-02
86.19215 1.19366549e-02
86.49052 1.19309148e-02
86.78991 1.18369515e-02
87.09034 1.17439017e-02
87.39181 1.16107448e-02
87.69432 1.14690602e-02
87.99789 1.13452265e-02
88.30250 1.12512367e-02
88.60816 1.11581545e-02
88.91489 1.10777016e-02
89.22267 1.09994028e-02
89.53153 1.09214664e-02
89.84145 1.08438689e-02
90.15244 1.07668784e-02
90.46451 1.07166318e-02
90.77766 1.06691139e-02
91.09190 1.06171700e-02
91.40722 1.05581424e-02
91.72363 1.04992179e-02
92.04114 1.03914495e-02
92.35975 1.02748027e-02
92.67946 1.01596116e-02
93.00028 1.00463919e-02
93.32221 9.93443915e-03
93.64525 9.88397159e-03
93.96941 9.86410516e-03
94.29469 9.85380361e-03
94.62110 9.93473676e-03
94.94864 1.00186667e-02
95.27731 1.01083102e-02
95.60712 1.02071207e-02
95.93807 1.03034237e-02
96.27017 1.03028579e-02
96.60342 1.02675745e-02
96.93782 1.02212441e-02
97.27338 1.00686834e-02
97.61010 9.91227727e-03
97.94798 9.75812535e-03
98.28704 9.60702028e-03
98.62727 9.45608023e-03
98.96867 9.33897380e-03
99.31126 9.24280049e-03
99.65504 9.13399777e-03
100.00000 9.04232108e-03
