        2000  1.000000 2.800000
0.10000 9.87813120e-01
0.10035 9.86740658e-01
0.10069 9.85570756e-01
0.10104 9.84164036e-01
0.10139 9.82836338e-01
0.10174 9.81648764e-01
0.10210 9.80532747e-01
0.10245 9.79065173e-01
0.10280 9.77605316e-01
0.10316 9.76602418e-01
0.10352 9.75419200e-01
0.10387 9.73935449e-01
0.10423 9.72671218e-01
0.10459 9.71648284e-01
0.10496 9.70464071e-01
0.10532 9.68970987e-01
0.10568 9.67764871e-01
0.10605 9.66790222e-01
0.10642 9.65611858e-01
0.10679 9.64326347e-01
0.10716 9.63217796e-01
0.10753 9.62080871e-01
0.10790 9.60782293e-01
0.10827 9.59688427e-01
0.10865 9.58528604e-01
0.10902 9.57244960e-01
0.10940 9.56028018e-01
0.10978 9.54942489e-01
0.11016 9.53827218e-01
0.11054 9.52392996e-01
0.11092 9.50943591e-01
0.11131 9.49951644e-01
0.11169 9.48892871e-01
0.11208 9.47413600e-01
0.11247 9.45973653e-01
0.11286 9.44979467e-01
0.11325 9.43758044e-01
0.11364 9.42389031e-01
0.11403 9.41122560e-01
0.11443 9.40059058e-01
0.11482 9.38948764e-01
0.11522 9.37649316e-01
0.11562 9.36234756e-01
0.11602 9.35015449e-01
0.11642 9.34171591e-01
0.11682 9.33183378e-01
0.11723 9.31869493e-01
0.11763 9.30455431e-01
0.11804 9.29240480e-01
0.11845 9.28310258e-01
0.11886 9.27272391e-01
0.11927 9.25998827e-01
0.11968 9.24621849e-01
0.12010 9.23405902e-01
0.12051 9.22504427e-01
0.12093 9.21325191e-01
0.12135 9.19729813e-01
0.12177 9.18338027e-01
0.12219 9.17367111e-01
0.12262 9.16399680e-01
0.12304 9.14958987e-01
0.12347 9.13291680e-01
0.12389 9.12034791e-01
0.12432 9.11181849e-01
0.12475 9.10038204e-01
0.12518 9.08454027e-01
0.12562 9.07013582e-01
0.12605 9.06012924e-01
0.12649 9.04884089e-01
0.12693 9.03395111e-01
0.12737 9.02136107e-01
0.12781 9.01040124e-01
0.12825 8.99914027e-01
0.12869 8.98736284e-01
0.12914 8.97276924e-01
0.12959 8.95778364e-01
0.13003 8.94662596e-01
0.13048 8.93709724e-01
0.13094 8.92508338e-01
0.13139 8.91021476e-01
0.13184 8.89559876e-01
0.13230 8.88374667e-01
0.13276 8.87195431e-01
0.13322 8.85735324e-01
0.13368 8.84441227e-01
0.13414 8.83244942e-01
0.13461 8.81744142e-01
0.13507 8.80293742e-01
0.13554 8.79111396e-01
0.13601 8.77817173e-01
0.13648 8.76415182e-01
0.13695 8.75030364e-01
0.13743 8.73833084e-01
0.13790 8.72755396e-01
0.13838 8.71213778e-01
0.13886 8.69535520e-01
0.13934 8.68378933e-01
0.13982 8.67398809e-01
0.14031 8.66247200e-01
0.14079 8.65049298e-01
0.14128 8.63520249e-01
0.14177 8.61844604e-01
0.14226 8.60775129e-01
0.14275 8.59970969e-01
0.14324 8.58740960e-01
0.14374 8.57189760e-01
0.14424 8.55680124e-01
0.14474 8.54442151e-01
0.14524 8.53397440e-01
0.14574 8.52282667e-01
0.14625 8.50968782e-01
0.14675 8.49545511e-01
0.14726 8.48323218e-01
0.14777 8.47050524e-01
0.14828 8.45544373e-01
0.14879 8.44374471e-01
0.14931 8.43328391e-01
0.14983 8.41989493e-01
0.15034 8.40887289e-01
0.15087 8.39944622e-01
0.15139 8.38354720e-01
0.15191 8.36747271e-01
0.15244 8.35785689e-01
0.15297 8.34930009e-01
0.15349 8.33767449e-01
0.15403 8.32447218e-01
0.15456 8.31184480e-01
0.15509 8.30049796e-01
0.15563 8.29014916e-01
0.15617 8.27704267e-01
0.15671 8.26455964e-01
0.15725 8.25628284e-01
0.15780 8.24560551e-01
0.15834 8.23064480e-01
0.15889 8.21772747e-01
0.15944 8.20706756e-01
0.15999 8.19551787e-01
0.16055 8.18398062e-01
0.16110 8.17252676e-01
0.16166 8.16125333e-01
0.16222 8.15084853e-01
0.16278 8.13798596e-01
0.16335 8.12307502e-01
0.16391 8.11226951e-01
0.16448 8.10474436e-01
0.16505 8.09204231e-01
0.16562 8.07645191e-01
0.16619 8.06604711e-01
0.16677 8.05709084e-01
0.16734 8.04426684e-01
0.16792 8.03247076e-01
0.16851 8.02339253e-01
0.16909 8.01213404e-01
0.16967 7.99909724e-01
0.17026 7.98686809e-01
0.17085 7.97452818e-01
0.17144 7.96181369e-01
0.17204 7.95029636e-01
0.17263 7.93835964e-01
0.17323 7.92558169e-01
0.17383 7.91606791e-01
0.17443 7.90935662e-01
0.17503 7.89820889e-01
0.17564 7.88055520e-01
0.17625 7.86216107e-01
0.17686 7.84893884e-01
0.17747 7.84090969e-01
0.17808 7.83270009e-01
0.17870 7.82004907e-01
0.17932 7.80430560e-01
0.17994 7.79162596e-01
0.18056 7.78334169e-01
0.18119 7.77170613e-01
0.18182 7.75512142e-01
0.18244 7.74116996e-01
0.18308 7.73101031e-01
0.18371 7.72059182e-01
0.18435 7.70683076e-01
0.18498 7.69029458e-01
0.18562 7.67624853e-01
0.18627 7.66624569e-01
0.18691 7.65732676e-01
0.18756 7.64698542e-01
0.18821 7.63281369e-01
0.18886 7.61479911e-01
0.18951 7.60128196e-01
0.19017 7.59231698e-01
0.19083 7.57958009e-01
0.19149 7.56271538e-01
0.19215 7.54877636e-01
0.19282 7.53918418e-01
0.19348 7.52842098e-01
0.19415 7.51502578e-01
0.19483 7.49948391e-01
0.19550 7.48643467e-01
0.19618 7.47671929e-01
0.19686 7.46295076e-01
0.19754 7.44668089e-01
0.19822 7.43431858e-01
0.19891 7.42361511e-01
0.19960 7.41073884e-01
0.20029 7.39789244e-01
0.20098 7.38618471e-01
0.20168 7.37240124e-01
0.20237 7.35761600e-01
0.20307 7.34253084e-01
0.20378 7.33116284e-01
0.20448 7.32457973e-01
0.20519 7.31477476e-01
0.20590 7.29747698e-01
0.20661 7.27991413e-01
0.20733 7.26674667e-01
0.20805 7.25742951e-01
0.20877 7.24871840e-01
0.20949 7.23467609e-01
0.21021 7.21902222e-01
0.21094 7.20672338e-01
0.21167 7.19486009e-01
0.21240 7.18289724e-01
0.21314 7.17352533e-01
0.21388 7.16368302e-01
0.21462 7.14904960e-01
0.21536 7.13305973e-01
0.21611 7.11856569e-01
0.21685 7.10659413e-01
0.21760 7.09897191e-01
0.21836 7.09290524e-01
0.21911 7.08102951e-01
0.21987 7.06289547e-01
0.22063 7.04721547e-01
0.22140 7.03583004e-01
0.22216 7.02576871e-01
0.22293 7.01798969e-01
0.22370 7.00737458e-01
0.22448 6.99374667e-01
0.22526 6.98202027e-01
0.22604 6.97181209e-01
0.22682 6.96134631e-01
0.22760 6.94839164e-01
0.22839 6.93257351e-01
0.22918 6.91888836e-01
0.22998 6.91055307e-01
0.23077 6.90311502e-01
0.23157 6.89396711e-01
0.23237 6.88448071e-01
0.23318 6.87230507e-01
0.23398 6.85655787e-01
0.23479 6.84189831e-01
0.23561 6.83129938e-01
0.23642 6.82319307e-01
0.23724 6.81535556e-01
0.23806 6.80629973e-01
0.23889 6.79429707e-01
0.23971 6.78039538e-01
0.24054 6.76733618e-01
0.24137 6.75724000e-01
0.24221 6.74942738e-01
0.24305 6.74016249e-01
0.24389 6.72796942e-01
0.24473 6.71541049e-01
0.24558 6.70471449e-01
0.24643 6.69525049e-01
0.24728 6.68787591e-01
0.24814 6.67848036e-01
0.24900 6.66462720e-01
0.24986 6.65212924e-01
0.25073 6.64036053e-01
0.25159 6.62790364e-01
0.25246 6.62058382e-01
0.25334 6.61529618e-01
0.25422 6.60623164e-01
0.25510 6.59543111e-01
0.25598 6.58359022e-01
0.25687 6.57105742e-01
0.25775 6.56036267e-01
0.25865 6.54979733e-01
0.25954 6.54073280e-01
0.26044 6.53362578e-01
0.26134 6.52165920e-01
0.26225 6.50968516e-01
0.26315 6.50404284e-01
0.26406 6.49742738e-01
0.26498 6.48617884e-01
0.26590 6.47627058e-01
0.26682 6.46688622e-01
0.26774 6.45467698e-01
0.26867 6.44164516e-01
0.26960 6.43004818e-01
0.27053 6.42038631e-01
0.27147 6.41433333e-01
0.27241 6.40812853e-01
0.27335 6.40025244e-01
0.27430 6.39261653e-01
0.27525 6.38584676e-01
0.27620 6.37514204e-01
0.27715 6.35963876e-01
0.27811 6.34757884e-01
0.27908 6.33895360e-01
0.28004 6.32979698e-01
0.28101 6.31976551e-01
0.28198 6.31207609e-01
0.28296 6.30529511e-01
0.28394 6.29859253e-01
0.28492 6.29223716e-01
0.28591 6.28182738e-01
0.28690 6.26726116e-01
0.28789 6.25929422e-01
0.28889 6.25515644e-01
0.28989 6.24318862e-01
0.29089 6.22730702e-01
0.29190 6.21907378e-01
0.29291 6.21531804e-01
0.29392 6.20518204e-01
0.29494 6.19378293e-01
0.29596 6.18636729e-01
0.29699 6.17749316e-01
0.29801 6.16820587e-01
0.29905 6.16084000e-01
0.30008 6.15037547e-01
0.30112 6.13814631e-01
0.30216 6.13054400e-01
0.30321 6.12621209e-01
0.30426 6.11709529e-01
0.30531 6.10097102e-01
0.30637 6.08915502e-01
0.30743 6.08430791e-01
0.30849 6.07618169e-01
0.30956 6.06211200e-01
0.31063 6.04908889e-01
0.31171 6.04066649e-01
0.31279 6.03504284e-01
0.31387 6.03027662e-01
0.31496 6.02062222e-01
0.31605 6.00621031e-01
0.31714 5.99626969e-01
0.31824 5.99070827e-01
0.31934 5.97991022e-01
0.32044 5.96471307e-01
0.32155 5.95140000e-01
0.32267 5.94163484e-01
0.32378 5.93341653e-01
0.32490 5.92321209e-01
0.32603 5.91321547e-01
0.32716 5.90449813e-01
0.32829 5.89327947e-01
0.32943 5.88210560e-01
0.33057 5.87588960e-01
0.33171 5.86731413e-01
0.33286 5.85068711e-01
0.33401 5.83461511e-01
0.33517 5.82430613e-01
0.33633 5.81660053e-01
0.33749 5.80743271e-01
0.33866 5.79324480e-01
0.33983 5.77761831e-01
0.34101 5.76987538e-01
0.34219 5.76791538e-01
0.34337 5.75958756e-01
0.34456 5.74203840e-01
0.34576 5.72508409e-01
0.34695 5.71423129e-01
0.34815 5.70461298e-01
0.34936 5.69155751e-01
0.35057 5.67728124e-01
0.35178 5.66438133e-01
0.35300 5.65287520e-01
0.35422 5.64197760e-01
0.35545 5.63324160e-01
0.35668 5.62642827e-01
0.35791 5.61540871e-01
0.35915 5.59941262e-01
0.36039 5.58524338e-01
0.36164 5.57579182e-01
0.36289 5.56599058e-01
0.36415 5.55144800e-01
0.36541 5.53287218e-01
0.36668 5.51565778e-01
0.36795 5.50462951e-01
0.36922 5.49855787e-01
0.37050 5.49200462e-01
0.37178 5.48015129e-01
0.37307 5.46338862e-01
0.37436 5.44942844e-01
0.37565 5.44253671e-01
0.37695 5.43630578e-01
0.37826 5.42345067e-01
0.37957 5.40276302e-01
0.38088 5.38239644e-01
0.38220 5.37020338e-01
0.38352 5.36385049e-01
0.38485 5.35444000e-01
0.38618 5.33993724e-01
0.38752 5.32644000e-01
0.38886 5.31647449e-01
0.39021 5.30817156e-01
0.39156 5.29996320e-01
0.39291 5.29034862e-01
0.39427 5.27767396e-01
0.39564 5.26055662e-01
0.39701 5.24284444e-01
0.39838 5.23122631e-01
0.39976 5.22329920e-01
0.40115 5.21181422e-01
0.40253 5.19683360e-01
0.40393 5.18112000e-01
0.40533 5.16786791e-01
0.40673 5.16066507e-01
0.40814 5.15777422e-01
0.40955 5.15111147e-01
0.41097 5.13740267e-01
0.41239 5.12397636e-01
0.41382 5.11473138e-01
0.41525 5.10540551e-01
0.41669 5.09028053e-01
0.41813 5.07718773e-01
0.41958 5.07010809e-01
0.42103 5.05965351e-01
0.42249 5.04174098e-01
0.42395 5.02665209e-01
0.42542 5.02048711e-01
0.42689 5.01751538e-01
0.42837 5.01291964e-01
0.42985 5.00122809e-01
0.43134 4.98531662e-01
0.43283 4.97491929e-01
0.43433 4.96985938e-01
0.43583 4.96687022e-01
0.43734 4.96235164e-01
0.43886 4.95050702e-01
0.44037 4.93357511e-01
0.44190 4.91778684e-01
0.44343 4.90630809e-01
0.44496 4.89526738e-01
0.44650 4.88826364e-01
0.44805 4.88751324e-01
0.44960 4.88327093e-01
0.45116 4.87843253e-01
0.45272 4.87198009e-01
0.45429 4.86062329e-01
0.45586 4.85089547e-01
0.45744 4.84512996e-01
0.45902 4.84449529e-01
0.46061 4.84081173e-01
0.46220 4.83062471e-01
0.46380 4.81569636e-01
0.46541 4.79856409e-01
0.46702 4.79109991e-01
0.46864 4.79566951e-01
0.47026 4.79658044e-01
0.47189 4.78677298e-01
0.47352 4.76788480e-01
0.47516 4.75258933e-01
0.47680 4.74739253e-01
0.47845 4.75128018e-01
0.48011 4.75659520e-01
0.48177 4.76138880e-01
0.48344 4.76237316e-01
0.48511 4.75416729e-01
0.48679 4.74003911e-01
0.48848 4.72422347e-01
0.49017 4.71287289e-01
0.49186 4.71199058e-01
0.49357 4.71281316e-01
0.49528 4.70542489e-01
0.49699 4.69630684e-01
0.49871 4.68674329e-01
0.50044 4.68005813e-01
0.50217 4.68794044e-01
0.50391 4.70164427e-01
0.50565 4.70110418e-01
0.50740 4.68648444e-01
0.50916 4.67804338e-01
0.51092 4.67153991e-01
0.51269 4.66050418e-01
0.51446 4.65781991e-01
0.51625 4.65951484e-01
0.51803 4.65547040e-01
0.51983 4.65186151e-01
0.52163 4.65445369e-01
0.52343 4.65285084e-01
0.52524 4.64418204e-01
0.52706 4.63439822e-01
0.52889 4.62498524e-01
0.53072 4.62095200e-01
0.53255 4.62132658e-01
0.53440 4.62376320e-01
0.53625 4.62712196e-01
0.53810 4.62929476e-01
0.53997 4.62962578e-01
0.54183 4.62633671e-01
0.54371 4.61642222e-01
0.54559 4.60817031e-01
0.54748 4.60966987e-01
0.54938 4.61771769e-01
0.55128 4.61884267e-01
0.55319 4.60795627e-01
0.55510 4.59794098e-01
0.55702 4.58861636e-01
0.55895 4.57409493e-01
0.56089 4.57379751e-01
0.56283 4.58692142e-01
0.56478 4.59363893e-01
0.56673 4.59357920e-01
0.56869 4.58615982e-01
0.57066 4.57545511e-01
0.57264 4.57328356e-01
0.57462 4.57197440e-01
0.57661 4.56643289e-01
0.57860 4.56628107e-01
0.58061 4.57075982e-01
0.58262 4.56831200e-01
0.58463 4.56159698e-01
0.58666 4.56107804e-01
0.58869 4.55881316e-01
0.59073 4.55000000e-01
0.59277 4.54863858e-01
0.59482 4.55398347e-01
0.59688 4.55229600e-01
0.59895 4.54289049e-01
0.60102 4.53300836e-01
0.60310 4.52767840e-01
0.60519 4.52098453e-01
0.60728 4.51648089e-01
0.60939 4.52356551e-01
0.61150 4.53312284e-01
0.61361 4.53724320e-01
0.61574 4.53861333e-01
0.61787 4.53459876e-01
0.62001 4.52642151e-01
0.62215 4.51800907e-01
0.62431 4.51213778e-01
0.62647 4.50727573e-01
0.62864 4.49719573e-01
0.63081 4.48682329e-01
0.63300 4.48612267e-01
0.63519 4.48826436e-01
0.63739 4.48353049e-01
0.63959 4.47621938e-01
0.64181 4.47325760e-01
0.64403 4.47332107e-01
0.64626 4.47392089e-01
0.64849 4.47217991e-01
0.65074 4.46650773e-01
0.65299 4.46091396e-01
0.65525 4.45989227e-01
0.65752 4.46269724e-01
0.65980 4.46143538e-01
0.66208 4.44905440e-01
0.66437 4.43524604e-01
0.66667 4.43152018e-01
0.66898 4.43104480e-01
0.67130 4.42540000e-01
0.67362 4.41969796e-01
0.67595 4.41841120e-01
0.67829 4.41559004e-01
0.68064 4.41173476e-01
0.68299 4.41251253e-01
0.68536 4.41096444e-01
0.68773 4.40244124e-01
0.69011 4.39733156e-01
0.69250 4.39523467e-01
0.69490 4.38554293e-01
0.69730 4.37243520e-01
0.69972 4.36363947e-01
0.70214 4.35671538e-01
0.70457 4.35122862e-01
0.70701 4.35042596e-01
0.70946 4.35025547e-01
0.71191 4.34442400e-01
0.71438 4.33716391e-01
0.71685 4.33442489e-01
0.71933 4.33231929e-01
0.72182 4.32620907e-01
0.72432 4.31692800e-01
0.72683 4.30621084e-01
0.72934 4.29508302e-01
0.73187 4.28490222e-01
0.73440 4.27650347e-01
0.73694 4.27085369e-01
0.73949 4.26826151e-01
0.74205 4.26673956e-01
0.74462 4.26479324e-01
0.74720 4.26110098e-01
0.74979 4.25494969e-01
0.75238 4.24746187e-01
0.75499 4.24002382e-01
0.75760 4.23450222e-01
0.76022 4.22919093e-01
0.76285 4.21939342e-01
0.76549 4.20596960e-01
0.76814 4.19400178e-01
0.77080 4.18373636e-01
0.77347 4.17323324e-01
0.77615 4.16558987e-01
0.77884 4.16166489e-01
0.78153 4.15576000e-01
0.78424 4.14630969e-01
0.78695 4.13763716e-01
0.78968 4.13132782e-01
0.79241 4.12634009e-01
0.79515 4.12263787e-01
0.79790 4.11856604e-01
0.80067 4.11158222e-01
0.80344 4.10370862e-01
0.80622 4.09835378e-01
0.80901 4.09412640e-01
0.81181 4.08844302e-01
0.81462 4.08150027e-01
0.81744 4.07279289e-01
0.82027 4.06099804e-01
0.82311 4.04751324e-01
0.82596 4.03444160e-01
0.82882 4.02195111e-01
0.83169 4.00986220e-01
0.83457 3.99848126e-01
0.83745 3.98757035e-01
0.84035 3.97667461e-01
0.84326 3.96609908e-01
0.84618 3.95640299e-01
0.84911 3.94777874e-01
0.85205 3.94023492e-01
0.85500 3.93332277e-01
0.85796 3.92608434e-01
0.86093 3.91805705e-01
0.86391 3.90939609e-01
0.86690 3.90000203e-01
0.86990 3.88990236e-01
0.87291 3.87977943e-01
0.87593 3.87013548e-01
0.87897 3.86101781e-01
0.88201 3.85258546e-01
0.88506 3.84486965e-01
0.88813 3.83764366e-01
0.89120 3.83102372e-01
0.89428 3.82528409e-01
0.89738 3.82013918e-01
0.90049 3.81477700e-01
0.90360 3.80832331e-01
0.90673 3.80013636e-01
0.90987 3.79008983e-01
0.91302 3.77865550e-01
0.91618 3.76653511e-01
0.91935 3.75413870e-01
0.92253 3.74133623e-01
0.92573 3.72772114e-01
0.92893 3.71316325e-01
0.93215 3.69811717e-01
0.93537 3.68339502e-01
0.93861 3.66962487e-01
0.94186 3.65685339e-01
0.94512 3.64469454e-01
0.94839 3.63291115e-01
0.95168 3.62174773e-01
0.95497 3.61160974e-01
0.95828 3.60261004e-01
0.96159 3.59448171e-01
0.96492 3.58676665e-01
0.96826 3.57907436e-01
0.97161 3.57129758e-01
0.97498 3.56359696e-01
0.97835 3.55616190e-01
0.98174 3.54904480e-01
0.98514 3.54212345e-01
0.98855 3.53515979e-01
0.99197 3.52789783e-01
0.99540 3.52017332e-01
0.99885 3.51192016e-01
1.00231 3.50310949e-01
1.00578 3.49365819e-01
1.00926 3.48340956e-01
1.01275 3.47220459e-01
1.01626 3.45999360e-01
1.01978 3.44692046e-01
1.02330 3.43330076e-01
1.02685 3.41948507e-01
1.03040 3.40571803e-01
1.03397 3.39208601e-01
1.03755 3.37858068e-01
1.04114 3.36520526e-01
1.04474 3.35204091e-01
1.04836 3.33922188e-01
1.05199 3.32685385e-01
1.05563 3.31496007e-01
1.05928 3.30348965e-01
1.06295 3.29236245e-01
1.06663 3.28151650e-01
1.07032 3.27094370e-01
1.07403 3.26068176e-01
1.07775 3.25076802e-01
1.08148 3.24119102e-01
1.08522 3.23188407e-01
1.08898 3.22277125e-01
1.09275 3.21383004e-01
1.09653 3.20511035e-01
1.10032 3.19669641e-01
1.10413 3.18864473e-01
1.10796 3.18095493e-01
1.11179 3.17358546e-01
1.11564 3.16648964e-01
1.11950 3.15962540e-01
1.12338 3.15293079e-01
1.12726 3.14629106e-01
1.13117 3.13953348e-01
1.13508 3.13245893e-01
1.13901 3.12488661e-01
1.14295 3.11668174e-01
1.14691 3.10775634e-01
1.15088 3.09805502e-01
1.15487 3.08754805e-01
1.15886 3.07623804e-01
1.16287 3.06416967e-01
1.16690 3.05143004e-01
1.17094 3.03813278e-01
1.17499 3.02439710e-01
1.17906 3.01033426e-01
1.18314 2.99604841e-01
1.18724 2.98164148e-01
1.19135 2.96722036e-01
1.19547 2.95289307e-01
1.19961 2.93876178e-01
1.20376 2.92491522e-01
1.20793 2.91142681e-01
1.21211 2.89835803e-01
1.21630 2.88576238e-01
1.22052 2.87368530e-01
1.22474 2.86215975e-01
1.22898 2.85120292e-01
1.23323 2.84081566e-01
1.23750 2.83098555e-01
1.24179 2.82169141e-01
1.24609 2.81290427e-01
1.25040 2.80458839e-01
1.25473 2.79670197e-01
1.25907 2.78919972e-01
1.26343 2.78203458e-01
1.26780 2.77515877e-01
1.27219 2.76852215e-01
1.27659 2.76207132e-01
1.28101 2.75574768e-01
1.28545 2.74948837e-01
1.28990 2.74322732e-01
1.29436 2.73689422e-01
1.29884 2.73041564e-01
1.30334 2.72371705e-01
1.30785 2.71672551e-01
1.31238 2.70937532e-01
1.31692 2.70161173e-01
1.32148 2.69339454e-01
1.32605 2.68469998e-01
1.33064 2.67552121e-01
1.33525 2.66586793e-01
1.33987 2.65576503e-01
1.34451 2.64524997e-01
1.34916 2.63437042e-01
1.35383 2.62318037e-01
1.35852 2.61173659e-01
1.36322 2.60009680e-01
1.36794 2.58831639e-01
1.37268 2.57644812e-01
1.37743 2.56454041e-01
1.38220 2.55263742e-01
1.38698 2.54077824e-01
1.39178 2.52899733e-01
1.39660 2.51732444e-01
1.40144 2.50578546e-01
1.40629 2.49440265e-01
1.41115 2.48319493e-01
1.41604 2.47217861e-01
1.42094 2.46136812e-01
1.42586 2.45077516e-01
1.43080 2.44041031e-01
1.43575 2.43028265e-01
1.44072 2.42039952e-01
1.44571 2.41076789e-01
1.45071 2.40139300e-01
1.45573 2.39227968e-01
1.46077 2.38343093e-01
1.46583 2.37484924e-01
1.47090 2.36653536e-01
1.47599 2.35848853e-01
1.48110 2.35070565e-01
1.48623 2.34318187e-01
1.49137 2.33590958e-01
1.49654 2.32887760e-01
1.50172 2.32207161e-01
1.50692 2.31547294e-01
1.51213 2.30905908e-01
1.51737 2.30280288e-01
1.52262 2.29667374e-01
1.52789 2.29063607e-01
1.53318 2.28465204e-01
1.53849 2.27868094e-01
1.54381 2.27268060e-01
1.54916 2.26660908e-01
1.55452 2.26042556e-01
1.55990 2.25409109e-01
1.56530 2.24757083e-01
1.57072 2.24083378e-01
1.57615 2.23385481e-01
1.58161 2.22661388e-01
1.58709 2.21909682e-01
1.59258 2.21129540e-01
1.59809 2.20320725e-01
1.60362 2.19483426e-01
1.60918 2.18618350e-01
1.61475 2.17726631e-01
1.62034 2.16809650e-01
1.62594 2.15869198e-01
1.63157 2.14907255e-01
1.63722 2.13925998e-01
1.64289 2.12927767e-01
1.64857 2.11915013e-01
1.65428 2.10890338e-01
1.66001 2.09856354e-01
1.66575 2.08815724e-01
1.67152 2.07771138e-01
1.67731 2.06725307e-01
1.68311 2.05680932e-01
1.68894 2.04640663e-01
1.69478 2.03607140e-01
1.70065 2.02582900e-01
1.70654 2.01570407e-01
1.71245 2.00572064e-01
1.71837 1.99590085e-01
1.72432 1.98626661e-01
1.73029 1.97683696e-01
1.73628 1.96763068e-01
1.74229 1.95866372e-01
1.74832 1.94995036e-01
1.75437 1.94150332e-01
1.76045 1.93333205e-01
1.76654 1.92544464e-01
1.77266 1.91784619e-01
1.77879 1.91053956e-01
1.78495 1.90352487e-01
1.79113 1.89680002e-01
1.79733 1.89035989e-01
1.80355 1.88419716e-01
1.80979 1.87830123e-01
1.81606 1.87266016e-01
1.82234 1.86725815e-01
1.82865 1.86207828e-01
1.83498 1.85710050e-01
1.84133 1.85230316e-01
1.84771 1.84766238e-01
1.85410 1.84315314e-01
1.86052 1.83874905e-01
1.86696 1.83442187e-01
1.87342 1.83014322e-01
1.87991 1.82588448e-01
1.88642 1.82161691e-01
1.89295 1.81731200e-01
1.89950 1.81294213e-01
1.90607 1.80848117e-01
1.91267 1.80390386e-01
1.91929 1.79918754e-01
1.92594 1.79431118e-01
1.93260 1.78925625e-01
1.93929 1.78400706e-01
1.94601 1.77855029e-01
1.95274 1.77287563e-01
1.95950 1.76697534e-01
1.96629 1.76084446e-01
1.97309 1.75448137e-01
1.97992 1.74788631e-01
1.98678 1.74106215e-01
1.99365 1.73401449e-01
2.00055 1.72711342e-01
2.00748 1.72414455e-01
2.01443 1.72094869e-01
2.02140 1.71753892e-01
2.02840 1.71392978e-01
2.03542 1.71013684e-01
2.04247 1.70617701e-01
2.04954 1.70206823e-01
2.05663 1.69782878e-01
2.06375 1.69347746e-01
2.07090 1.68903355e-01
2.07806 1.68451659e-01
2.08526 1.67994549e-01
2.09247 1.67534018e-01
2.09972 1.67071918e-01
2.10699 1.66610105e-01
2.11428 1.66150420e-01
2.12160 1.65694604e-01
2.12894 1.65244352e-01
2.13631 1.64801280e-01
2.14371 1.64366894e-01
2.15113 1.63942663e-01
2.15857 1.63529906e-01
2.16605 1.63129892e-01
2.17354 1.62743753e-01
2.18107 1.62372523e-01
2.18862 1.62017122e-01
2.19619 1.61678384e-01
2.20380 1.61356956e-01
2.21143 1.61053461e-01
2.21908 1.60768347e-01
2.22676 1.60501924e-01
2.23447 1.60254453e-01
2.24220 1.60026011e-01
2.24997 1.59816583e-01
2.25775 1.59626046e-01
2.26557 1.59454151e-01
2.27341 1.59300512e-01
2.28128 1.59164693e-01
2.28918 1.59046085e-01
2.29710 1.58944041e-01
2.30505 1.58857751e-01
2.31303 1.58786345e-01
2.32104 1.58728876e-01
2.32908 1.58684300e-01
2.33714 1.58651484e-01
2.34523 1.58629284e-01
2.35335 1.58616416e-01
2.36149 1.58611625e-01
2.36967 1.58613541e-01
2.37787 1.58620834e-01
2.38610 1.58632133e-01
2.39436 1.58646021e-01
2.40265 1.58661104e-01
2.41097 1.58676037e-01
2.41931 1.58689440e-01
2.42769 1.58700005e-01
2.43609 1.58706439e-01
2.44452 1.58707534e-01
2.45298 1.58702096e-01
2.46148 1.58689104e-01
2.47000 1.58667476e-01
2.47855 1.58636290e-01
2.48713 1.58594750e-01
2.49574 1.58542123e-01
2.50438 1.58470368e-01
2.51304 1.58379013e-01
2.52174 1.58274729e-01
2.53047 1.58157191e-01
2.53923 1.58026188e-01
2.54802 1.57881559e-01
2.55684 1.57723353e-01
2.56569 1.57551644e-01
2.57457 1.57366620e-01
2.58349 1.57168555e-01
2.59243 1.56957808e-01
2.60140 1.56734853e-01
2.61041 1.56500201e-01
2.61944 1.56254448e-01
2.62851 1.55998180e-01
2.63761 1.55732155e-01
2.64674 1.55457070e-01
2.65590 1.55173723e-01
2.66510 1.54882896e-01
2.67432 1.54585424e-01
2.68358 1.54282128e-01
2.69287 1.53973892e-01
2.70219 1.53661561e-01
2.71154 1.53345982e-01
2.72093 1.53028002e-01
2.73035 1.52708491e-01
2.73980 1.52388258e-01
2.74928 1.52068100e-01
2.75880 1.51748837e-01
2.76835 1.51431218e-01
2.77793 1.51115988e-01
2.78755 1.50803844e-01
2.79720 1.50495470e-01
2.80688 1.50191515e-01
2.81660 1.49892574e-01
2.82635 1.49599259e-01
2.83613 1.49312078e-01
2.84595 1.49031556e-01
2.85580 1.48758139e-01
2.86569 1.48492238e-01
2.87561 1.48234302e-01
2.88556 1.47984629e-01
2.89555 1.47743518e-01
2.90557 1.47511292e-01
2.91563 1.47288126e-01
2.92572 1.47074268e-01
2.93585 1.46869844e-01
2.94601 1.46674976e-01
2.95621 1.46489753e-01
2.96644 1.46314224e-01
2.97671 1.46148389e-01
2.98702 1.45992236e-01
2.99736 1.45845716e-01
3.00773 1.45694964e-01
3.01814 1.45548866e-01
3.02859 1.45411989e-01
3.03907 1.45284160e-01
3.04960 1.45165129e-01
3.06015 1.45054672e-01
3.07074 1.44952491e-01
3.08137 1.44858299e-01
3.09204 1.44771772e-01
3.10274 1.44692576e-01
3.11348 1.44620336e-01
3.12426 1.44554654e-01
3.13508 1.44495145e-01
3.14593 1.44441360e-01
3.15682 1.44392889e-01
3.16775 1.44349271e-01
3.17871 1.44310046e-01
3.18972 1.44274716e-01
3.20076 1.44242834e-01
3.21184 1.44213888e-01
3.22295 1.44187381e-01
3.23411 1.44162816e-01
3.24531 1.44139707e-01
3.25654 1.44117543e-01
3.26781 1.44095803e-01
3.27912 1.44074000e-01
3.29047 1.44051662e-01
3.30187 1.44028279e-01
3.31330 1.44003378e-01
3.32476 1.43976485e-01
3.33627 1.43947154e-01
3.34782 1.43914910e-01
3.35941 1.43879332e-01
3.37104 1.43840020e-01
3.38271 1.43796551e-01
3.39442 1.43748553e-01
3.40617 1.43695627e-01
3.41796 1.43637474e-01
3.42979 1.43573708e-01
3.44166 1.43504057e-01
3.45358 1.43428220e-01
3.46553 1.43345950e-01
3.47753 1.43256985e-01
3.48957 1.43161088e-01
3.50164 1.43057003e-01
3.51377 1.42938556e-01
3.52593 1.42812469e-01
3.53814 1.42678629e-01
3.55038 1.42536912e-01
3.56267 1.42387268e-01
3.57500 1.42229596e-01
3.58738 1.42063886e-01
3.59980 1.41890149e-01
3.61226 1.41708348e-01
3.62476 1.41518508e-01
3.63731 1.41320716e-01
3.64990 1.41115010e-01
3.66254 1.40901476e-01
3.67521 1.40680226e-01
3.68794 1.40451348e-01
3.70070 1.40215003e-01
3.71351 1.39971316e-01
3.72637 1.39720448e-01
3.73927 1.39462562e-01
3.75221 1.39197856e-01
3.76520 1.38926492e-01
3.77823 1.38648695e-01
3.79131 1.38364663e-01
3.80443 1.38074583e-01
3.81760 1.37778692e-01
3.83082 1.37477237e-01
3.84408 1.37170407e-01
3.85739 1.36858475e-01
3.87074 1.36541652e-01
3.88414 1.36220162e-01
3.89758 1.35894254e-01
3.91107 1.35564203e-01
3.92461 1.35230194e-01
3.93820 1.34892501e-01
3.95183 1.34551349e-01
3.96551 1.34206962e-01
3.97924 1.33859612e-01
3.99301 1.33509500e-01
4.00683 1.33184937e-01
4.02070 1.32887079e-01
4.03462 1.32587479e-01
4.04859 1.32286398e-01
4.06260 1.31984060e-01
4.07667 1.31680702e-01
4.09078 1.31376548e-01
4.10494 1.31071820e-01
4.11915 1.30766732e-01
4.13341 1.30461495e-01
4.14771 1.30156283e-01
4.16207 1.29851344e-01
4.17648 1.29546816e-01
4.19094 1.29242898e-01
4.20545 1.28939751e-01
4.22000 1.28637563e-01
4.23461 1.28336469e-01
4.24927 1.28036633e-01
4.26398 1.27738203e-01
4.27874 1.27441316e-01
4.29355 1.27146108e-01
4.30841 1.26852706e-01
4.32332 1.26561220e-01
4.33829 1.26271762e-01
4.35331 1.25984457e-01
4.36838 1.25699404e-01
4.38350 1.25416692e-01
4.39867 1.25136430e-01
4.41390 1.24858670e-01
4.42918 1.24583511e-01
4.44451 1.24311052e-01
4.45990 1.24041332e-01
4.47533 1.23774411e-01
4.49083 1.23510352e-01
4.50637 1.23260741e-01
4.52197 1.23030395e-01
4.53762 1.22802612e-01
4.55333 1.22577467e-01
4.56909 1.22354997e-01
4.58491 1.22135253e-01
4.60078 1.21918247e-01
4.61670 1.21704028e-01
4.63269 1.21492610e-01
4.64872 1.21284028e-01
4.66481 1.21078297e-01
4.68096 1.20875440e-01
4.69717 1.20675458e-01
4.71343 1.20478388e-01
4.72974 1.20284204e-01
4.74611 1.20092958e-01
4.76254 1.19904624e-01
4.77903 1.19719202e-01
4.79557 1.19536716e-01
4.81217 1.19357143e-01
4.82883 1.19180482e-01
4.84555 1.19006720e-01
4.86232 1.18835883e-01
4.87915 1.18667895e-01
4.89604 1.18502807e-01
4.91299 1.18340594e-01
4.92999 1.18181230e-01
4.94706 1.18024679e-01
4.96418 1.17870965e-01
4.98137 1.17720052e-01
4.99861 1.17571900e-01
5.01591 1.17414876e-01
5.03328 1.17260030e-01
5.05070 1.17108395e-01
5.06818 1.16959932e-01
5.08573 1.16814581e-01
5.10333 1.16672329e-01
5.12100 1.16533138e-01
5.13873 1.16396983e-01
5.15651 1.16263803e-01
5.17436 1.16133596e-01
5.19228 1.16006290e-01
5.21025 1.15881883e-01
5.22828 1.15760313e-01
5.24638 1.15641543e-01
5.26454 1.15525561e-01
5.28277 1.15412304e-01
5.30105 1.15301735e-01
5.31940 1.15193829e-01
5.33782 1.15088562e-01
5.35629 1.14985845e-01
5.37484 1.14885680e-01
5.39344 1.14788041e-01
5.41211 1.14692853e-01
5.43084 1.14600092e-01
5.44965 1.14509746e-01
5.46851 1.14421739e-01
5.48744 1.14336071e-01
5.50643 1.14281552e-01
5.52550 1.14286181e-01
5.54462 1.14293636e-01
5.56381 1.14303865e-01
5.58308 1.14316832e-01
5.60240 1.14332500e-01
5.62179 1.14350805e-01
5.64125 1.14371737e-01
5.66078 1.14395244e-01
5.68038 1.14421253e-01
5.70004 1.14449776e-01
5.71977 1.14480725e-01
5.73957 1.14514114e-01
5.75944 1.14549854e-01
5.77938 1.14587934e-01
5.79938 1.14628316e-01
5.81946 1.14670964e-01
5.83960 1.14715838e-01
5.85982 1.14762916e-01
5.88010 1.14812146e-01
5.90045 1.14863492e-01
5.92088 1.14916953e-01
5.94137 1.14972455e-01
5.96194 1.15029998e-01
5.98258 1.15089520e-01
6.00329 1.15134370e-01
6.02407 1.15092706e-01
6.04492 1.15053083e-01
6.06585 1.15015426e-01
6.08684 1.14979735e-01
6.10791 1.14945948e-01
6.12906 1.14914066e-01
6.15027 1.14884012e-01
6.17156 1.14855788e-01
6.19293 1.14829332e-01
6.21436 1.14692356e-01
6.23588 1.14501918e-01
6.25746 1.14313397e-01
6.27912 1.14126743e-01
6.30086 1.13941931e-01
6.32267 1.13758923e-01
6.34455 1.13577719e-01
6.36652 1.13398220e-01
6.38856 1.13220439e-01
6.41067 1.13080078e-01
6.43286 1.12979938e-01
6.45513 1.12881627e-01
6.47747 1.12785120e-01
6.49990 1.12690380e-01
6.52240 1.12597371e-01
6.54497 1.12506053e-01
6.56763 1.12416416e-01
6.59037 1.12328384e-01
6.61318 1.12227559e-01
6.63607 1.12117812e-01
6.65904 1.12009669e-01
6.68209 1.11903095e-01
6.70522 1.11798064e-01
6.72843 1.11694526e-01
6.75172 1.11592507e-01
6.77510 1.11491906e-01
6.79855 1.11392748e-01
6.82208 1.11258336e-01
6.84570 1.11123164e-01
6.86939 1.10989660e-01
6.89317 1.10857762e-01
6.91704 1.10727456e-01
6.94098 1.10598693e-01
6.96500 1.10471486e-01
6.98911 1.10345760e-01
7.01331 1.10218852e-01
7.03759 1.10092901e-01
7.06195 1.09970597e-01
7.08639 1.09851890e-01
7.11092 1.09891625e-01
7.13554 1.10127422e-01
7.16024 1.10365572e-01
7.18502 1.10606110e-01
7.20990 1.10826178e-01
7.23485 1.11014325e-01
7.25990 1.11205323e-01
7.28503 1.11399095e-01
7.31025 1.11684770e-01
7.33555 1.12104309e-01
7.36094 1.12527557e-01
7.38642 1.12954489e-01
7.41199 1.13539614e-01
7.43765 1.14306466e-01
7.46340 1.15080933e-01
7.48923 1.15863029e-01
7.51516 1.16983129e-01
7.54117 1.18357580e-01
7.56727 1.19754693e-01
7.59347 1.21174816e-01
7.61975 1.22015662e-01
7.64613 1.22666619e-01
7.67260 1.23325340e-01
7.69916 1.23991964e-01
7.72581 1.24493874e-01
7.75255 1.25000263e-01
7.77939 1.25516907e-01
7.80632 1.25813408e-01
7.83334 1.25375326e-01
7.86046 1.24960802e-01
7.88767 1.24569536e-01
7.91497 1.24606036e-01
7.94237 1.24997836e-01
7.96986 1.25410407e-01
7.99745 1.25843972e-01
8.02513 1.40198576e-01
8.05291 1.38193801e-01
8.08079 1.36244416e-01
8.10876 1.41749751e-01
8.13683 1.40470873e-01
8.16500 1.41218660e-01
8.19326 1.50714443e-01
8.22162 1.35389084e-01
8.25008 1.58864820e-01
8.27864 1.30050331e-01
8.30730 1.59817877e-01
8.33605 1.62910757e-01
8.36491 1.66042028e-01
8.39386 1.70930443e-01
8.42292 1.56506062e-01
8.45208 1.66583212e-01
8.48133 1.82055378e-01
8.51069 1.82747040e-01
8.54016 1.90958382e-01
8.56972 1.88174460e-01
8.59938 2.05306068e-01
8.62915 2.12328754e-01
8.65902 2.41158400e-01
8.68899 3.01815522e-01
8.71907 3.50750338e-01
8.74925 3.93623714e-01
8.77954 5.40586642e-01
8.80993 7.23146766e-01
8.84043 7.58980444e-01
8.87103 6.55071822e-01
8.90174 6.46981813e-01
8.93255 7.38707822e-01
8.96347 7.81786208e-01
8.99450 7.93428894e-01
9.02563 8.12362096e-01
9.05688 9.16272336e-01
9.08823 1.05288991e+00
9.11969 1.23181483e+00
9.15126 1.40738065e+00
9.18294 1.54596261e+00
9.21472 1.63937980e+00
9.24662 1.70230604e+00
9.27863 1.75465365e+00
9.31075 1.79541620e+00
9.34298 1.76083264e+00
9.37532 1.63751504e+00
9.40777 1.48978642e+00
9.44034 1.36650391e+00
9.47302 1.25736140e+00
9.50581 1.23323300e+00
9.53871 1.23644864e+00
9.57173 1.18952898e+00
9.60487 1.11881081e+00
9.63811 1.02443936e+00
9.67148 9.64306933e-01
9.70495 9.85291378e-01
9.73855 1.12050711e+00
9.77226 1.31679707e+00
9.80609 1.41968860e+00
9.84003 1.47901488e+00
9.87409 1.49834596e+00
9.90827 1.37846987e+00
9.94257 1.13865198e+00
9.97699 9.44877671e-01
10.01153 8.64843840e-01
10.04618 8.65749547e-01
10.08096 9.27783236e-01
10.11585 1.04080580e+00
10.15087 1.19956186e+00
10.18601 1.39180985e+00
10.22127 1.53223307e+00
10.25665 1.60229201e+00
10.29215 1.65923837e+00
10.32778 1.72789104e+00
10.36353 1.78170907e+00
10.39941 1.80278264e+00
10.43540 1.79272041e+00
10.47153 1.76774237e+00
10.50777 1.74468286e+00
10.54415 1.71935680e+00
10.58065 1.68201314e+00
10.61727 1.63995378e+00
10.65403 1.58820828e+00
10.69091 1.52406464e+00
10.72791 1.43740066e+00
10.76505 1.33898613e+00
10.80231 1.19629851e+00
10.83971 1.07327572e+00
10.87723 9.62350169e-01
10.91488 8.37643022e-01
10.95266 7.47118624e-01
10.99058 8.00196805e-01
11.02862 9.12415877e-01
11.06680 9.77202140e-01
11.10511 9.54215385e-01
11.14355 8.77146492e-01
11.18212 7.96925559e-01
11.22083 7.23614155e-01
11.25967 6.60903152e-01
11.29865 6.31642729e-01
11.33776 6.48278885e-01
11.37701 6.84132126e-01
11.41639 7.69215652e-01
11.45591 8.63884871e-01
11.49556 9.31709259e-01
11.53536 9.52747189e-01
11.57529 9.21816610e-01
11.61536 8.56628117e-01
11.65556 7.67607655e-01
11.69591 6.75711792e-01
11.73640 5.74701543e-01
11.77702 4.31923769e-01
11.81779 2.97173644e-01
11.85870 2.30305003e-01
11.89975 1.78700455e-01
11.94094 1.58883262e-01
11.98227 1.40890114e-01
12.02375 1.21482492e-01
12.06537 1.20956341e-01
12.10714 1.08187682e-01
12.14905 1.00461412e-01
12.19110 9.83494400e-02
12.23330 9.13132267e-02
12.27565 9.91295698e-02
12.31814 9.26877280e-02
12.36078 8.36718400e-02
12.40357 9.07855822e-02
12.44651 8.93278649e-02
12.48959 8.37813511e-02
12.53283 7.65593049e-02
12.57621 8.59196178e-02
12.61974 8.21969618e-02
12.66343 8.53708053e-02
12.70726 8.18612853e-02
12.75125 7.92852107e-02
12.79539 8.40529262e-02
12.83968 8.15207307e-02
12.88413 7.51544142e-02
12.92873 7.56926116e-02
12.97348 8.75301156e-02
13.01839 8.36762578e-02
13.06345 8.58392889e-02
13.10867 8.60838098e-02
13.15405 8.72199378e-02
13.19959 9.99371271e-02
13.24528 1.02572736e-01
13.29113 9.74153102e-02
13.33713 1.19458901e-01
13.38330 1.52526092e-01
13.42963 1.79308988e-01
13.47612 1.67149173e-01
13.52277 1.49875326e-01
13.56958 1.47010690e-01
13.61655 1.61665330e-01
13.66368 2.06386805e-01
13.71098 2.70123964e-01
13.75844 3.43328583e-01
13.80607 3.39857952e-01
13.85386 2.64022229e-01
13.90182 2.04129445e-01
13.94994 1.57443764e-01
13.99823 1.40243749e-01
14.04668 1.37292773e-01
14.09531 1.37132178e-01
14.14410 1.46687844e-01
14.19306 1.64670800e-01
14.24219 1.99714965e-01
14.29149 2.49051799e-01
14.34096 2.95379516e-01
14.39060 3.26497148e-01
14.44042 3.06181817e-01
14.49041 2.65120215e-01
14.54057 2.45165262e-01
14.59090 2.31010030e-01
14.64141 2.38415819e-01
14.69209 2.47127154e-01
14.74295 2.49558126e-01
14.79398 2.42443214e-01
14.84519 2.37318206e-01
14.89658 2.30816096e-01
14.94814 2.19831248e-01
14.99989 2.08984571e-01
15.05181 2.00061979e-01
15.10392 2.36184841e-01
15.15620 2.63182665e-01
15.20866 3.09778498e-01
15.26131 3.60397084e-01
15.31414 3.94780811e-01
15.36715 4.27244645e-01
15.42034 4.56546148e-01
15.47372 4.65912683e-01
15.52729 4.31303326e-01
15.58103 3.73576971e-01
15.63497 3.13720524e-01
15.68909 2.56336976e-01
15.74340 2.32310276e-01
15.79790 2.18156724e-01
15.85258 2.04842711e-01
15.90746 2.05759916e-01
15.96252 1.95817104e-01
16.01778 1.89585474e-01
16.07323 1.91553849e-01
16.12886 2.03463282e-01
16.18470 2.28295200e-01
16.24072 2.60301602e-01
16.29694 2.72938773e-01
16.35335 2.91464731e-01
16.40996 3.11015052e-01
16.46677 3.09071255e-01
16.52377 3.14075365e-01
16.58097 3.22790782e-01
16.63836 3.11112891e-01
16.69596 3.18337836e-01
16.75375 3.38833824e-01
16.81175 3.73565273e-01
16.86994 3.94866715e-01
16.92834 4.15852727e-01
16.98694 4.55316437e-01
17.04574 4.97907125e-01
17.10474 5.44161259e-01
17.16395 6.07299230e-01
17.22337 6.76976969e-01
17.28299 7.60945099e-01
17.34281 8.35045244e-01
17.40285 8.89746418e-01
17.46309 9.43917582e-01
17.52354 1.01082750e+00
17.58420 1.08634014e+00
17.64507 1.13677237e+00
17.70615 1.13542153e+00
17.76744 1.14522352e+00
17.82894 1.20775138e+00
17.89066 1.28094300e+00
17.95259 1.32508606e+00
18.01473 1.32817477e+00
18.07709 1.31030505e+00
18.13967 1.29910679e+00
18.20246 1.29193033e+00
18.26547 1.27754356e+00
18.32870 1.22624407e+00
18.39214 1.16189223e+00
18.45581 1.10723810e+00
18.51969 1.05280921e+00
18.58380 9.84978898e-01
18.64813 9.06115342e-01
18.71268 8.61763218e-01
18.77746 8.73758044e-01
18.84246 9.55026364e-01
18.90768 1.07929671e+00
18.97313 1.22270885e+00
19.03881 1.35072684e+00
19.10472 1.46192443e+00
19.17085 1.53215452e+00
19.23721 1.55932796e+00
19.30380 1.56484471e+00
19.37062 1.55887001e+00
19.43768 1.53878393e+00
19.50496 1.51752521e+00
19.57248 1.47721355e+00
19.64023 1.44105472e+00
19.70822 1.39957851e+00
19.77644 1.35585508e+00
19.84490 1.32484850e+00
19.91359 1.29564985e+00
19.98252 1.27136091e+00
20.05169 1.23752247e+00
20.12110 1.19528528e+00
20.19076 1.14077994e+00
20.26065 1.08571761e+00
20.33078 1.02204820e+00
20.40116 9.58496236e-01
20.47178 8.85256860e-01
20.54264 8.19270741e-01
20.61375 7.69207973e-01
20.68511 7.11154964e-01
20.75671 6.57843797e-01
20.82856 6.16328247e-01
20.90066 5.83289019e-01
20.97301 5.65443884e-01
21.04561 5.66572496e-01
21.11846 5.84955106e-01
21.19157 5.92819870e-01
21.26492 6.01610987e-01
21.33853 6.26432302e-01
21.41240 6.72204836e-01
21.48652 7.05329458e-01
21.56090 7.08081920e-01
21.63553 6.97054773e-01
21.71043 6.91832462e-01
21.78558 6.97661689e-01
21.86099 7.23150400e-01
21.93666 7.70081611e-01
22.01260 8.10684100e-01
22.08880 8.25894658e-01
22.16526 8.05141319e-01
22.24199 7.54605152e-01
22.31898 6.72208706e-01
22.39624 5.84081792e-01
22.47377 5.09196987e-01
22.55156 4.56822290e-01
22.62962 4.40109476e-01
22.70796 4.59590581e-01
22.78656 4.99084407e-01
22.86544 5.20267253e-01
22.94459 4.92475561e-01
23.02402 4.30603388e-01
23.10372 3.68327132e-01
23.18369 3.26521515e-01
23.26394 3.07411378e-01
23.34447 3.14237554e-01
23.42528 3.43485844e-01
23.50637 3.82326498e-01
23.58774 4.13219346e-01
23.66939 4.25234843e-01
23.75133 4.13693479e-01
23.83354 3.92885708e-01
23.91604 3.77324043e-01
23.99883 3.78305947e-01
24.08191 4.06157198e-01
24.16527 4.60360805e-01
24.24892 5.20069088e-01
24.33286 5.45814217e-01
24.41709 5.17854064e-01
24.50161 4.59159506e-01
24.58642 4.02964514e-01
24.67153 3.62707060e-01
24.75693 3.33679310e-01
24.84263 3.07953993e-01
24.92863 2.82086224e-01
25.01492 2.62656340e-01
25.10151 2.52907723e-01
25.18840 2.53197467e-01
25.27559 2.55929271e-01
25.36309 2.57088608e-01
25.45088 2.57649143e-01
25.53898 2.59175803e-01
25.62739 2.64676521e-01
25.71610 2.74406334e-01
25.80512 2.91212569e-01
25.89444 3.15204363e-01
25.98408 3.45072684e-01
26.07403 3.82279918e-01
26.16428 4.29286940e-01
26.25485 4.89389762e-01
26.34574 5.63360523e-01
26.43694 6.26081406e-01
26.52845 6.51221723e-01
26.62028 6.45681493e-01
26.71243 6.34638132e-01
26.80489 6.23564692e-01
26.89768 6.10348604e-01
26.99079 5.95167228e-01
27.08422 5.67805068e-01
27.17798 5.37894087e-01
27.27205 5.22193815e-01
27.36646 5.34210320e-01
27.46119 5.79314960e-01
27.55625 6.56205984e-01
27.65164 7.52534919e-01
27.74736 8.35080686e-01
27.84341 8.79635070e-01
27.93979 8.96438094e-01
28.03650 8.94512478e-01
28.13355 8.76698654e-01
28.23094 8.46545541e-01
28.32867 8.09778057e-01
28.42673 7.54007483e-01
28.52513 6.98923568e-01
28.62387 6.39846368e-01
28.72295 5.78728192e-01
28.82238 5.19605333e-01
28.92215 4.67968480e-01
29.02227 4.37769036e-01
29.12273 4.28123111e-01
29.22354 4.43376130e-01
29.32470 4.73676212e-01
29.42621 4.96472704e-01
29.52807 4.94443401e-01
29.63029 4.62578405e-01
29.73286 4.18830732e-01
29.83578 3.72132382e-01
29.93906 3.26761817e-01
30.04269 2.94625532e-01
30.14669 2.63901543e-01
30.25104 2.40151620e-01
30.35576 2.22443175e-01
30.46084 2.07986240e-01
30.56628 2.03712905e-01
30.67209 1.96926165e-01
30.77826 1.88429796e-01
30.88481 1.77937324e-01
30.99172 1.59521077e-01
31.09900 1.42438738e-01
31.20665 1.29748876e-01
31.31467 1.22711431e-01
31.42307 1.22848071e-01
31.53184 1.23428629e-01
31.64099 1.24298036e-01
31.75052 1.24490676e-01
31.86043 1.16149152e-01
31.97072 1.08881260e-01
32.08139 1.02953536e-01
32.19244 9.88142524e-02
32.30388 9.52107147e-02
32.41570 9.29273458e-02
32.52791 9.24560622e-02
32.64051 9.47053956e-02
32.75349 9.39947804e-02
32.86687 9.78731538e-02
32.98064 1.07717929e-01
33.09481 1.15797995e-01
33.20937 1.21621845e-01
33.32433 1.24708030e-01
33.43968 1.24262233e-01
33.55544 1.28679065e-01
33.67159 1.37934098e-01
33.78815 1.53466220e-01
33.90511 1.68063143e-01
34.02247 1.76597195e-01
34.14024 1.78195248e-01
34.25842 1.71715276e-01
34.37701 1.61064425e-01
34.49601 1.46164119e-01
34.61542 1.25568240e-01
34.73525 1.13283296e-01
34.85549 1.05536281e-01
34.97614 1.01419099e-01
35.09721 1.02052708e-01
35.21871 1.06256416e-01
35.34062 1.16258364e-01
35.46295 1.35467497e-01
35.58571 1.60105332e-01
35.70889 1.89961669e-01
35.83250 2.20412080e-01
35.95654 2.53298976e-01
36.08101 2.80769540e-01
36.20590 2.92324853e-01
36.33123 2.96778770e-01
36.45700 2.98415936e-01
36.58320 2.88473236e-01
36.70983 2.70667732e-01
36.83691 2.45193719e-01
36.96442 2.17071165e-01
37.09238 1.88919338e-01
37.22077 1.60955940e-01
37.34962 1.37530154e-01
37.47890 1.18338367e-01
37.60864 1.03306193e-01
37.73883 9.14480535e-02
37.86946 8.50368276e-02
38.00055 7.94589600e-02
38.13209 7.47450779e-02
38.26409 7.32871988e-02
38.39654 7.11353900e-02
38.52946 6.78400066e-02
38.66283 6.52077253e-02
38.79667 6.23382766e-02
38.93096 5.68474766e-02
39.06573 5.29663655e-02
39.20096 5.05026306e-02
39.33665 5.27537360e-02
39.47282 5.56867198e-02
39.60946 5.49793813e-02
39.74657 5.49786981e-02
39.88416 5.57691780e-02
40.02222 5.65063844e-02
40.16076 5.80493113e-02
40.29978 6.74279797e-02
40.43928 7.80109780e-02
40.57926 8.98540745e-02
40.71973 1.05879784e-01
40.86069 1.26875612e-01
41.00213 1.52826912e-01
41.14406 1.81931974e-01
41.28648 1.99663162e-01
41.42940 2.05733033e-01
41.57281 1.98540974e-01
41.71672 1.86526682e-01
41.86113 1.77353475e-01
42.00603 1.75365734e-01
42.15144 1.75845034e-01
42.29735 1.72137906e-01
42.44377 1.67389488e-01
42.59069 1.63472414e-01
42.73812 1.70869436e-01
42.88606 1.90730412e-01
43.03451 2.17432432e-01
43.18348 2.58070624e-01
43.33297 2.99688318e-01
43.48297 3.40900116e-01
43.63349 3.51268946e-01
43.78453 3.50350189e-01
43.93609 3.35197876e-01
44.08818 3.05601580e-01
44.24079 2.64816781e-01
44.39394 2.29922487e-01
44.54761 2.02325185e-01
44.70182 1.74107909e-01
44.85655 1.47743610e-01
45.01183 1.30942606e-01
45.16764 1.16506987e-01
45.32399 1.07493574e-01
45.48089 9.82782926e-02
45.63832 9.43534903e-02
45.79630 9.05981950e-02
45.95483 8.45992796e-02
46.11391 7.89985031e-02
46.27353 7.43038389e-02
46.43371 6.97555028e-02
46.59445 6.55102610e-02
46.75574 6.15644201e-02
46.91759 5.75412606e-02
47.08000 5.40146395e-02
47.24297 5.46685577e-02
47.40650 5.52512016e-02
47.57060 5.30696644e-02
47.73527 5.24168836e-02
47.90051 5.22444036e-02
48.06633 5.26584800e-02
48.23271 5.73719876e-02
48.39967 6.30159164e-02
48.56721 7.02514151e-02
48.73533 7.98177707e-02
48.90403 8.98669084e-02
49.07332 1.01327196e-01
49.24319 1.01845097e-01
49.41365 1.00437262e-01
49.58470 9.28047232e-02
49.75634 8.45327840e-02
49.92858 7.71879236e-02
50.10141 7.10933564e-02
50.27484 6.59247307e-02
50.44887 6.13237831e-02
50.62350 5.99815004e-02
50.79874 6.32313049e-02
50.97458 6.69831804e-02
51.15104 6.97187182e-02
51.32810 7.29116764e-02
51.50578 7.22325084e-02
51.68407 7.16417831e-02
51.86298 7.12971840e-02
52.04250 7.18240569e-02
52.22265 7.11000018e-02
52.40343 6.97203360e-02
52.58482 6.67543893e-02
52.76685 6.21099858e-02
52.94951 5.79300960e-02
53.13280 5.43214311e-02
53.31672 5.10680302e-02
53.50128 4.65253724e-02
53.68648 4.27117600e-02
53.87232 4.05970258e-02
54.05880 3.91225893e-02
54.24593 3.79619644e-02
54.43371 3.72714148e-02
54.62214 3.67848706e-02
54.81122 3.61309673e-02
55.00095 3.55373163e-02
55.19134 3.39374672e-02
55.38239 3.21965355e-02
55.57410 3.11789109e-02
55.76647 3.10716821e-02
55.95951 3.11528398e-02
56.15322 3.11792021e-02
56.34760 3.14126188e-02
56.54265 3.01847081e-02
56.73838 2.86530832e-02
56.93479 2.78208087e-02
57.13187 2.80103948e-02
57.32964 2.83478297e-02
57.52809 2.83242549e-02
57.72723 2.83190320e-02
57.92705 2.83910132e-02
58.12757 2.84915045e-02
58.32879 2.86089627e-02
58.53070 2.74172628e-02
58.73331 2.63717440e-02
58.93662 2.54609189e-02
59.14063 2.47500363e-02
59.34535 2.42818676e-02
59.55078 2.39241122e-02
59.75692 2.37931543e-02
59.96377 2.41604085e-02
60.17134 2.49496215e-02
60.37963 2.58024443e-02
60.58864 2.59277100e-02
60.79837 2.59941995e-02
61.00883 2.55958789e-02
61.22002 2.43110635e-02
61.43194 2.30949812e-02
61.64459 2.23976119e-02
61.85797 2.19020891e-02
62.07210 2.14365038e-02
62.28697 2.09644188e-02
62.50258 2.05724412e-02
62.71894 2.06512046e-02
62.93605 2.12780475e-02
63.15390 2.20660210e-02
63.37252 2.22886098e-02
63.59189 2.23871125e-02
63.81201 2.24964519e-02
64.03290 2.24822901e-02
64.25456 2.24973803e-02
64.47698 2.22777582e-02
64.70017 2.18003595e-02
64.92414 2.14725765e-02
65.14888 2.04336459e-02
65.37440 1.90898823e-02
65.60070 1.78606400e-02
65.82778 1.80959408e-02
66.05565 1.85337787e-02
66.28430 1.90783588e-02
66.51375 2.03321540e-02
66.74400 2.16841383e-02
66.97504 2.22639200e-02
67.20688 2.06983977e-02
67.43952 1.93429065e-02
67.67297 1.95859278e-02
67.90722 2.21347006e-02
68.14229 2.51996951e-02
68.37817 2.80934229e-02
68.61486 3.06491708e-02
68.85238 3.34481865e-02
69.09072 3.33947115e-02
69.32988 3.18525959e-02
69.56987 3.06404647e-02
69.81069 2.85990805e-02
70.05235 2.64115177e-02
70.29484 2.45457831e-02
70.53817 2.38414935e-02
70.78235 2.35259920e-02
71.02737 2.32390866e-02
71.27323 2.35587122e-02
71.51995 2.42809019e-02
71.76752 2.52230919e-02
72.01595 2.65670484e-02
72.26524 2.80878217e-02
72.51539 2.96914004e-02
72.76641 2.83067033e-02
73.01830 2.56078953e-02
73.27106 2.33136780e-02
73.52469 2.12898662e-02
73.77920 1.95586036e-02
74.03460 1.81749195e-02
74.29087 1.76274087e-02
74.54804 1.78632036e-02
74.80609 1.81028425e-02
75.06504 1.80065785e-02
75.32488 1.70625566e-02
75.58563 1.63742780e-02
75.84727 1.58652132e-02
76.10982 1.44002320e-02
76.37328 1.31756539e-02
76.63766 1.21410713e-02
76.90295 1.22776964e-02
77.16915 1.26919794e-02
77.43628 1.31550073e-02
77.70433 1.36278937e-02
77.97331 1.41712816e-02
78.24322 1.48522789e-02
78.51407 1.52750192e-02
78.78585 1.45057148e-02
79.05857 1.38113111e-02
79.33224 1.31833246e-02
79.60686 1.26336971e-02
79.88242 1.25554917e-02
80.15894 1.28080152e-02
80.43642 1.26214113e-02
80.71486 1.19288045e-02
80.99426 1.13443629e-02
81.27463 1.09441788e-02
81.55596 1.14084768e-02
81.83828 1.19573465e-02
82.12157 1.26080503e-02
82.40584 1.21414160e-02
82.69109 1.16667410e-02
82.97733 1.16566103e-02
83.26457 1.15403622e-02
83.55279 9.49063260e-03
83.84202 8.29586526e-03
84.13225 7.98559751e-03
84.42348 8.64179431e-03
84.71572 9.62474116e-03
85.00897 1.09795604e-02
85.30323 1.28924805e-02
85.59852 1.32442439e-02
85.89482 1.35568695e-02
86.19215 1.38945769e-02
86.49052 1.34536715e-02
86.78991 1.15779751e-02
87.09034 9.97088836e-03
87.39181 8.59314898e-03
87.69432 8.10036690e-03
87.99789 8.14452091e-03
88.30250 8.29948759e-03
88.60816 8.53682194e-03
88.91489 8.91232036e-03
89.22267 9.41870396e-03
89.53153 1.01194303e-02
89.84145 1.08957744e-02
90.15244 1.02607045e-02
90.46451 9.66477369e-03
90.77766 9.10540213e-03
91.09190 8.82661920e-03
91.40722 9.20220871e-03
91.72363 9.65754969e-03
92.04114 1.02068885e-02
92.35975 1.03612196e-02
92.67946 9.85084427e-03
93.00028 9.38539218e-03
93.32221 8.96019911e-03
93.64525 8.92580142e-03
93.96941 9.31774418e-03
94.29469 9.73617120e-03
94.62110 1.01833250e-02
94.94864 9.65508320e-03
95.27731 8.34762382e-03
95.60712 7.35747289e-03
95.93807 6.59520724e-03
96.27017 6.42001024e-03
96.60342 7.03403680e-03
96.93782 8.03000676e-03
97.27338 9.61716946e-03
97.61010 1.08977933e-02
97.94798 1.00946313e-02
98.28704 9.37133182e-03
98.62727 8.71720068e-03
98.96867 8.12332080e-03
99.31126 7.58222951e-03
99.65504 7.08764386e-03
100.00000 6.63424857e-03
