        2000  4.000000 2.800000
0.10000 1.10507563e+00
0.10035 1.10322962e+00
0.10069 1.10148087e+00
0.10104 1.09994443e+00
0.10139 1.09817717e+00
0.10174 1.09673063e+00
0.10210 1.09497870e+00
0.10245 1.09322224e+00
0.10280 1.09152422e+00
0.10316 1.08965492e+00
0.10352 1.08796033e+00
0.10387 1.08597380e+00
0.10423 1.08388637e+00
0.10459 1.08206849e+00
0.10496 1.08002406e+00
0.10532 1.07810981e+00
0.10568 1.07602835e+00
0.10605 1.07412699e+00
0.10642 1.07209765e+00
0.10679 1.07013631e+00
0.10716 1.06829159e+00
0.10753 1.06630919e+00
0.10790 1.06440748e+00
0.10827 1.06266297e+00
0.10865 1.06079381e+00
0.10902 1.05910321e+00
0.10940 1.05730454e+00
0.10978 1.05546704e+00
0.11016 1.05367888e+00
0.11054 1.05182087e+00
0.11092 1.05005580e+00
0.11131 1.04824688e+00
0.11169 1.04643108e+00
0.11208 1.04432598e+00
0.11247 1.04262373e+00
0.11286 1.04071854e+00
0.11325 1.03887457e+00
0.11364 1.03713528e+00
0.11403 1.03552447e+00
0.11443 1.03380973e+00
0.11482 1.03215203e+00
0.11522 1.03043753e+00
0.11562 1.02890184e+00
0.11602 1.02706947e+00
0.11642 1.02546603e+00
0.11682 1.02389151e+00
0.11723 1.02236836e+00
0.11763 1.02092112e+00
0.11804 1.01923768e+00
0.11845 1.01780991e+00
0.11886 1.01633917e+00
0.11927 1.01487391e+00
0.11968 1.01345520e+00
0.12010 1.01193921e+00
0.12051 1.01042721e+00
0.12093 1.00890416e+00
0.12135 1.00746822e+00
0.12177 1.00584741e+00
0.12219 1.00437807e+00
0.12262 1.00300709e+00
0.12304 1.00141619e+00
0.12347 9.99873131e-01
0.12389 9.98180786e-01
0.12432 9.96738325e-01
0.12475 9.95194866e-01
0.12518 9.93584853e-01
0.12562 9.92042539e-01
0.12605 9.90311666e-01
0.12649 9.88684530e-01
0.12693 9.86929614e-01
0.12737 9.85240256e-01
0.12781 9.83834133e-01
0.12825 9.82052736e-01
0.12869 9.80236793e-01
0.12914 9.78604181e-01
0.12959 9.77084914e-01
0.13003 9.75280718e-01
0.13048 9.73495239e-01
0.13094 9.71711054e-01
0.13139 9.69925077e-01
0.13184 9.68125362e-01
0.13230 9.66228331e-01
0.13276 9.64292672e-01
0.13322 9.62514958e-01
0.13368 9.60814350e-01
0.13414 9.59034347e-01
0.13461 9.57108295e-01
0.13507 9.55214400e-01
0.13554 9.53469241e-01
0.13601 9.51662556e-01
0.13648 9.49830585e-01
0.13695 9.48061284e-01
0.13743 9.46445696e-01
0.13790 9.44529102e-01
0.13838 9.42946418e-01
0.13886 9.40930716e-01
0.13934 9.39139364e-01
0.13982 9.37313067e-01
0.14031 9.35406030e-01
0.14079 9.33542599e-01
0.14128 9.31679666e-01
0.14177 9.29801550e-01
0.14226 9.28146489e-01
0.14275 9.26331989e-01
0.14324 9.24496284e-01
0.14374 9.22544747e-01
0.14424 9.20612373e-01
0.14474 9.18829582e-01
0.14524 9.16892729e-01
0.14574 9.14980764e-01
0.14625 9.13024398e-01
0.14675 9.10992071e-01
0.14726 9.08887566e-01
0.14777 9.06734180e-01
0.14828 9.04827442e-01
0.14879 9.02758379e-01
0.14931 9.00637148e-01
0.14983 8.98557881e-01
0.15034 8.96498674e-01
0.15087 8.94387897e-01
0.15139 8.92304398e-01
0.15191 8.90323840e-01
0.15244 8.88135758e-01
0.15297 8.86139918e-01
0.15349 8.83977621e-01
0.15403 8.81681970e-01
0.15456 8.79724260e-01
0.15509 8.77669881e-01
0.15563 8.75765383e-01
0.15617 8.73613390e-01
0.15671 8.71702322e-01
0.15725 8.69853127e-01
0.15780 8.67925333e-01
0.15834 8.66192619e-01
0.15889 8.64175424e-01
0.15944 8.62419861e-01
0.15999 8.60540203e-01
0.16055 8.59100779e-01
0.16110 8.57397881e-01
0.16166 8.55619470e-01
0.16222 8.53863957e-01
0.16278 8.52504775e-01
0.16335 8.51173966e-01
0.16391 8.49498297e-01
0.16448 8.48127168e-01
0.16505 8.46853504e-01
0.16562 8.45205262e-01
0.16619 8.44077895e-01
0.16677 8.42440654e-01
0.16734 8.41078585e-01
0.16792 8.40031708e-01
0.16851 8.38561771e-01
0.16909 8.37138873e-01
0.16967 8.36022208e-01
0.17026 8.34659840e-01
0.17085 8.33446457e-01
0.17144 8.32372949e-01
0.17204 8.31034823e-01
0.17263 8.30101788e-01
0.17323 8.29059541e-01
0.17383 8.27684082e-01
0.17443 8.26665131e-01
0.17503 8.25538162e-01
0.17564 8.24614684e-01
0.17625 8.23376114e-01
0.17686 8.22191054e-01
0.17747 8.21144128e-01
0.17808 8.19753188e-01
0.17870 8.18678933e-01
0.17932 8.17449970e-01
0.17994 8.15908302e-01
0.18056 8.14527516e-01
0.18119 8.12994859e-01
0.18182 8.11437909e-01
0.18244 8.09672043e-01
0.18308 8.07824441e-01
0.18371 8.05908146e-01
0.18435 8.04138247e-01
0.18498 8.02332060e-01
0.18562 8.00127004e-01
0.18627 7.98219221e-01
0.18691 7.96162005e-01
0.18756 7.93832804e-01
0.18821 7.92127118e-01
0.18886 7.90024405e-01
0.18951 7.87617451e-01
0.19017 7.85719076e-01
0.19083 7.83318841e-01
0.19149 7.81386916e-01
0.19215 7.79267179e-01
0.19282 7.77273927e-01
0.19348 7.75138610e-01
0.19415 7.73407289e-01
0.19483 7.71313934e-01
0.19550 7.69342784e-01
0.19618 7.67223097e-01
0.19686 7.65395804e-01
0.19754 7.63351680e-01
0.19822 7.61534044e-01
0.19891 7.59499129e-01
0.19960 7.57879111e-01
0.20029 7.56110407e-01
0.20098 7.54146624e-01
0.20168 7.52622827e-01
0.20237 7.51142933e-01
0.20307 7.49431524e-01
0.20378 7.48025003e-01
0.20448 7.46484281e-01
0.20519 7.45109468e-01
0.20590 7.43791403e-01
0.20661 7.42392946e-01
0.20733 7.40980601e-01
0.20805 7.39830336e-01
0.20877 7.38319680e-01
0.20949 7.37351353e-01
0.21021 7.36039012e-01
0.21094 7.34690233e-01
0.21167 7.33484366e-01
0.21240 7.32066844e-01
0.21314 7.30931314e-01
0.21388 7.29493035e-01
0.21462 7.28080491e-01
0.21536 7.26843413e-01
0.21611 7.25336540e-01
0.21685 7.23963072e-01
0.21760 7.22694037e-01
0.21836 7.21340978e-01
0.21911 7.20015047e-01
0.21987 7.18312796e-01
0.22063 7.17155214e-01
0.22140 7.15723257e-01
0.22216 7.14376071e-01
0.22293 7.12715385e-01
0.22370 7.11511410e-01
0.22448 7.10036046e-01
0.22526 7.08319260e-01
0.22604 7.07249138e-01
0.22682 7.05538773e-01
0.22760 7.04355456e-01
0.22839 7.02514823e-01
0.22918 7.01063701e-01
0.22998 6.99545877e-01
0.23077 6.97974144e-01
0.23157 6.96467420e-01
0.23237 6.94984491e-01
0.23318 6.93414848e-01
0.23398 6.91768896e-01
0.23479 6.90377557e-01
0.23561 6.88967751e-01
0.23642 6.87159076e-01
0.23724 6.85778887e-01
0.23806 6.84340160e-01
0.23889 6.82736420e-01
0.23971 6.81231090e-01
0.24054 6.79957077e-01
0.24137 6.78227698e-01
0.24221 6.76860352e-01
0.24305 6.75279908e-01
0.24389 6.73825152e-01
0.24473 6.72352974e-01
0.24558 6.70864320e-01
0.24643 6.68960668e-01
0.24728 6.68089010e-01
0.24814 6.66429767e-01
0.24900 6.64571214e-01
0.24986 6.63680341e-01
0.25073 6.61589476e-01
0.25159 6.60795271e-01
0.25246 6.58638500e-01
0.25334 6.57563300e-01
0.25422 6.55946567e-01
0.25510 6.54654635e-01
0.25598 6.52836601e-01
0.25687 6.51896050e-01
0.25775 6.50096334e-01
0.25865 6.48666318e-01
0.25954 6.47010809e-01
0.26044 6.45451918e-01
0.26134 6.43879090e-01
0.26225 6.42452558e-01
0.26315 6.40978837e-01
0.26406 6.39381817e-01
0.26498 6.37648654e-01
0.26590 6.36667932e-01
0.26682 6.34444608e-01
0.26774 6.33498880e-01
0.26867 6.31643463e-01
0.26960 6.30546162e-01
0.27053 6.28572672e-01
0.27147 6.27567111e-01
0.27241 6.25956999e-01
0.27335 6.24173959e-01
0.27430 6.23343019e-01
0.27525 6.21215218e-01
0.27620 6.19859769e-01
0.27715 6.18432192e-01
0.27811 6.17039111e-01
0.27908 6.15315456e-01
0.28004 6.14352107e-01
0.28101 6.12515207e-01
0.28198 6.11255630e-01
0.28296 6.10229461e-01
0.28394 6.07988914e-01
0.28492 6.07560526e-01
0.28591 6.05327296e-01
0.28690 6.04903787e-01
0.28789 6.02792562e-01
0.28889 6.01854500e-01
0.28989 6.00419556e-01
0.29089 5.99035435e-01
0.29190 5.97895175e-01
0.29291 5.96129756e-01
0.29392 5.95069838e-01
0.29494 5.93736640e-01
0.29596 5.92522610e-01
0.29699 5.91005532e-01
0.29801 5.89585870e-01
0.29905 5.88746965e-01
0.30008 5.87114901e-01
0.30112 5.86238663e-01
0.30216 5.84569166e-01
0.30321 5.83448668e-01
0.30426 5.82478997e-01
0.30531 5.81192192e-01
0.30637 5.79913252e-01
0.30743 5.78748651e-01
0.30849 5.77360697e-01
0.30956 5.76667740e-01
0.31063 5.74911332e-01
0.31171 5.74108665e-01
0.31279 5.72714489e-01
0.31387 5.71786731e-01
0.31496 5.70337301e-01
0.31605 5.69353444e-01
0.31714 5.68226724e-01
0.31824 5.66695758e-01
0.31934 5.65784924e-01
0.32044 5.64545508e-01
0.32155 5.63676288e-01
0.32267 5.61851435e-01
0.32378 5.61056235e-01
0.32490 5.59777692e-01
0.32603 5.58329607e-01
0.32716 5.57333006e-01
0.32829 5.56105287e-01
0.32943 5.54206265e-01
0.33057 5.53549646e-01
0.33171 5.51972338e-01
0.33286 5.50215680e-01
0.33401 5.49891826e-01
0.33517 5.47465906e-01
0.33633 5.46906951e-01
0.33749 5.45229340e-01
0.33866 5.43716843e-01
0.33983 5.42692964e-01
0.34101 5.41301774e-01
0.34219 5.39749604e-01
0.34337 5.38590329e-01
0.34456 5.37062898e-01
0.34576 5.35633529e-01
0.34695 5.34574706e-01
0.34815 5.33062805e-01
0.34936 5.31693319e-01
0.35057 5.30398251e-01
0.35178 5.29158635e-01
0.35300 5.27667143e-01
0.35422 5.26640327e-01
0.35545 5.25273828e-01
0.35668 5.24226802e-01
0.35791 5.22845170e-01
0.35915 5.21562197e-01
0.36039 5.20341298e-01
0.36164 5.19669348e-01
0.36289 5.17986510e-01
0.36415 5.16899364e-01
0.36541 5.15829440e-01
0.36668 5.14698937e-01
0.36795 5.13382763e-01
0.36922 5.12618923e-01
0.37050 5.10951467e-01
0.37178 5.10492018e-01
0.37307 5.08808185e-01
0.37436 5.07908999e-01
0.37565 5.06691932e-01
0.37695 5.05825102e-01
0.37826 5.04181888e-01
0.37957 5.03689287e-01
0.38088 5.02261461e-01
0.38220 5.01180587e-01
0.38352 4.99858788e-01
0.38485 4.99260260e-01
0.38618 4.97169344e-01
0.38752 4.96792775e-01
0.38886 4.95198144e-01
0.39021 4.93944540e-01
0.39156 4.92990948e-01
0.39291 4.91663125e-01
0.39427 4.90664882e-01
0.39564 4.89171847e-01
0.39701 4.88438471e-01
0.39838 4.86621433e-01
0.39976 4.86184782e-01
0.40115 4.85092508e-01
0.40253 4.83184128e-01
0.40393 4.82593714e-01
0.40533 4.81297003e-01
0.40673 4.79775794e-01
0.40814 4.78893632e-01
0.40955 4.77692594e-01
0.41097 4.76732281e-01
0.41239 4.75136505e-01
0.41382 4.74412736e-01
0.41525 4.73285966e-01
0.41669 4.72017927e-01
0.41813 4.70450226e-01
0.41958 4.70423495e-01
0.42103 4.68845141e-01
0.42249 4.67184356e-01
0.42395 4.67144235e-01
0.42542 4.65370752e-01
0.42689 4.64745692e-01
0.42837 4.63188793e-01
0.42985 4.62350635e-01
0.43134 4.61662407e-01
0.43283 4.60433593e-01
0.43433 4.59049671e-01
0.43583 4.58559360e-01
0.43734 4.57526322e-01
0.43886 4.56275605e-01
0.44037 4.55475129e-01
0.44190 4.54646229e-01
0.44343 4.53874674e-01
0.44496 4.52437440e-01
0.44650 4.51370951e-01
0.44805 4.50777003e-01
0.44960 4.49669895e-01
0.45116 4.47541397e-01
0.45272 4.47739612e-01
0.45429 4.46396409e-01
0.45586 4.45397966e-01
0.45744 4.43755449e-01
0.45902 4.43070308e-01
0.46061 4.42200740e-01
0.46220 4.41331371e-01
0.46380 4.39412487e-01
0.46541 4.38754475e-01
0.46702 4.38019755e-01
0.46864 4.36382613e-01
0.47026 4.35572181e-01
0.47189 4.34901227e-01
0.47352 4.33493561e-01
0.47516 4.32315968e-01
0.47680 4.31357099e-01
0.47845 4.30289365e-01
0.48011 4.29623836e-01
0.48177 4.28391836e-01
0.48344 4.27310812e-01
0.48511 4.26006236e-01
0.48679 4.25809216e-01
0.48848 4.23941106e-01
0.49017 4.23309575e-01
0.49186 4.22519253e-01
0.49357 4.21394276e-01
0.49528 4.19836231e-01
0.49699 4.19868039e-01
0.49871 4.18342450e-01
0.50044 4.17424597e-01
0.50217 4.15905977e-01
0.50391 4.15380971e-01
0.50565 4.14387954e-01
0.50740 4.13592555e-01
0.50916 4.12379669e-01
0.51092 4.11109540e-01
0.51269 4.10408668e-01
0.51446 4.09444971e-01
0.51625 4.08761074e-01
0.51803 4.06639246e-01
0.51983 4.06447701e-01
0.52163 4.05912540e-01
0.52343 4.04730965e-01
0.52524 4.02774997e-01
0.52706 4.02269056e-01
0.52889 4.02077412e-01
0.53072 4.00753820e-01
0.53255 3.99169344e-01
0.53440 3.98778738e-01
0.53625 3.98113707e-01
0.53810 3.96750094e-01
0.53997 3.96401401e-01
0.54183 3.94485554e-01
0.54371 3.93965774e-01
0.54559 3.94312626e-01
0.54748 3.92165511e-01
0.54938 3.91583460e-01
0.55128 3.89886386e-01
0.55319 3.90849636e-01
0.55510 3.90005056e-01
0.55702 3.87077973e-01
0.55895 3.87203662e-01
0.56089 3.86945764e-01
0.56283 3.86643911e-01
0.56478 3.84350549e-01
0.56673 3.83479787e-01
0.56869 3.83254741e-01
0.57066 3.83024021e-01
0.57264 3.81484743e-01
0.57462 3.81182094e-01
0.57661 3.78736412e-01
0.57860 3.78873849e-01
0.58061 3.78422066e-01
0.58262 3.78461988e-01
0.58463 3.75432014e-01
0.58666 3.73857195e-01
0.58869 3.75332459e-01
0.59073 3.74765042e-01
0.59277 3.72552021e-01
0.59482 3.70877845e-01
0.59688 3.70513522e-01
0.59895 3.71087559e-01
0.60102 3.69267385e-01
0.60310 3.67134507e-01
0.60519 3.67801828e-01
0.60728 3.67616654e-01
0.60939 3.65257934e-01
0.61150 3.64213995e-01
0.61361 3.63592519e-01
0.61574 3.64229973e-01
0.61787 3.62737685e-01
0.62001 3.60692864e-01
0.62215 3.59246770e-01
0.62431 3.60937920e-01
0.62647 3.60246905e-01
0.62864 3.57863047e-01
0.63081 3.56798400e-01
0.63300 3.56906468e-01
0.63519 3.55725390e-01
0.63739 3.54800818e-01
0.63959 3.54958464e-01
0.64181 3.53683456e-01
0.64403 3.51866368e-01
0.64626 3.51479246e-01
0.64849 3.50965042e-01
0.65074 3.50755179e-01
0.65299 3.50533568e-01
0.65525 3.47853284e-01
0.65752 3.46510628e-01
0.65980 3.46207381e-01
0.66208 3.47916352e-01
0.66437 3.46403356e-01
0.66667 3.44072313e-01
0.66898 3.41895033e-01
0.67130 3.41998471e-01
0.67362 3.43352576e-01
0.67595 3.42246713e-01
0.67829 3.41243541e-01
0.68064 3.38044921e-01
0.68299 3.37326080e-01
0.68536 3.38963918e-01
0.68773 3.37785330e-01
0.69011 3.37831822e-01
0.69250 3.35255424e-01
0.69490 3.33737998e-01
0.69730 3.33688519e-01
0.69972 3.33491947e-01
0.70214 3.33683044e-01
0.70457 3.31841714e-01
0.70701 3.30845660e-01
0.70946 3.29429831e-01
0.71191 3.30030052e-01
0.71438 3.29612565e-01
0.71685 3.26858162e-01
0.71933 3.27486308e-01
0.72182 3.27409301e-01
0.72432 3.26247936e-01
0.72683 3.24222180e-01
0.72934 3.22171335e-01
0.73187 3.25203051e-01
0.73440 3.23422400e-01
0.73694 3.22311908e-01
0.73949 3.20637931e-01
0.74205 3.19527737e-01
0.74462 3.21207986e-01
0.74720 3.19273472e-01
0.74979 3.16708324e-01
0.75238 3.17758734e-01
0.75499 3.19007310e-01
0.75760 3.16987627e-01
0.76022 3.13945209e-01
0.76285 3.12106816e-01
0.76549 3.15506539e-01
0.76814 3.16712804e-01
0.77080 3.12576420e-01
0.77347 3.10273451e-01
0.77615 3.10468132e-01
0.77884 3.11983417e-01
0.78153 3.11336356e-01
0.78424 3.08571449e-01
0.78695 3.08835769e-01
0.78968 3.08637703e-01
0.79241 3.06681586e-01
0.79515 3.07486592e-01
0.79790 3.06091271e-01
0.80067 3.06032036e-01
0.80344 3.04990684e-01
0.80622 3.03649621e-01
0.80901 3.03191317e-01
0.81181 3.04697941e-01
0.81462 3.03174094e-01
0.81744 2.99962980e-01
0.82027 2.99741767e-01
0.82311 3.01760853e-01
0.82596 3.02708523e-01
0.82882 2.99831566e-01
0.83169 2.96680683e-01
0.83457 2.96279225e-01
0.83745 2.97230926e-01
0.84035 2.99615879e-01
0.84326 2.98505287e-01
0.84618 2.93919559e-01
0.84911 2.93995868e-01
0.85205 2.93518450e-01
0.85500 2.94715307e-01
0.85796 2.95012430e-01
0.86093 2.92911012e-01
0.86391 2.92220245e-01
0.86690 2.90647616e-01
0.86990 2.92363456e-01
0.87291 2.91026624e-01
0.87593 2.88762581e-01
0.87897 2.89391125e-01
0.88201 2.89073593e-01
0.88506 2.88502194e-01
0.88813 2.87963947e-01
0.89120 2.87901973e-01
0.89428 2.86721643e-01
0.89738 2.84051712e-01
0.90049 2.84665820e-01
0.90360 2.86266325e-01
0.90673 2.84238080e-01
0.90987 2.84249081e-01
0.91302 2.84469596e-01
0.91618 2.81726094e-01
0.91935 2.79891932e-01
0.92253 2.80554276e-01
0.92573 2.81447438e-01
0.92893 2.81965675e-01
0.93215 2.79523378e-01
0.93537 2.78477099e-01
0.93861 2.78089429e-01
0.94186 2.76612423e-01
0.94512 2.76955989e-01
0.94839 2.77394581e-01
0.95168 2.76002546e-01
0.95497 2.75419648e-01
0.95828 2.74361223e-01
0.96159 2.74181426e-01
0.96492 2.73168697e-01
0.96826 2.71382172e-01
0.97161 2.71567545e-01
0.97498 2.72647225e-01
0.97835 2.70818588e-01
0.98174 2.70963243e-01
0.98514 2.71788658e-01
0.98855 2.68689145e-01
0.99197 2.65933148e-01
0.99540 2.67054293e-01
0.99885 2.68066076e-01
1.00231 2.66656220e-01
1.00578 2.65902386e-01
1.00926 2.66405589e-01
1.01275 2.65561159e-01
1.01626 2.64929628e-01
1.01978 2.61299883e-01
1.02330 2.61318948e-01
1.02685 2.61543943e-01
1.03040 2.62368512e-01
1.03397 2.62688683e-01
1.03755 2.60827243e-01
1.04114 2.59822926e-01
1.04474 2.58627612e-01
1.04836 2.58680028e-01
1.05199 2.55297877e-01
1.05563 2.55714119e-01
1.05928 2.58942756e-01
1.06295 2.58340843e-01
1.06663 2.55448057e-01
1.07032 2.53817486e-01
1.07403 2.52943239e-01
1.07775 2.52124843e-01
1.08148 2.52107420e-01
1.08522 2.53769849e-01
1.08898 2.53328469e-01
1.09275 2.51050688e-01
1.09653 2.49302044e-01
1.10032 2.49023289e-01
1.10413 2.49846414e-01
1.10796 2.47740167e-01
1.11179 2.49613604e-01
1.11564 2.49392590e-01
1.11950 2.47272455e-01
1.12338 2.43791445e-01
1.12726 2.42819684e-01
1.13117 2.46317120e-01
1.13508 2.47883975e-01
1.13901 2.43981696e-01
1.14295 2.42869810e-01
1.14691 2.42643769e-01
1.15088 2.42911772e-01
1.15487 2.41717006e-01
1.15886 2.38470948e-01
1.16287 2.39209849e-01
1.16690 2.41243769e-01
1.17094 2.42422756e-01
1.17499 2.42369145e-01
1.17906 2.39100089e-01
1.18314 2.34355321e-01
1.18724 2.34076814e-01
1.19135 2.36345038e-01
1.19547 2.38302300e-01
1.19961 2.37395797e-01
1.20376 2.35251918e-01
1.20793 2.35392242e-01
1.21211 2.38024341e-01
1.21630 2.35313294e-01
1.22052 2.30333575e-01
1.22474 2.28773739e-01
1.22898 2.31032804e-01
1.23323 2.34668274e-01
1.23750 2.35504242e-01
1.24179 2.32263659e-01
1.24609 2.29208000e-01
1.25040 2.30141732e-01
1.25473 2.30880981e-01
1.25907 2.28842631e-01
1.26343 2.28034837e-01
1.26780 2.29867356e-01
1.27219 2.28962148e-01
1.27659 2.26515968e-01
1.28101 2.27187321e-01
1.28545 2.27327396e-01
1.28990 2.28367502e-01
1.29436 2.28812466e-01
1.29884 2.26923947e-01
1.30334 2.23035954e-01
1.30785 2.24209415e-01
1.31238 2.24681209e-01
1.31692 2.25764224e-01
1.32148 2.25996636e-01
1.32605 2.24049778e-01
1.33064 2.23966500e-01
1.33525 2.23830357e-01
1.33987 2.22178034e-01
1.34451 2.22974478e-01
1.34916 2.22413433e-01
1.35383 2.22497756e-01
1.35852 2.22652117e-01
1.36322 2.23875556e-01
1.36794 2.21144398e-01
1.37268 2.17665081e-01
1.37743 2.17182087e-01
1.38220 2.23740658e-01
1.38698 2.26056718e-01
1.39178 2.21830635e-01
1.39660 2.17048185e-01
1.40144 2.14343808e-01
1.40629 2.17654876e-01
1.41115 2.20980779e-01
1.41604 2.24490560e-01
1.42094 2.22260964e-01
1.42586 2.19911751e-01
1.43080 2.12592277e-01
1.43575 2.12918023e-01
1.44072 2.16929863e-01
1.44571 2.21310108e-01
1.45071 2.21303637e-01
1.45573 2.18343104e-01
1.46077 2.13478969e-01
1.46583 2.15514830e-01
1.47090 2.19837134e-01
1.47599 2.19133973e-01
1.48110 2.14510912e-01
1.48623 2.12077326e-01
1.49137 2.16619499e-01
1.49654 2.18347136e-01
1.50172 2.14253959e-01
1.50692 2.15736192e-01
1.51213 2.16540252e-01
1.51737 2.17086962e-01
1.52262 2.13195634e-01
1.52789 2.14466062e-01
1.53318 2.13243122e-01
1.53849 2.14241216e-01
1.54381 2.16022066e-01
1.54916 2.15965220e-01
1.55452 2.15051051e-01
1.55990 2.10263474e-01
1.56530 2.10328732e-01
1.57072 2.12245276e-01
1.57615 2.15116757e-01
1.58161 2.17670059e-01
1.58709 2.17637006e-01
1.59258 2.12479481e-01
1.59809 2.08761380e-01
1.60362 2.08878108e-01
1.60918 2.10042709e-01
1.61475 2.13624569e-01
1.62034 2.12406656e-01
1.62594 2.11733163e-01
1.63157 2.11725348e-01
1.63722 2.11514887e-01
1.64289 2.13271047e-01
1.64857 2.14875036e-01
1.65428 2.13880974e-01
1.66001 2.10207524e-01
1.66575 2.05215609e-01
1.67152 2.03039175e-01
1.67731 2.06136299e-01
1.68311 2.14128320e-01
1.68894 2.14930837e-01
1.69478 2.10412060e-01
1.70065 2.07171079e-01
1.70654 2.08850830e-01
1.71245 2.11173461e-01
1.71837 2.10757020e-01
1.72432 2.09240491e-01
1.73029 2.09114652e-01
1.73628 2.05672768e-01
1.74229 2.01728775e-01
1.74832 2.02213561e-01
1.75437 2.06203897e-01
1.76045 2.09559716e-01
1.76654 2.09318492e-01
1.77266 2.09447915e-01
1.77879 2.13145458e-01
1.78495 2.12361607e-01
1.79113 2.04608569e-01
1.79733 1.97412992e-01
1.80355 1.98907271e-01
1.80979 2.02142080e-01
1.81606 2.04007851e-01
1.82234 2.02691428e-01
1.82865 2.00701461e-01
1.83498 2.03615652e-01
1.84133 2.09252288e-01
1.84771 2.13316992e-01
1.85410 2.09824384e-01
1.86052 2.03634766e-01
1.86696 1.98624732e-01
1.87342 1.97237426e-01
1.87991 1.96714809e-01
1.88642 1.96842489e-01
1.89295 1.94213973e-01
1.89950 1.95829113e-01
1.90607 1.99934933e-01
1.91267 2.06026340e-01
1.91929 2.09945543e-01
1.92594 2.08965468e-01
1.93260 2.02077767e-01
1.93929 1.95858930e-01
1.94601 1.93199851e-01
1.95274 1.93597276e-01
1.95950 1.94395762e-01
1.96629 1.94073003e-01
1.97309 1.95393259e-01
1.97992 1.95918315e-01
1.98678 1.94136121e-01
1.99365 1.93233052e-01
2.00055 1.95417102e-01
2.00748 1.98981739e-01
2.01443 2.00549540e-01
2.02140 1.98959189e-01
2.02840 1.96749504e-01
2.03542 1.95070251e-01
2.04247 1.90799815e-01
2.04954 1.85839858e-01
2.05663 1.84711147e-01
2.06375 1.87405966e-01
2.07090 1.90469390e-01
2.07806 1.90475314e-01
2.08526 1.89340281e-01
2.09247 1.88889643e-01
2.09972 1.91324722e-01
2.10699 1.94913401e-01
2.11428 1.96989881e-01
2.12160 1.94327417e-01
2.12894 1.89004530e-01
2.13631 1.84004053e-01
2.14371 1.82194980e-01
2.15113 1.81749468e-01
2.15857 1.80705031e-01
2.16605 1.79571840e-01
2.17354 1.79725305e-01
2.18107 1.80894585e-01
2.18862 1.83744164e-01
2.19619 1.88306446e-01
2.20380 1.91997020e-01
2.21143 1.91875115e-01
2.21908 1.87928085e-01
2.22676 1.83076046e-01
2.23447 1.79727893e-01
2.24220 1.77129991e-01
2.24997 1.74760519e-01
2.25775 1.74118037e-01
2.26557 1.75209415e-01
2.27341 1.76539079e-01
2.28128 1.77084544e-01
2.28918 1.76691250e-01
2.29710 1.76229362e-01
2.30505 1.76774329e-01
2.31303 1.78746226e-01
2.32104 1.80849636e-01
2.32908 1.81135708e-01
2.33714 1.79078343e-01
2.34523 1.75864292e-01
2.35335 1.72948956e-01
2.36149 1.71032313e-01
2.36967 1.69479644e-01
2.37787 1.67906468e-01
2.38610 1.66968405e-01
2.39436 1.67402567e-01
2.40265 1.68987342e-01
2.41097 1.70857892e-01
2.41931 1.72211051e-01
2.42769 1.72713010e-01
2.43609 1.72447595e-01
2.44452 1.71520932e-01
2.45298 1.70036907e-01
2.46148 1.68430379e-01
2.47000 1.66799708e-01
2.47855 1.64955342e-01
2.48713 1.63227755e-01
2.49574 1.62096604e-01
2.50438 1.61535808e-01
2.51304 1.61254066e-01
2.52174 1.60995072e-01
2.53047 1.60804274e-01
2.53923 1.60984370e-01
2.54802 1.61772153e-01
2.55684 1.63228900e-01
2.56569 1.64919701e-01
2.57457 1.65826055e-01
2.58349 1.65063151e-01
2.59243 1.62780521e-01
2.60140 1.60058314e-01
2.61041 1.57780428e-01
2.61944 1.55988871e-01
2.62851 1.54427218e-01
2.63761 1.53221197e-01
2.64674 1.52780644e-01
2.65590 1.53217030e-01
2.66510 1.54128860e-01
2.67432 1.54866875e-01
2.68358 1.55040624e-01
2.69287 1.54785687e-01
2.70219 1.54458662e-01
2.71154 1.54169747e-01
2.72093 1.53781700e-01
2.73035 1.53177397e-01
2.73980 1.52351265e-01
2.74928 1.51373545e-01
2.75880 1.50371573e-01
2.76835 1.49465638e-01
2.77793 1.48684908e-01
2.78755 1.47959024e-01
2.79720 1.47199026e-01
2.80688 1.46444127e-01
2.81660 1.45876884e-01
2.82635 1.45650400e-01
2.83613 1.45786119e-01
2.84595 1.46183206e-01
2.85580 1.46613381e-01
2.86569 1.46744501e-01
2.87561 1.46295749e-01
2.88556 1.45241197e-01
2.89555 1.43831460e-01
2.90557 1.42389438e-01
2.91563 1.41122688e-01
2.92572 1.40114922e-01
2.93585 1.39404842e-01
2.94601 1.39010522e-01
2.95621 1.38890140e-01
2.96644 1.38915058e-01
2.97671 1.38908627e-01
2.98702 1.38743743e-01
2.99736 1.38424314e-01
3.00773 1.38059632e-01
3.01814 1.37749114e-01
3.02859 1.37503177e-01
3.03907 1.37265552e-01
3.04960 1.36978345e-01
3.06015 1.36613319e-01
3.07074 1.36158559e-01
3.08137 1.35599022e-01
3.09204 1.34918286e-01
3.10274 1.34114086e-01
3.11348 1.33208066e-01
3.12426 1.32246832e-01
3.13508 1.31302085e-01
3.14593 1.30461119e-01
3.15682 1.29798448e-01
3.16775 1.29347785e-01
3.17871 1.29094376e-01
3.18972 1.28980853e-01
3.20076 1.28915514e-01
3.21184 1.28789686e-01
3.22295 1.28512713e-01
3.23411 1.28051049e-01
3.24531 1.27442655e-01
3.25654 1.26773447e-01
3.26781 1.26133823e-01
3.27912 1.25584704e-01
3.29047 1.25146356e-01
3.30187 1.24804044e-01
3.31330 1.24519858e-01
3.32476 1.24245622e-01
3.33627 1.23936447e-01
3.34782 1.23564478e-01
3.35941 1.23128464e-01
3.37104 1.22652206e-01
3.38271 1.22169710e-01
3.39442 1.21706413e-01
3.40617 1.21269463e-01
3.41796 1.20851101e-01
3.42979 1.20438309e-01
3.44166 1.20019165e-01
3.45358 1.19582967e-01
3.46553 1.19118307e-01
3.47753 1.18614008e-01
3.48957 1.18063267e-01
3.50164 1.17467541e-01
3.51377 1.16837833e-01
3.52593 1.16193394e-01
3.53814 1.15559026e-01
3.55038 1.14961056e-01
3.56267 1.14422172e-01
3.57500 1.13956426e-01
3.58738 1.13566303e-01
3.59980 1.13242473e-01
3.61226 1.12965783e-01
3.62476 1.12711334e-01
3.63731 1.12454162e-01
3.64990 1.12175676e-01
3.66254 1.11868407e-01
3.67521 1.11536798e-01
3.68794 1.11193192e-01
3.70070 1.10850935e-01
3.71351 1.10517956e-01
3.72637 1.10193256e-01
3.73927 1.09867396e-01
3.75221 1.09526084e-01
3.76520 1.09155185e-01
3.77823 1.08745380e-01
3.79131 1.08294776e-01
3.80443 1.07809035e-01
3.81760 1.07299056e-01
3.83082 1.06777564e-01
3.84408 1.06255819e-01
3.85739 1.05741564e-01
3.87074 1.05238679e-01
3.88414 1.04748204e-01
3.89758 1.04269870e-01
3.91107 1.03803342e-01
3.92461 1.03348503e-01
3.93820 1.02905157e-01
3.95183 1.02472548e-01
3.96551 1.02049208e-01
3.97924 1.01633360e-01
3.99301 1.01223594e-01
4.00683 1.00819538e-01
4.02070 1.00422147e-01
4.03462 1.00033586e-01
4.04859 9.96566891e-02
4.06260 9.92942272e-02
4.07667 9.89482219e-02
4.09078 9.86193998e-02
4.10494 9.83070244e-02
4.11915 9.80088405e-02
4.13341 9.77212992e-02
4.14771 9.74400050e-02
4.16207 9.71603086e-02
4.17648 9.68779940e-02
4.19094 9.65898503e-02
4.20545 9.62939164e-02
4.22000 9.59894308e-02
4.23461 9.56763883e-02
4.24927 9.53549333e-02
4.26398 9.50248619e-02
4.27874 9.46854272e-02
4.29355 9.43353451e-02
4.30841 9.39732814e-02
4.32332 9.35982507e-02
4.33829 9.32101184e-02
4.35331 9.28097408e-02
4.36838 9.23989348e-02
4.38350 9.19802091e-02
4.39867 9.15563513e-02
4.41390 9.11300644e-02
4.42918 9.07037127e-02
4.44451 9.02792327e-02
4.45990 8.98581525e-02
4.47533 8.94416967e-02
4.49083 8.90309205e-02
4.50637 8.86267648e-02
4.52197 8.82301006e-02
4.53762 8.78416597e-02
4.55333 8.74619947e-02
4.56909 8.70913941e-02
4.58491 8.67299179e-02
4.60078 8.63774016e-02
4.61670 8.60335865e-02
4.63269 8.56981490e-02
4.64872 8.53707904e-02
4.66481 8.50512171e-02
4.68096 8.47391751e-02
4.69717 8.44343360e-02
4.71343 8.41362916e-02
4.72974 8.38445241e-02
4.74611 8.35583915e-02
4.76254 8.32770972e-02
4.77903 8.29997653e-02
4.79557 8.27254151e-02
4.81217 8.24529913e-02
4.82883 8.21814037e-02
4.84555 8.19095723e-02
4.86232 8.16364466e-02
4.87915 8.13610560e-02
4.89604 8.10825593e-02
4.91299 8.08002695e-02
4.92999 8.05136242e-02
4.94706 8.02222450e-02
4.96418 7.99258532e-02
4.98137 7.96243143e-02
4.99861 7.93175886e-02
5.01591 7.90057607e-02
5.03328 7.86890148e-02
5.05070 7.83676444e-02
5.06818 7.80420430e-02
5.08573 7.77127481e-02
5.10333 7.73803122e-02
5.12100 7.70453924e-02
5.13873 7.67086756e-02
5.15651 7.63708388e-02
5.17436 7.60325639e-02
5.19228 7.56944981e-02
5.21025 7.53572587e-02
5.22828 7.50214180e-02
5.24638 7.46875285e-02
5.26454 7.43560832e-02
5.28277 7.40275797e-02
5.30105 7.37024512e-02
5.31940 7.33811058e-02
5.33782 7.30639317e-02
5.35629 7.27512626e-02
5.37484 7.24434268e-02
5.39344 7.21406734e-02
5.41211 7.18432462e-02
5.43084 7.15513145e-02
5.44965 7.12650226e-02
5.46851 7.09844352e-02
5.48744 7.07095872e-02
5.50643 7.04404188e-02
5.52550 7.01768405e-02
5.54462 6.99186532e-02
5.56381 6.96656028e-02
5.58308 6.94173561e-02
5.60240 6.91734948e-02
5.62179 6.89335410e-02
5.64125 6.86969621e-02
5.66078 6.84631708e-02
5.68038 6.82315548e-02
5.70004 6.80014571e-02
5.71977 6.77722453e-02
5.73957 6.75432676e-02
5.75944 6.73139015e-02
5.77938 6.70835598e-02
5.79938 6.68517198e-02
5.81946 6.66178837e-02
5.83960 6.63816484e-02
5.85982 6.61426553e-02
5.88010 6.59006407e-02
5.90045 6.56553856e-02
5.92088 6.54067755e-02
5.94137 6.51547456e-02
5.96194 6.48992910e-02
5.98258 6.46404764e-02
6.00329 6.43784213e-02
6.02407 6.41132850e-02
6.04492 6.38452764e-02
6.06585 6.35746446e-02
6.08684 6.33016583e-02
6.10791 6.30266261e-02
6.12906 6.27498716e-02
6.15027 6.24717433e-02
6.17156 6.21925995e-02
6.19293 6.19128085e-02
6.21436 6.16327488e-02
6.23588 6.13527936e-02
6.25746 6.10733362e-02
6.27912 6.07947300e-02
6.30086 6.05173632e-02
6.32267 6.02415943e-02
6.34455 5.99677717e-02
6.36652 5.96962439e-02
6.38856 5.94273394e-02
6.41067 5.91613568e-02
6.43286 5.88985948e-02
6.45513 5.86393323e-02
6.47747 5.83838080e-02
6.49990 5.81322411e-02
6.52240 5.78848356e-02
6.54497 5.76417458e-02
6.56763 5.74031211e-02
6.59037 5.71690460e-02
6.61318 5.69395904e-02
6.63607 5.67147790e-02
6.65904 5.64946020e-02
6.68209 5.62789945e-02
6.70522 5.62991495e-02
6.72843 5.71102236e-02
6.75172 5.79670585e-02
6.77510 5.88332665e-02
6.79855 5.97700992e-02
6.82208 6.06512853e-02
6.84570 6.15963961e-02
6.86939 6.26021611e-02
6.89317 6.35762823e-02
6.91704 6.45929785e-02
6.94098 6.56551367e-02
6.96500 6.67036807e-02
6.98911 6.77739876e-02
7.01331 6.88823595e-02
7.03759 7.00137088e-02
7.06195 7.11573632e-02
7.08639 7.23315015e-02
7.11092 7.35403648e-02
7.13554 7.47422891e-02
7.16024 7.60203684e-02
7.18502 7.72720455e-02
7.20990 7.85487659e-02
7.23485 7.99131250e-02
7.25990 8.12809088e-02
7.28503 8.27162859e-02
7.31025 8.41943573e-02
7.33555 8.56858290e-02
7.36094 8.72407872e-02
7.38642 8.88621340e-02
7.41199 9.05427364e-02
7.43765 9.22404622e-02
7.46340 9.40759879e-02
7.48923 9.59180594e-02
7.51516 9.78587356e-02
7.54117 9.98679858e-02
7.56727 1.01985990e-01
7.59347 1.04188672e-01
7.61975 1.06459942e-01
7.64613 1.08849843e-01
7.67260 1.11326940e-01
7.69916 1.13935071e-01
7.72581 1.16626750e-01
7.75255 1.19470290e-01
7.77939 1.22409280e-01
7.80632 1.25500186e-01
7.83334 1.28753697e-01
7.86046 1.32159034e-01
7.88767 1.35733641e-01
7.91497 1.39479031e-01
7.94237 1.43449451e-01
7.96986 1.47625124e-01
7.99745 1.52074242e-01
8.02513 1.56798576e-01
8.05291 1.61823782e-01
8.08079 1.67159044e-01
8.10876 1.72893872e-01
8.13683 1.79053623e-01
8.16500 1.85713591e-01
8.19326 1.92882960e-01
8.22162 2.00709077e-01
8.25008 2.09238350e-01
8.27864 2.18614891e-01
8.30730 2.28964587e-01
8.33605 2.40517163e-01
8.36491 2.53481237e-01
8.39386 2.68207097e-01
8.42292 2.85117255e-01
8.45208 3.04834830e-01
8.48133 3.28243129e-01
8.51069 3.56659321e-01
8.54016 3.92094528e-01
8.56972 4.37922091e-01
8.59938 4.99675755e-01
8.62915 5.86780345e-01
8.65902 7.11742130e-01
8.68899 8.72564871e-01
8.71907 1.02249399e+00
8.74925 1.10921191e+00
8.77954 1.18536549e+00
8.80993 1.30490523e+00
8.84043 1.43189417e+00
8.87103 1.53226493e+00
8.90174 1.51885868e+00
8.93255 1.38126051e+00
8.96347 1.22885992e+00
8.99450 1.12462366e+00
9.02563 1.07443258e+00
9.05688 1.06121289e+00
9.08823 1.06693808e+00
9.11969 1.08949767e+00
9.15126 1.13104992e+00
9.18294 1.19035880e+00
9.21472 1.26029712e+00
9.24662 1.33210291e+00
9.27863 1.40154147e+00
9.31075 1.47112692e+00
9.34298 1.54978870e+00
9.37532 1.63424989e+00
9.40777 1.71697668e+00
9.44034 1.79520624e+00
9.47302 1.86821242e+00
9.50581 1.92225212e+00
9.53871 1.94302269e+00
9.57173 1.94548878e+00
9.60487 1.95244124e+00
9.63811 1.97699463e+00
9.67148 1.98914340e+00
9.70495 1.95896562e+00
9.73855 1.94119545e+00
9.77226 1.96697337e+00
9.80609 2.01120590e+00
9.84003 2.04235833e+00
9.87409 2.05911204e+00
9.90827 2.06698290e+00
9.94257 2.04850887e+00
9.97699 1.95945742e+00
10.01153 1.82351132e+00
10.04618 1.70473617e+00
10.08096 1.62361318e+00
10.11585 1.57038271e+00
10.15087 1.54139174e+00
10.18601 1.55389875e+00
10.22127 1.61018881e+00
10.25665 1.68305431e+00
10.29215 1.69180236e+00
10.32778 1.64284557e+00
10.36353 1.61652875e+00
10.39941 1.61487608e+00
10.43540 1.62597070e+00
10.47153 1.64545412e+00
10.50777 1.67338458e+00
10.54415 1.71035215e+00
10.58065 1.76095086e+00
10.61727 1.82843091e+00
10.65403 1.90393180e+00
10.69091 1.97655260e+00
10.72791 2.03036437e+00
10.76505 2.06991083e+00
10.80231 2.10825614e+00
10.83971 2.14545956e+00
10.87723 2.16356025e+00
10.91488 2.15303026e+00
10.95266 2.12125461e+00
10.99058 2.08366492e+00
11.02862 2.04703047e+00
11.06680 2.00874957e+00
11.10511 1.96844336e+00
11.14355 1.93023050e+00
11.18212 1.89809879e+00
11.22083 1.87233003e+00
11.25967 1.84753707e+00
11.29865 1.81578537e+00
11.33776 1.78083952e+00
11.37701 1.75221307e+00
11.41639 1.72627601e+00
11.45591 1.69419996e+00
11.49556 1.65374546e+00
11.53536 1.60563598e+00
11.57529 1.55268567e+00
11.61536 1.50043105e+00
11.65556 1.45251914e+00
11.69591 1.40908345e+00
11.73640 1.36630940e+00
11.77702 1.31770678e+00
11.81779 1.26049170e+00
11.85870 1.19844440e+00
11.89975 1.13691553e+00
11.94094 1.07947835e+00
11.98227 1.02697594e+00
12.02375 9.81152405e-01
12.06537 9.41410524e-01
12.10714 9.03234055e-01
12.14905 8.68222457e-01
12.19110 8.40861355e-01
12.23330 8.18572757e-01
12.27565 7.94469013e-01
12.31814 7.63110059e-01
12.36078 7.24843940e-01
12.40357 6.84663765e-01
12.44651 6.47159246e-01
12.48959 6.14856356e-01
12.53283 5.88264668e-01
12.57621 5.66764999e-01
12.61974 5.49182443e-01
12.66343 5.33947307e-01
12.70726 5.19661184e-01
12.75125 5.05208356e-01
12.79539 4.90262180e-01
12.83968 4.75018581e-01
12.88413 4.60216213e-01
12.92873 4.46489842e-01
12.97348 4.34594596e-01
13.01839 4.25150108e-01
13.06345 4.18710407e-01
13.10867 4.15862919e-01
13.15405 4.17579904e-01
13.19959 4.25344540e-01
13.24528 4.42039260e-01
13.29113 4.73257444e-01
13.33713 5.29769508e-01
13.38330 6.21590094e-01
13.42963 7.03977842e-01
13.47612 6.83268196e-01
13.52277 6.27124139e-01
13.56958 6.17578951e-01
13.61655 6.59956416e-01
13.66368 7.45326549e-01
13.71098 8.60441344e-01
13.75844 9.68447125e-01
13.80607 1.02556095e+00
13.85386 1.00801533e+00
13.90182 9.33585109e-01
13.94994 8.38511346e-01
13.99823 7.50070820e-01
14.04668 6.82266517e-01
14.09531 6.43444430e-01
14.14410 6.34164160e-01
14.19306 6.52685376e-01
14.24219 6.96150884e-01
14.29149 7.57230606e-01
14.34096 8.24703936e-01
14.39060 8.90410603e-01
14.44042 9.40839225e-01
14.49041 9.54521991e-01
14.54057 9.21151068e-01
14.59090 8.54218674e-01
14.64141 7.79552604e-01
14.69209 7.26795726e-01
14.74295 7.20722439e-01
14.79398 7.00142564e-01
14.84519 6.25207744e-01
14.89658 5.94346318e-01
14.94814 5.95244459e-01
14.99989 6.18000868e-01
15.05181 6.60361956e-01
15.10392 7.23194752e-01
15.15620 8.06672235e-01
15.20866 9.07530624e-01
15.26131 1.01632344e+00
15.31414 1.11732738e+00
15.36715 1.19366150e+00
15.42034 1.24315694e+00
15.47372 1.27381229e+00
15.52729 1.28464234e+00
15.58103 1.26904248e+00
15.63497 1.22619108e+00
15.68909 1.16083590e+00
15.74340 1.07864781e+00
15.79790 9.87600220e-01
15.85258 8.98967602e-01
15.90746 8.24441308e-01
15.96252 7.69777444e-01
16.01778 7.35719488e-01
16.07323 7.21220516e-01
16.12886 7.24399324e-01
16.18470 7.42180295e-01
16.24072 7.65003854e-01
16.29694 7.79572267e-01
16.35335 7.77056100e-01
16.40996 7.57964828e-01
16.46677 7.27846386e-01
16.52377 6.93312555e-01
16.58097 6.61492708e-01
16.63836 6.39032427e-01
16.69596 6.29462002e-01
16.75375 6.33134507e-01
16.81175 6.49589696e-01
16.86994 6.78118386e-01
16.92834 7.17830699e-01
16.98694 7.67399460e-01
17.04574 8.26717298e-01
17.10474 8.98140345e-01
17.16395 9.84372430e-01
17.22337 1.08312806e+00
17.28299 1.18196049e+00
17.34281 1.26464233e+00
17.40285 1.32764820e+00
17.46309 1.38537141e+00
17.52354 1.46312016e+00
17.58420 1.58216621e+00
17.64507 1.74049439e+00
17.70615 1.90319609e+00
17.76744 2.01326620e+00
17.82894 2.03399915e+00
17.89066 1.99901333e+00
17.95259 1.98360114e+00
18.01473 2.00385870e+00
18.07709 2.03441180e+00
18.13967 2.05182308e+00
18.20246 2.05972878e+00
18.26547 2.06269653e+00
18.32870 2.04383872e+00
18.39214 1.99792270e+00
18.45581 1.95958386e+00
18.51969 1.95589184e+00
18.58380 1.96004430e+00
18.64813 1.94347975e+00
18.71268 1.90989314e+00
18.77746 1.87024171e+00
18.84246 1.83449325e+00
18.90768 1.81487543e+00
18.97313 1.82012400e+00
19.03881 1.85318286e+00
19.10472 1.90737344e+00
19.17085 1.96057941e+00
19.23721 1.98388338e+00
19.30380 1.95946041e+00
19.37062 1.89842588e+00
19.43768 1.82551438e+00
19.50496 1.75776075e+00
19.57248 1.70399891e+00
19.64023 1.66916064e+00
19.70822 1.65232719e+00
19.77644 1.65098812e+00
19.84490 1.66299546e+00
19.91359 1.68688302e+00
19.98252 1.71367571e+00
20.05169 1.72748437e+00
20.12110 1.72193653e+00
20.19076 1.70854994e+00
20.26065 1.69812877e+00
20.33078 1.69453616e+00
20.40116 1.69854421e+00
20.47178 1.70879595e+00
20.54264 1.72445519e+00
20.61375 1.74443081e+00
20.68511 1.76770854e+00
20.75671 1.79472623e+00
20.82856 1.82389874e+00
20.90066 1.85068043e+00
20.97301 1.87381719e+00
21.04561 1.89994426e+00
21.11846 1.93361658e+00
21.19157 1.97432684e+00
21.26492 2.02403951e+00
21.33853 2.07907223e+00
21.41240 2.13416523e+00
21.48652 2.18265953e+00
21.56090 2.21223575e+00
21.63553 2.21553173e+00
21.71043 2.19752592e+00
21.78558 2.17265067e+00
21.86099 2.15561955e+00
21.93666 2.15380112e+00
22.01260 2.17270293e+00
22.08880 2.20922041e+00
22.16526 2.25474816e+00
22.24199 2.29912007e+00
22.31898 2.33116750e+00
22.39624 2.35293284e+00
22.47377 2.35935218e+00
22.55156 2.34514510e+00
22.62962 2.30028288e+00
22.70796 2.22223381e+00
22.78656 2.13430834e+00
22.86544 2.07236039e+00
22.94459 2.04621262e+00
23.02402 2.04810418e+00
23.10372 2.05159460e+00
23.18369 2.03513508e+00
23.26394 1.99389717e+00
23.34447 1.94051200e+00
23.42528 1.89747712e+00
23.50637 1.87978291e+00
23.58774 1.87994150e+00
23.66939 1.89400398e+00
23.75133 1.91281564e+00
23.83354 1.93694189e+00
23.91604 1.96455198e+00
23.99883 1.99782021e+00
24.08191 2.03679566e+00
24.16527 2.08131855e+00
24.24892 2.12826054e+00
24.33286 2.16903979e+00
24.41709 2.19492647e+00
24.50161 2.19585936e+00
24.58642 2.16929146e+00
24.67153 2.12056813e+00
24.75693 2.05944216e+00
24.84263 1.99727893e+00
24.92863 1.93978156e+00
25.01492 1.89179922e+00
25.10151 1.85081120e+00
25.18840 1.81261552e+00
25.27559 1.77812131e+00
25.36309 1.74551338e+00
25.45088 1.71475026e+00
25.53898 1.68186507e+00
25.62739 1.63783837e+00
25.71610 1.57895639e+00
25.80512 1.51288161e+00
25.89444 1.45190274e+00
25.98408 1.40928062e+00
26.07403 1.39112816e+00
26.16428 1.39682597e+00
26.25485 1.42859295e+00
26.34574 1.48740769e+00
26.43694 1.56598664e+00
26.52845 1.65316779e+00
26.62028 1.72135468e+00
26.71243 1.75188867e+00
26.80489 1.75235972e+00
26.89768 1.75139179e+00
26.99079 1.76667755e+00
27.08422 1.79642340e+00
27.17798 1.83298608e+00
27.27205 1.86858908e+00
27.36646 1.89927758e+00
27.46119 1.92687836e+00
27.55625 1.95749369e+00
27.65164 1.99649159e+00
27.74736 2.04338276e+00
27.84341 2.09642795e+00
27.93979 2.15359573e+00
28.03650 2.21279147e+00
28.13355 2.27112007e+00
28.23094 2.32813653e+00
28.32867 2.38421170e+00
28.42673 2.44178318e+00
28.52513 2.49932580e+00
28.62387 2.55635321e+00
28.72295 2.61149106e+00
28.82238 2.66232860e+00
28.92215 2.70467008e+00
29.02227 2.73317980e+00
29.12273 2.74450375e+00
29.22354 2.73710628e+00
29.32470 2.71203819e+00
29.42621 2.67272420e+00
29.52807 2.62311964e+00
29.63029 2.56607580e+00
29.73286 2.50557788e+00
29.83578 2.44658425e+00
29.93906 2.39335359e+00
30.04269 2.34851088e+00
30.14669 2.30940162e+00
30.25104 2.27388363e+00
30.35576 2.23939605e+00
30.46084 2.20216446e+00
30.56628 2.15840626e+00
30.67209 2.10723470e+00
30.77826 2.05228252e+00
30.88481 1.99714468e+00
30.99172 1.94461220e+00
31.09900 1.89633681e+00
31.20665 1.85185748e+00
31.31467 1.80930619e+00
31.42307 1.76639008e+00
31.53184 1.72099817e+00
31.64099 1.67175157e+00
31.75052 1.61868363e+00
31.86043 1.56415536e+00
31.97072 1.51223346e+00
32.08139 1.46643457e+00
32.19244 1.42831315e+00
32.30388 1.39727954e+00
32.41570 1.37216118e+00
32.52791 1.35302924e+00
32.64051 1.34096052e+00
32.75349 1.33569911e+00
32.86687 1.33481829e+00
32.98064 1.33560826e+00
33.09481 1.33695027e+00
33.20937 1.33995964e+00
33.32433 1.34742222e+00
33.43968 1.36242470e+00
33.55544 1.38636880e+00
33.67159 1.41704192e+00
33.78815 1.44982273e+00
33.90511 1.47871793e+00
34.02247 1.49992262e+00
34.14024 1.51286330e+00
34.25842 1.51996021e+00
34.37701 1.52496622e+00
34.49601 1.53144818e+00
34.61542 1.54173107e+00
34.73525 1.55624040e+00
34.85549 1.57340761e+00
34.97614 1.58988027e+00
35.09721 1.60131034e+00
35.21871 1.60412254e+00
35.34062 1.59753430e+00
35.46295 1.58392610e+00
35.58571 1.56711420e+00
35.70889 1.54959133e+00
35.83250 1.53219494e+00
35.95654 1.51481060e+00
36.08101 1.49826875e+00
36.20590 1.48454278e+00
36.33123 1.47536027e+00
36.45700 1.47007268e+00
36.58320 1.46546987e+00
36.70983 1.45740772e+00
36.83691 1.44282805e+00
36.96442 1.42061143e+00
37.09238 1.39118779e+00
37.22077 1.35584378e+00
37.34962 1.31584788e+00
37.47890 1.27131434e+00
37.60864 1.22036011e+00
37.73883 1.15916970e+00
37.86946 1.08422941e+00
38.00055 9.96296567e-01
38.13209 9.00556389e-01
38.26409 8.05277471e-01
38.39654 7.17741228e-01
38.52946 6.41830037e-01
38.66283 5.78305708e-01
38.79667 5.26194139e-01
38.93096 4.83894168e-01
39.06573 4.49795908e-01
39.20096 4.22867792e-01
39.33665 4.01545974e-01
39.47282 3.84856819e-01
39.60946 3.72191142e-01
39.74657 3.63119531e-01
39.88416 3.57357011e-01
40.02222 3.54736555e-01
40.16076 3.55222585e-01
40.29978 3.59485006e-01
40.43928 3.67306788e-01
40.57926 3.79072213e-01
40.71973 3.95297131e-01
40.86069 4.16609735e-01
41.00213 4.43703780e-01
41.14406 4.77847552e-01
41.28648 5.20356729e-01
41.42940 5.68985287e-01
41.57281 6.21095552e-01
41.71672 6.73087595e-01
41.86113 7.21294485e-01
42.00603 7.62684459e-01
42.15144 8.03818076e-01
42.29735 8.57538453e-01
42.44377 9.26337614e-01
42.59069 9.97383893e-01
42.73812 1.04541203e+00
42.88606 1.04777812e+00
43.03451 1.06922741e+00
43.18348 1.12381552e+00
43.33297 1.21607076e+00
43.48297 1.34248611e+00
43.63349 1.51359836e+00
43.78453 1.63491856e+00
43.93609 1.65492489e+00
44.08818 1.57623469e+00
44.24079 1.49127890e+00
44.39394 1.43322926e+00
44.54761 1.38330822e+00
44.70182 1.33931452e+00
44.85655 1.30002327e+00
45.01183 1.26575496e+00
45.16764 1.23443000e+00
45.32399 1.20589439e+00
45.48089 1.18059160e+00
45.63832 1.15905898e+00
45.79630 1.14175388e+00
45.95483 1.12874297e+00
46.11391 1.11965444e+00
46.27353 1.11248097e+00
46.43371 1.10372526e+00
46.59445 1.09013727e+00
46.75574 1.06614175e+00
46.91759 1.02642355e+00
47.08000 9.70588735e-01
47.24297 8.99956427e-01
47.40650 8.19835361e-01
47.57060 7.41964698e-01
47.73527 6.69566230e-01
47.90051 6.05169042e-01
48.06633 5.51217189e-01
48.23271 5.10299746e-01
48.39967 4.77928466e-01
48.56721 4.53485795e-01
48.73533 4.38340388e-01
48.90403 4.30288554e-01
49.07332 4.27386156e-01
49.24319 4.29577583e-01
49.41365 4.35770501e-01
49.58470 4.42614940e-01
49.75634 4.49442022e-01
49.92858 4.51278434e-01
50.10141 4.47715032e-01
50.27484 4.39079688e-01
50.44887 4.21552932e-01
50.62350 3.99150558e-01
50.79874 3.73878599e-01
50.97458 3.46724299e-01
51.15104 3.21333316e-01
51.32810 2.98143134e-01
51.50578 2.79502859e-01
51.68407 2.68775111e-01
51.86298 2.65493511e-01
52.04250 2.75430151e-01
52.22265 3.07211420e-01
52.40343 3.37238421e-01
52.58482 3.46735026e-01
52.76685 3.03130738e-01
52.94951 2.44027641e-01
53.13280 1.97969876e-01
53.31672 1.67028407e-01
53.50128 1.44728212e-01
53.68648 1.31339374e-01
53.87232 1.20992565e-01
54.05880 1.12891401e-01
54.24593 1.07894881e-01
54.43371 1.04234174e-01
54.62214 1.02124756e-01
54.81122 1.03420800e-01
55.00095 1.07514853e-01
55.19134 1.17160915e-01
55.38239 1.42018514e-01
55.57410 1.76973908e-01
55.76647 2.47491527e-01
55.95951 2.69314020e-01
56.15322 2.42574697e-01
56.34760 1.82028478e-01
56.54265 1.24494008e-01
56.73838 9.83022059e-02
56.93479 8.10376846e-02
57.13187 6.99060395e-02
57.32964 6.36693518e-02
57.52809 5.83725234e-02
57.72723 5.46309767e-02
57.92705 5.15635904e-02
58.12757 4.89171648e-02
58.32879 4.68389824e-02
58.53070 4.49023630e-02
58.73331 4.32478492e-02
58.93662 4.17390350e-02
59.14063 4.03476217e-02
59.34535 3.91124260e-02
59.55078 3.79285959e-02
59.75692 3.68600960e-02
59.96377 3.58385515e-02
60.17134 3.48896277e-02
60.37963 3.39680320e-02
60.58864 3.30731221e-02
60.79837 3.22040504e-02
61.00883 3.13600065e-02
61.22002 3.05401884e-02
61.43194 2.97438425e-02
61.64459 2.89702226e-02
61.85797 2.82186275e-02
62.07210 2.74883616e-02
62.28697 2.67787644e-02
62.50258 2.60891984e-02
62.71894 2.54190342e-02
62.93605 2.47676850e-02
63.15390 2.41345634e-02
63.37252 2.35191184e-02
63.59189 2.29208050e-02
63.81201 2.23390979e-02
64.03290 2.17734979e-02
64.25456 2.12235162e-02
64.47698 2.06886853e-02
64.70017 2.01685379e-02
64.92414 1.96626418e-02
65.14888 1.91705656e-02
65.37440 1.86918995e-02
65.60070 1.82262473e-02
65.82778 1.77732098e-02
66.05565 1.73324276e-02
66.28430 1.69035298e-02
66.51375 1.64861745e-02
66.74400 1.60800162e-02
66.97504 1.56847239e-02
67.20688 1.52999905e-02
67.43952 1.49254988e-02
67.67297 1.45609612e-02
67.90722 1.42060755e-02
68.14229 1.38605739e-02
68.37817 1.35241832e-02
68.61486 1.31966449e-02
68.85238 1.28776943e-02
69.09072 1.25670964e-02
69.32988 1.22646068e-02
69.56987 1.19700020e-02
69.81069 1.16830525e-02
70.05235 1.14035403e-02
70.29484 1.11312609e-02
70.53817 1.08660060e-02
70.78235 1.06075807e-02
71.02737 1.03557943e-02
71.27323 1.01104560e-02
71.51995 9.87139428e-03
71.76752 9.63842980e-03
72.01595 9.41139883e-03
72.26524 9.19012615e-03
72.51539 8.97446443e-03
72.76641 8.76425436e-03
73.01830 8.55934514e-03
73.27106 8.35959339e-03
73.52469 8.16485774e-03
73.77920 7.97500082e-03
74.03460 7.78989220e-03
74.29087 7.60940046e-03
74.54804 7.43340267e-03
74.80609 7.26177586e-03
75.06504 7.09440405e-03
75.32488 6.93117177e-03
75.58563 6.77196850e-03
75.84727 6.61668672e-03
76.10982 6.46522140e-03
76.37328 6.31747150e-03
76.63766 6.17333796e-03
76.90295 6.03272519e-03
77.16915 5.89554012e-03
77.43628 5.76169266e-03
77.70433 5.63109419e-03
77.97331 5.50366059e-03
78.24322 5.37930823e-03
78.51407 5.25795748e-03
78.78585 5.13952868e-03
79.05857 5.02394716e-03
79.33224 4.91113877e-03
79.60686 4.80103132e-03
79.88242 4.69355563e-03
80.15894 4.58864299e-03
80.43642 4.48622869e-03
80.71486 4.38624754e-03
80.99426 4.28863780e-03
81.27463 4.19333924e-03
81.55596 4.10029113e-03
81.83828 4.00943872e-03
82.12157 3.92072526e-03
82.40584 3.83409650e-03
82.69109 3.74949966e-03
82.97733 3.66688348e-03
83.26457 3.58619819e-03
83.55279 3.50739548e-03
83.84202 3.43042824e-03
84.13225 3.35525070e-03
84.42348 3.28181733e-03
84.71572 3.21008596e-03
85.00897 3.14001279e-03
85.30323 3.07155844e-03
85.59852 3.00468164e-03
85.89482 2.93934373e-03
86.19215 2.87550702e-03
86.49052 2.81313392e-03
86.78991 2.75218914e-03
87.09034 2.69263814e-03
87.39181 2.63444568e-03
87.69432 2.57757895e-03
87.99789 2.52200619e-03
88.30250 2.46769545e-03
88.60816 2.41461616e-03
88.91489 2.36273931e-03
89.22267 2.31203462e-03
89.53153 2.26247472e-03
89.84145 2.21403153e-03
90.15244 2.16667838e-03
90.46451 2.12038898e-03
90.77766 2.07513869e-03
91.09190 2.03090133e-03
91.40722 1.98765390e-03
91.72363 1.94537230e-03
92.04114 1.90403365e-03
92.35975 1.86361599e-03
92.67946 1.82409691e-03
93.00028 1.78545532e-03
93.32221 1.74767065e-03
93.64525 1.71072255e-03
93.96941 1.67459199e-03
94.29469 1.63925918e-03
94.62110 1.60470524e-03
94.94864 1.57091275e-03
95.27731 1.53786329e-03
95.60712 1.50553964e-03
95.93807 1.47392478e-03
96.27017 1.44300287e-03
96.60342 1.41275745e-03
96.93782 1.38317317e-03
97.27338 1.35423386e-03
97.61010 1.32592609e-03
97.94798 1.29823371e-03
98.28704 1.27114355e-03
98.62727 1.24464191e-03
98.96867 1.21871496e-03
99.31126 1.19334935e-03
99.65504 1.16853264e-03
100.00000 1.14425223e-03
