        2000  3.000000 2.800000
0.10000 1.43825808e+00
0.10035 1.43700443e+00
0.10069 1.43574181e+00
0.10104 1.43450645e+00
0.10139 1.43334053e+00
0.10174 1.43213168e+00
0.10210 1.43102064e+00
0.10245 1.42982261e+00
0.10280 1.42870896e+00
0.10316 1.42764981e+00
0.10352 1.42643835e+00
0.10387 1.42521008e+00
0.10423 1.42415429e+00
0.10459 1.42302907e+00
0.10496 1.42205243e+00
0.10532 1.42109221e+00
0.10568 1.42021563e+00
0.10605 1.41919008e+00
0.10642 1.41828587e+00
0.10679 1.41762283e+00
0.10716 1.41678507e+00
0.10753 1.41595515e+00
0.10790 1.41511515e+00
0.10827 1.41418853e+00
0.10865 1.41327536e+00
0.10902 1.41220875e+00
0.10940 1.41114960e+00
0.10978 1.41016811e+00
0.11016 1.40899808e+00
0.11054 1.40798896e+00
0.11092 1.40697648e+00
0.11131 1.40588411e+00
0.11169 1.40492464e+00
0.11208 1.40382480e+00
0.11247 1.40266821e+00
0.11286 1.40161093e+00
0.11325 1.40034048e+00
0.11364 1.39926939e+00
0.11403 1.39815461e+00
0.11443 1.39696219e+00
0.11482 1.39577984e+00
0.11522 1.39461205e+00
0.11562 1.39325760e+00
0.11602 1.39220069e+00
0.11642 1.39091307e+00
0.11682 1.38970347e+00
0.11723 1.38840501e+00
0.11763 1.38707893e+00
0.11804 1.38569237e+00
0.11845 1.38411467e+00
0.11886 1.38287072e+00
0.11927 1.38147371e+00
0.11968 1.38038917e+00
0.12010 1.37905301e+00
0.12051 1.37765488e+00
0.12093 1.37647963e+00
0.12135 1.37525920e+00
0.12177 1.37408245e+00
0.12219 1.37282059e+00
0.12262 1.37178608e+00
0.12304 1.37090800e+00
0.12347 1.36984400e+00
0.12389 1.36903163e+00
0.12432 1.36817445e+00
0.12475 1.36701189e+00
0.12518 1.36594752e+00
0.12562 1.36506421e+00
0.12605 1.36422944e+00
0.12649 1.36327147e+00
0.12693 1.36205515e+00
0.12737 1.36090976e+00
0.12781 1.36001152e+00
0.12825 1.35891915e+00
0.12869 1.35775659e+00
0.12914 1.35645589e+00
0.12959 1.35547664e+00
0.13003 1.35398517e+00
0.13048 1.35294768e+00
0.13094 1.35182805e+00
0.13139 1.35067333e+00
0.13184 1.34919717e+00
0.13230 1.34780352e+00
0.13276 1.34651963e+00
0.13322 1.34523275e+00
0.13368 1.34407840e+00
0.13414 1.34242416e+00
0.13461 1.34130827e+00
0.13507 1.33997472e+00
0.13554 1.33849296e+00
0.13601 1.33694512e+00
0.13648 1.33559291e+00
0.13695 1.33408389e+00
0.13743 1.33247893e+00
0.13790 1.33123499e+00
0.13838 1.32984283e+00
0.13886 1.32830395e+00
0.13934 1.32716379e+00
0.13982 1.32606843e+00
0.14031 1.32468075e+00
0.14079 1.32347787e+00
0.14128 1.32229776e+00
0.14177 1.32153093e+00
0.14226 1.32037285e+00
0.14275 1.31913525e+00
0.14324 1.31837029e+00
0.14374 1.31730667e+00
0.14424 1.31632517e+00
0.14474 1.31540453e+00
0.14524 1.31453205e+00
0.14574 1.31294389e+00
0.14625 1.31196315e+00
0.14675 1.31064528e+00
0.14726 1.30943605e+00
0.14777 1.30806480e+00
0.14828 1.30639563e+00
0.14879 1.30520656e+00
0.14931 1.30384277e+00
0.14983 1.30196005e+00
0.15034 1.30077771e+00
0.15087 1.29910779e+00
0.15139 1.29760512e+00
0.15191 1.29616331e+00
0.15244 1.29462816e+00
0.15297 1.29311691e+00
0.15349 1.29164411e+00
0.15403 1.29022283e+00
0.15456 1.28842075e+00
0.15509 1.28713499e+00
0.15563 1.28587013e+00
0.15617 1.28409605e+00
0.15671 1.28268112e+00
0.15725 1.28123893e+00
0.15780 1.28004128e+00
0.15834 1.27840459e+00
0.15889 1.27720731e+00
0.15944 1.27593536e+00
0.15999 1.27474368e+00
0.16055 1.27347696e+00
0.16110 1.27248464e+00
0.16166 1.27137285e+00
0.16222 1.27027189e+00
0.16278 1.26952224e+00
0.16335 1.26807445e+00
0.16391 1.26730352e+00
0.16448 1.26606331e+00
0.16505 1.26495152e+00
0.16562 1.26390581e+00
0.16619 1.26252075e+00
0.16677 1.26135595e+00
0.16734 1.25979579e+00
0.16792 1.25862725e+00
0.16851 1.25741803e+00
0.16909 1.25549648e+00
0.16967 1.25449109e+00
0.17026 1.25282491e+00
0.17085 1.25159440e+00
0.17144 1.24976955e+00
0.17204 1.24893739e+00
0.17263 1.24688816e+00
0.17323 1.24572523e+00
0.17383 1.24439765e+00
0.17443 1.24266949e+00
0.17503 1.24135424e+00
0.17564 1.23971269e+00
0.17625 1.23831120e+00
0.17686 1.23662448e+00
0.17747 1.23523792e+00
0.17808 1.23353963e+00
0.17870 1.23212656e+00
0.17932 1.23058955e+00
0.17994 1.22907381e+00
0.18056 1.22772235e+00
0.18119 1.22637163e+00
0.18182 1.22486187e+00
0.18244 1.22377621e+00
0.18308 1.22242288e+00
0.18371 1.22120096e+00
0.18435 1.22000629e+00
0.18498 1.21871829e+00
0.18562 1.21772261e+00
0.18627 1.21609824e+00
0.18691 1.21524331e+00
0.18756 1.21357301e+00
0.18821 1.21264640e+00
0.18886 1.21085925e+00
0.18951 1.20982661e+00
0.19017 1.20828549e+00
0.19083 1.20685525e+00
0.19149 1.20565984e+00
0.19215 1.20402427e+00
0.19282 1.20288112e+00
0.19348 1.20125413e+00
0.19415 1.19999413e+00
0.19483 1.19862213e+00
0.19550 1.19700373e+00
0.19618 1.19568699e+00
0.19686 1.19418096e+00
0.19754 1.19248976e+00
0.19822 1.19117077e+00
0.19891 1.18927237e+00
0.19960 1.18788245e+00
0.20029 1.18602624e+00
0.20098 1.18455867e+00
0.20168 1.18268341e+00
0.20237 1.18117963e+00
0.20307 1.17952501e+00
0.20378 1.17793200e+00
0.20448 1.17617211e+00
0.20519 1.17494981e+00
0.20590 1.17309472e+00
0.20661 1.17173847e+00
0.20733 1.17015532e+00
0.20805 1.16854203e+00
0.20877 1.16734684e+00
0.20949 1.16536329e+00
0.21021 1.16442865e+00
0.21094 1.16232797e+00
0.21167 1.16136093e+00
0.21240 1.15950983e+00
0.21314 1.15829306e+00
0.21388 1.15673790e+00
0.21462 1.15545341e+00
0.21536 1.15402220e+00
0.21611 1.15263475e+00
0.21685 1.15147577e+00
0.21760 1.15003355e+00
0.21836 1.14864732e+00
0.21911 1.14771978e+00
0.21987 1.14589847e+00
0.22063 1.14479695e+00
0.22140 1.14356021e+00
0.22216 1.14195036e+00
0.22293 1.14065246e+00
0.22370 1.13920919e+00
0.22448 1.13774804e+00
0.22526 1.13635767e+00
0.22604 1.13485389e+00
0.22682 1.13334073e+00
0.22760 1.13200375e+00
0.22839 1.13033809e+00
0.22918 1.12912811e+00
0.22998 1.12757217e+00
0.23077 1.12578719e+00
0.23157 1.12487786e+00
0.23237 1.12262748e+00
0.23318 1.12154455e+00
0.23398 1.11993653e+00
0.23479 1.11820527e+00
0.23561 1.11666949e+00
0.23642 1.11516825e+00
0.23724 1.11323860e+00
0.23806 1.11217064e+00
0.23889 1.11033615e+00
0.23971 1.10862483e+00
0.24054 1.10738376e+00
0.24137 1.10580441e+00
0.24221 1.10422338e+00
0.24305 1.10287625e+00
0.24389 1.10129391e+00
0.24473 1.09981749e+00
0.24558 1.09855644e+00
0.24643 1.09706031e+00
0.24728 1.09535455e+00
0.24814 1.09421730e+00
0.24900 1.09277597e+00
0.24986 1.09110564e+00
0.25073 1.09003279e+00
0.25159 1.08853696e+00
0.25246 1.08684569e+00
0.25334 1.08616641e+00
0.25422 1.08425404e+00
0.25510 1.08327281e+00
0.25598 1.08177858e+00
0.25687 1.08044716e+00
0.25775 1.07915255e+00
0.25865 1.07791339e+00
0.25954 1.07621883e+00
0.26044 1.07539596e+00
0.26134 1.07341629e+00
0.26225 1.07220030e+00
0.26315 1.07087243e+00
0.26406 1.06936823e+00
0.26498 1.06789730e+00
0.26590 1.06644720e+00
0.26682 1.06484799e+00
0.26774 1.06361633e+00
0.26867 1.06193879e+00
0.26960 1.06041861e+00
0.27053 1.05899722e+00
0.27147 1.05730068e+00
0.27241 1.05586607e+00
0.27335 1.05416043e+00
0.27430 1.05240845e+00
0.27525 1.05117156e+00
0.27620 1.04932740e+00
0.27715 1.04747354e+00
0.27811 1.04630266e+00
0.27908 1.04453074e+00
0.28004 1.04261061e+00
0.28101 1.04145399e+00
0.28198 1.04009255e+00
0.28296 1.03785756e+00
0.28394 1.03671131e+00
0.28492 1.03550698e+00
0.28591 1.03363490e+00
0.28690 1.03226980e+00
0.28789 1.03081757e+00
0.28889 1.02931591e+00
0.28989 1.02806965e+00
0.29089 1.02651804e+00
0.29190 1.02486171e+00
0.29291 1.02376008e+00
0.29392 1.02245214e+00
0.29494 1.02066858e+00
0.29596 1.01957318e+00
0.29699 1.01807582e+00
0.29801 1.01645077e+00
0.29905 1.01552140e+00
0.30008 1.01374623e+00
0.30112 1.01219037e+00
0.30216 1.01110990e+00
0.30321 1.00932126e+00
0.30426 1.00784873e+00
0.30531 1.00619198e+00
0.30637 1.00471265e+00
0.30743 1.00355267e+00
0.30849 1.00155713e+00
0.30956 9.99730069e-01
0.31063 9.98525621e-01
0.31171 9.96851520e-01
0.31279 9.95016027e-01
0.31387 9.93381424e-01
0.31496 9.91918405e-01
0.31605 9.90334277e-01
0.31714 9.88494080e-01
0.31824 9.86701147e-01
0.31934 9.85332507e-01
0.32044 9.83692752e-01
0.32155 9.82010923e-01
0.32267 9.80497093e-01
0.32378 9.78657232e-01
0.32490 9.77269515e-01
0.32603 9.75880117e-01
0.32716 9.74107941e-01
0.32829 9.72640891e-01
0.32943 9.71251680e-01
0.33057 9.69624208e-01
0.33171 9.68356928e-01
0.33286 9.66804496e-01
0.33401 9.65060656e-01
0.33517 9.63899253e-01
0.33633 9.62536624e-01
0.33749 9.60771915e-01
0.33866 9.59521323e-01
0.33983 9.58189829e-01
0.34101 9.56651397e-01
0.34219 9.54976475e-01
0.34337 9.53410491e-01
0.34456 9.52040544e-01
0.34576 9.50960005e-01
0.34695 9.49136235e-01
0.34815 9.47325717e-01
0.34936 9.46195451e-01
0.35057 9.44716864e-01
0.35178 9.42768811e-01
0.35300 9.41189163e-01
0.35422 9.39853675e-01
0.35545 9.38109797e-01
0.35668 9.36727531e-01
0.35791 9.35228784e-01
0.35915 9.33301189e-01
0.36039 9.31546149e-01
0.36164 9.30308699e-01
0.36289 9.28652816e-01
0.36415 9.27130213e-01
0.36541 9.25817723e-01
0.36668 9.23865301e-01
0.36795 9.22052955e-01
0.36922 9.21032672e-01
0.37050 9.19887883e-01
0.37178 9.18065493e-01
0.37307 9.16112736e-01
0.37436 9.14898133e-01
0.37565 9.13806357e-01
0.37695 9.12359728e-01
0.37826 9.10802219e-01
0.37957 9.09149509e-01
0.38088 9.07481792e-01
0.38220 9.06594267e-01
0.38352 9.05403595e-01
0.38485 9.03507435e-01
0.38618 9.02011189e-01
0.38752 9.01103131e-01
0.38886 8.99519637e-01
0.39021 8.97797040e-01
0.39156 8.95918016e-01
0.39291 8.95060133e-01
0.39427 8.94266053e-01
0.39564 8.92258677e-01
0.39701 8.90201424e-01
0.39838 8.89114613e-01
0.39976 8.87959371e-01
0.40115 8.86165915e-01
0.40253 8.84625317e-01
0.40393 8.83282736e-01
0.40533 8.81801685e-01
0.40673 8.80415387e-01
0.40814 8.78989440e-01
0.40955 8.77272853e-01
0.41097 8.75660240e-01
0.41239 8.74615765e-01
0.41382 8.73392091e-01
0.41525 8.71706453e-01
0.41669 8.70005584e-01
0.41813 8.68978805e-01
0.41958 8.67481515e-01
0.42103 8.66175333e-01
0.42249 8.64703504e-01
0.42395 8.63223723e-01
0.42542 8.62072400e-01
0.42689 8.61007765e-01
0.42837 8.59369280e-01
0.42985 8.57465616e-01
0.43134 8.56517200e-01
0.43283 8.55825749e-01
0.43433 8.54078400e-01
0.43583 8.52243205e-01
0.43734 8.50990149e-01
0.43886 8.49759232e-01
0.44037 8.48571547e-01
0.44190 8.47515797e-01
0.44343 8.46095413e-01
0.44496 8.44024533e-01
0.44650 8.42531312e-01
0.44805 8.41812085e-01
0.44960 8.40534987e-01
0.45116 8.38748400e-01
0.45272 8.37432848e-01
0.45429 8.36214363e-01
0.45586 8.34758997e-01
0.45744 8.33474171e-01
0.45902 8.32128416e-01
0.46061 8.30784565e-01
0.46220 8.29479579e-01
0.46380 8.28018501e-01
0.46541 8.26533792e-01
0.46702 8.25469717e-01
0.46864 8.24387275e-01
0.47026 8.22970848e-01
0.47189 8.21621659e-01
0.47352 8.20204336e-01
0.47516 8.18675947e-01
0.47680 8.17805371e-01
0.47845 8.16639339e-01
0.48011 8.15028107e-01
0.48177 8.13813616e-01
0.48344 8.12463456e-01
0.48511 8.11036613e-01
0.48679 8.09948720e-01
0.48848 8.08607035e-01
0.49017 8.07152491e-01
0.49186 8.06042496e-01
0.49357 8.04850928e-01
0.49528 8.03269003e-01
0.49699 8.01876731e-01
0.49871 8.00673888e-01
0.50044 7.99301664e-01
0.50217 7.97849435e-01
0.50391 7.96762885e-01
0.50565 7.95765077e-01
0.50740 7.94120768e-01
0.50916 7.92153040e-01
0.51092 7.91026693e-01
0.51269 7.90225893e-01
0.51446 7.89322389e-01
0.51625 7.88211573e-01
0.51803 7.86252320e-01
0.51983 7.84316960e-01
0.52163 7.83287904e-01
0.52343 7.82410123e-01
0.52524 7.81173232e-01
0.52706 7.80069173e-01
0.52889 7.78577893e-01
0.53072 7.77112709e-01
0.53255 7.76056587e-01
0.53440 7.74720053e-01
0.53625 7.73093216e-01
0.53810 7.71846208e-01
0.53997 7.70928293e-01
0.54183 7.69829200e-01
0.54371 7.68375291e-01
0.54559 7.66550587e-01
0.54748 7.65093019e-01
0.54938 7.64069077e-01
0.55128 7.63011051e-01
0.55319 7.61522795e-01
0.55510 7.59941915e-01
0.55702 7.58812843e-01
0.55895 7.57771205e-01
0.56089 7.56436576e-01
0.56283 7.54788384e-01
0.56478 7.53271979e-01
0.56673 7.52144624e-01
0.56869 7.51080437e-01
0.57066 7.49791728e-01
0.57264 7.48238176e-01
0.57462 7.46503483e-01
0.57661 7.45093552e-01
0.57860 7.44704875e-01
0.58061 7.44003419e-01
0.58262 7.41868587e-01
0.58463 7.39851205e-01
0.58666 7.39087440e-01
0.58869 7.38409429e-01
0.59073 7.36889701e-01
0.59277 7.35205707e-01
0.59482 7.33792416e-01
0.59688 7.32582069e-01
0.59895 7.31460501e-01
0.60102 7.30281627e-01
0.60310 7.28938784e-01
0.60519 7.27517840e-01
0.60728 7.25940917e-01
0.60939 7.24589525e-01
0.61150 7.23752251e-01
0.61361 7.22982251e-01
0.61574 7.21338800e-01
0.61787 7.19447792e-01
0.62001 7.17999632e-01
0.62215 7.17035872e-01
0.62431 7.15786101e-01
0.62647 7.14140896e-01
0.62864 7.12787973e-01
0.63081 7.11944091e-01
0.63300 7.11058693e-01
0.63519 7.09623787e-01
0.63739 7.07605957e-01
0.63959 7.05933723e-01
0.64181 7.05212480e-01
0.64403 7.04428331e-01
0.64626 7.03080933e-01
0.64849 7.01779680e-01
0.65074 7.00437173e-01
0.65299 6.98709200e-01
0.65525 6.97055333e-01
0.65752 6.95980432e-01
0.65980 6.94989008e-01
0.66208 6.93797029e-01
0.66437 6.92470203e-01
0.66667 6.91102869e-01
0.66898 6.89608901e-01
0.67130 6.88230256e-01
0.67362 6.87200229e-01
0.67595 6.86331445e-01
0.67829 6.85305227e-01
0.68064 6.83757573e-01
0.68299 6.81822251e-01
0.68536 6.80069301e-01
0.68773 6.79045733e-01
0.69011 6.78130021e-01
0.69250 6.76585504e-01
0.69490 6.75075893e-01
0.69730 6.74020256e-01
0.69972 6.73254325e-01
0.70214 6.72290864e-01
0.70457 6.70669365e-01
0.70701 6.68703915e-01
0.70946 6.67199904e-01
0.71191 6.66469365e-01
0.71438 6.65680437e-01
0.71685 6.64086901e-01
0.71933 6.62089456e-01
0.72182 6.60693973e-01
0.72432 6.59916581e-01
0.72683 6.59046752e-01
0.72934 6.57695173e-01
0.73187 6.56039963e-01
0.73440 6.54395243e-01
0.73694 6.53160256e-01
0.73949 6.52152480e-01
0.74205 6.51046144e-01
0.74462 6.49938427e-01
0.74720 6.48898619e-01
0.74979 6.47606251e-01
0.75238 6.46079093e-01
0.75499 6.44680773e-01
0.75760 6.43316763e-01
0.76022 6.41837168e-01
0.76285 6.40658891e-01
0.76549 6.39723205e-01
0.76814 6.38456000e-01
0.77080 6.36867056e-01
0.77347 6.35345984e-01
0.77615 6.34262683e-01
0.77884 6.33796800e-01
0.78153 6.33272229e-01
0.78424 6.31918597e-01
0.78695 6.30136117e-01
0.78968 6.28296069e-01
0.79241 6.26453445e-01
0.79515 6.25388400e-01
0.79790 6.25109072e-01
0.80067 6.24673093e-01
0.80344 6.23414101e-01
0.80622 6.21358304e-01
0.80901 6.19600725e-01
0.81181 6.18304960e-01
0.81462 6.17296101e-01
0.81744 6.16617680e-01
0.82027 6.16231803e-01
0.82311 6.15209616e-01
0.82596 6.13454165e-01
0.82882 6.11757067e-01
0.83169 6.10586704e-01
0.83457 6.09498325e-01
0.83745 6.08588848e-01
0.84035 6.07991776e-01
0.84326 6.07201280e-01
0.84618 6.05677333e-01
0.84911 6.03856064e-01
0.85205 6.02236693e-01
0.85500 6.01114005e-01
0.85796 6.00576928e-01
0.86093 5.99909483e-01
0.86391 5.98889088e-01
0.86690 5.97508725e-01
0.86990 5.96709605e-01
0.87291 5.95847877e-01
0.87593 5.94338192e-01
0.87897 5.92663008e-01
0.88201 5.91397819e-01
0.88506 5.91286603e-01
0.88813 5.90962587e-01
0.89120 5.89493259e-01
0.89428 5.87325648e-01
0.89738 5.85748128e-01
0.90049 5.85099872e-01
0.90360 5.84653104e-01
0.90673 5.84083509e-01
0.90987 5.82320592e-01
0.91302 5.80686624e-01
0.91618 5.80240080e-01
0.91935 5.79806267e-01
0.92253 5.78930763e-01
0.92573 5.76810043e-01
0.92893 5.74872629e-01
0.93215 5.74399541e-01
0.93537 5.74396965e-01
0.93861 5.74085867e-01
0.94186 5.72365584e-01
0.94512 5.70184123e-01
0.94839 5.69326539e-01
0.95168 5.68671600e-01
0.95497 5.67606069e-01
0.95828 5.66342373e-01
0.96159 5.64866101e-01
0.96492 5.63845184e-01
0.96826 5.62991781e-01
0.97161 5.62351440e-01
0.97498 5.61654464e-01
0.97835 5.60292693e-01
0.98174 5.58966501e-01
0.98514 5.58056837e-01
0.98855 5.57064891e-01
0.99197 5.56031093e-01
0.99540 5.54700421e-01
0.99885 5.53420075e-01
1.00231 5.52783168e-01
1.00578 5.51829749e-01
1.00926 5.50338357e-01
1.01275 5.49164784e-01
1.01626 5.47863195e-01
1.01978 5.46678608e-01
1.02330 5.46081723e-01
1.02685 5.45316912e-01
1.03040 5.43779077e-01
1.03397 5.42596917e-01
1.03755 5.41686619e-01
1.04114 5.40792224e-01
1.04474 5.39970443e-01
1.04836 5.39153216e-01
1.05199 5.37533509e-01
1.05563 5.35916453e-01
1.05928 5.34867200e-01
1.06295 5.33881451e-01
1.06663 5.32785531e-01
1.07032 5.32141195e-01
1.07403 5.31471920e-01
1.07775 5.30124821e-01
1.08148 5.28694992e-01
1.08522 5.27756992e-01
1.08898 5.26698219e-01
1.09275 5.25080901e-01
1.09653 5.24098176e-01
1.10032 5.22945584e-01
1.10413 5.21985595e-01
1.10796 5.21166688e-01
1.11179 5.20579360e-01
1.11564 5.19497104e-01
1.11950 5.18002688e-01
1.12338 5.17278645e-01
1.12726 5.16382720e-01
1.13117 5.14922837e-01
1.13508 5.13288944e-01
1.13901 5.12378421e-01
1.14295 5.11842987e-01
1.14691 5.11036400e-01
1.15088 5.10078016e-01
1.15487 5.08514832e-01
1.15886 5.06909611e-01
1.16287 5.05598949e-01
1.16690 5.05008112e-01
1.17094 5.04479509e-01
1.17499 5.03836144e-01
1.17906 5.03180907e-01
1.18314 5.01787888e-01
1.18724 5.00853659e-01
1.19135 5.00414096e-01
1.19547 5.00076752e-01
1.19961 4.99302272e-01
1.20376 4.97563883e-01
1.20793 4.95569088e-01
1.21211 4.93250576e-01
1.21630 4.90864715e-01
1.22052 4.89865488e-01
1.22474 4.90576240e-01
1.22898 4.92787045e-01
1.23323 4.94503819e-01
1.23750 4.93093067e-01
1.24179 4.90558768e-01
1.24609 4.87657371e-01
1.25040 4.84521819e-01
1.25473 4.82494469e-01
1.25907 4.81640768e-01
1.26343 4.82107435e-01
1.26780 4.84695867e-01
1.27219 4.87146576e-01
1.27659 4.87129104e-01
1.28101 4.84622992e-01
1.28545 4.80798565e-01
1.28990 4.77064112e-01
1.29436 4.74080619e-01
1.29884 4.73125333e-01
1.30334 4.74549973e-01
1.30785 4.77204373e-01
1.31238 4.79671509e-01
1.31692 4.81377456e-01
1.32148 4.79780859e-01
1.32605 4.74976693e-01
1.33064 4.70610037e-01
1.33525 4.68337632e-01
1.33987 4.67813136e-01
1.34451 4.68751808e-01
1.34916 4.70694784e-01
1.35383 4.72496080e-01
1.35852 4.72813040e-01
1.36322 4.71292453e-01
1.36794 4.68727728e-01
1.37268 4.66733344e-01
1.37743 4.66325365e-01
1.38220 4.66245808e-01
1.38698 4.65866240e-01
1.39178 4.65862320e-01
1.39660 4.65937285e-01
1.40144 4.65445232e-01
1.40629 4.64324149e-01
1.41115 4.63222741e-01
1.41604 4.62116667e-01
1.42094 4.61901477e-01
1.42586 4.61776821e-01
1.43080 4.61219061e-01
1.43575 4.61171237e-01
1.44072 4.61287717e-01
1.44571 4.61707269e-01
1.45071 4.62498363e-01
1.45573 4.62467675e-01
1.46077 4.61228955e-01
1.46583 4.59388496e-01
1.47090 4.57720965e-01
1.47599 4.56112645e-01
1.48110 4.54370784e-01
1.48623 4.53907365e-01
1.49137 4.56102976e-01
1.49654 4.59364192e-01
1.50172 4.61039189e-01
1.50692 4.60358677e-01
1.51213 4.58651349e-01
1.51737 4.57057291e-01
1.52262 4.55251851e-01
1.52789 4.52638629e-01
1.53318 4.51351749e-01
1.53849 4.52106592e-01
1.54381 4.53292971e-01
1.54916 4.54272784e-01
1.55452 4.55587851e-01
1.55990 4.57258816e-01
1.56530 4.57765243e-01
1.57072 4.56238235e-01
1.57615 4.54216336e-01
1.58161 4.52585168e-01
1.58709 4.51192037e-01
1.59258 4.50090667e-01
1.59809 4.49522715e-01
1.60362 4.48638400e-01
1.60918 4.48586992e-01
1.61475 4.50446229e-01
1.62034 4.53007333e-01
1.62594 4.55310464e-01
1.63157 4.56770533e-01
1.63722 4.56539851e-01
1.64289 4.54528928e-01
1.64857 4.51710821e-01
1.65428 4.49751157e-01
1.66001 4.47988128e-01
1.66575 4.45740811e-01
1.67152 4.44500485e-01
1.67731 4.44957296e-01
1.68311 4.47034896e-01
1.68894 4.50150848e-01
1.69478 4.52441621e-01
1.70065 4.53950635e-01
1.70654 4.55094528e-01
1.71245 4.54761141e-01
1.71837 4.53012037e-01
1.72432 4.49955333e-01
1.73029 4.45485787e-01
1.73628 4.41652325e-01
1.74229 4.39950373e-01
1.74832 4.40239819e-01
1.75437 4.42400187e-01
1.76045 4.46309061e-01
1.76654 4.51165717e-01
1.77266 4.55824731e-01
1.77879 4.57698752e-01
1.78495 4.55623952e-01
1.79113 4.50265088e-01
1.79733 4.43145883e-01
1.80355 4.37692715e-01
1.80979 4.35918411e-01
1.81606 4.36833339e-01
1.82234 4.39413109e-01
1.82865 4.43661269e-01
1.83498 4.48275483e-01
1.84133 4.51198347e-01
1.84771 4.52010795e-01
1.85410 4.50979611e-01
1.86052 4.48501872e-01
1.86696 4.45160501e-01
1.87342 4.41707877e-01
1.87991 4.39069232e-01
1.88642 4.37552341e-01
1.89295 4.36873584e-01
1.89950 4.37007163e-01
1.90607 4.38359525e-01
1.91267 4.41079184e-01
1.91929 4.43621285e-01
1.92594 4.44605168e-01
1.93260 4.44565408e-01
1.93929 4.43335237e-01
1.94601 4.41104608e-01
1.95274 4.39577189e-01
1.95950 4.38656027e-01
1.96629 4.36969979e-01
1.97309 4.34977387e-01
1.97992 4.34283659e-01
1.98678 4.34960437e-01
1.99365 4.35599883e-01
2.00055 4.35879995e-01
2.00748 4.37452512e-01
2.01443 4.39263552e-01
2.02140 4.40830096e-01
2.02840 4.41934341e-01
2.03542 4.41861205e-01
2.04247 4.40673109e-01
2.04954 4.39689152e-01
2.05663 4.39135835e-01
2.06375 4.38764555e-01
2.07090 4.39132811e-01
2.07806 4.40829685e-01
2.08526 4.43454965e-01
2.09247 4.45742827e-01
2.09972 4.47127968e-01
2.10699 4.47838496e-01
2.11428 4.47668293e-01
2.12160 4.46698261e-01
2.12894 4.45569749e-01
2.13631 4.44683344e-01
2.14371 4.44337040e-01
2.15113 4.44898085e-01
2.15857 4.46306299e-01
2.16605 4.47740347e-01
2.17354 4.48575232e-01
2.18107 4.49135045e-01
2.18862 4.49415232e-01
2.19619 4.49147627e-01
2.20380 4.48815771e-01
2.21143 4.48981232e-01
2.21908 4.49933792e-01
2.22676 4.51701936e-01
2.23447 4.53573307e-01
2.24220 4.54619200e-01
2.24997 4.54743707e-01
2.25775 4.54312731e-01
2.26557 4.53276245e-01
2.27341 4.51800795e-01
2.28128 4.50761136e-01
2.28918 4.50701328e-01
2.29710 4.51431568e-01
2.30505 4.52680891e-01
2.31303 4.54205024e-01
2.32104 4.55583296e-01
2.32908 4.56408475e-01
2.33714 4.56443829e-01
2.34523 4.55721877e-01
2.35335 4.54604827e-01
2.36149 4.53595931e-01
2.36967 4.53167792e-01
2.37787 4.53634272e-01
2.38610 4.54928619e-01
2.39436 4.56602832e-01
2.40265 4.58129355e-01
2.41097 4.59123653e-01
2.41931 4.59364939e-01
2.42769 4.58851120e-01
2.43609 4.57876085e-01
2.44452 4.56949173e-01
2.45298 4.56540597e-01
2.46148 4.56828997e-01
2.47000 4.57636443e-01
2.47855 4.58529717e-01
2.48713 4.59076688e-01
2.49574 4.59088149e-01
2.50438 4.58565781e-01
2.51304 4.57605045e-01
2.52174 4.56470896e-01
2.53047 4.55542603e-01
2.53923 4.55119541e-01
2.54802 4.55270629e-01
2.55684 4.55865461e-01
2.56569 4.56698219e-01
2.57457 4.57547552e-01
2.58349 4.58183040e-01
2.59243 4.58417867e-01
2.60140 4.58211189e-01
2.61041 4.57715552e-01
2.61944 4.57176085e-01
2.62851 4.56790357e-01
2.63761 4.56685637e-01
2.64674 4.56948427e-01
2.65590 4.57579771e-01
2.66510 4.58430448e-01
2.67432 4.59224939e-01
2.68358 4.59675664e-01
2.69287 4.59611264e-01
2.70219 4.59041856e-01
2.71154 4.58152016e-01
2.72093 4.57235408e-01
2.73035 4.56570800e-01
2.73980 4.56292219e-01
2.74928 4.56344037e-01
2.75880 4.56535931e-01
2.76835 4.56643003e-01
2.77793 4.56501883e-01
2.78755 4.56075237e-01
2.79720 4.55456736e-01
2.80688 4.54811131e-01
2.81660 4.54289771e-01
2.82635 4.53969861e-01
2.83613 4.53842741e-01
2.84595 4.53843227e-01
2.85580 4.53892917e-01
2.86569 4.53933013e-01
2.87561 4.53935627e-01
2.88556 4.53897547e-01
2.89555 4.53830459e-01
2.90557 4.53755717e-01
2.91563 4.53696395e-01
2.92572 4.53664549e-01
2.93585 4.53653611e-01
2.94601 4.53645621e-01
2.95621 4.53626656e-01
2.96644 4.53596043e-01
2.97671 4.53561397e-01
2.98702 4.53525072e-01
2.99736 4.53470715e-01
3.00773 4.53321605e-01
3.01814 4.53053067e-01
3.02859 4.52639973e-01
3.03907 4.52075456e-01
3.04960 4.51393488e-01
3.06015 4.50660299e-01
3.07074 4.49951003e-01
3.08137 4.49321152e-01
3.09204 4.48788816e-01
3.10274 4.48333760e-01
3.11348 4.47912715e-01
3.12426 4.47482075e-01
3.13508 4.47017424e-01
3.14593 4.46522869e-01
3.15682 4.46027643e-01
3.16775 4.45571429e-01
3.17871 4.45186635e-01
3.18972 4.44885579e-01
3.20076 4.44658965e-01
3.21184 4.44483312e-01
3.22295 4.44333605e-01
3.23411 4.44193904e-01
3.24531 4.44061109e-01
3.25654 4.43941792e-01
3.26781 4.43844576e-01
3.27912 4.43773904e-01
3.29047 4.43727088e-01
3.30187 4.43695616e-01
3.31330 4.43668363e-01
3.32476 4.43633867e-01
3.33627 4.43581040e-01
3.34782 4.43499093e-01
3.35941 4.43376715e-01
3.37104 4.43203115e-01
3.38271 4.42968923e-01
3.39442 4.42668203e-01
3.40617 4.42298752e-01
3.41796 4.41861877e-01
3.42979 4.41360976e-01
3.44166 4.40800976e-01
3.45358 4.40187664e-01
3.46553 4.39528768e-01
3.47753 4.38834032e-01
3.48957 4.38115589e-01
3.50164 4.37383221e-01
3.51377 4.36630955e-01
3.52593 4.35892315e-01
3.53814 4.35174768e-01
3.55038 4.34482048e-01
3.56267 4.33815685e-01
3.57500 4.33176277e-01
3.58738 4.32564907e-01
3.59980 4.31983664e-01
3.61226 4.31435200e-01
3.62476 4.30922427e-01
3.63731 4.30447173e-01
3.64990 4.30010112e-01
3.66254 4.29610608e-01
3.67521 4.29246757e-01
3.68794 4.28916133e-01
3.70070 4.28616197e-01
3.71351 4.28344709e-01
3.72637 4.28099728e-01
3.73927 4.27879648e-01
3.75221 4.27682379e-01
3.76520 4.27505157e-01
3.77823 4.27343952e-01
3.79131 4.27193611e-01
3.80443 4.27047936e-01
3.81760 4.26900208e-01
3.83082 4.26743483e-01
3.84408 4.26571152e-01
3.85739 4.26376907e-01
3.87074 4.26154960e-01
3.88414 4.25900235e-01
3.89758 4.25608661e-01
3.91107 4.25277141e-01
3.92461 4.24903995e-01
3.93820 4.24488773e-01
3.95183 4.24032560e-01
3.96551 4.23537371e-01
3.97924 4.23006304e-01
3.99301 4.22443019e-01
4.00683 4.21931029e-01
4.02070 4.21476272e-01
4.03462 4.21002400e-01
4.04859 4.20514827e-01
4.06260 4.20018667e-01
4.07667 4.19518885e-01
4.09078 4.19020149e-01
4.10494 4.18526677e-01
4.11915 4.18042389e-01
4.13341 4.17570496e-01
4.14771 4.17114208e-01
4.16207 4.16676027e-01
4.17648 4.16258267e-01
4.19094 4.15862869e-01
4.20545 4.15491477e-01
4.22000 4.15145248e-01
4.23461 4.14825040e-01
4.24927 4.14531525e-01
4.26398 4.14264704e-01
4.27874 4.14024613e-01
4.29355 4.13810693e-01
4.30841 4.13622272e-01
4.32332 4.13458080e-01
4.33829 4.13316923e-01
4.35331 4.13196859e-01
4.36838 4.13095984e-01
4.38350 4.13011760e-01
4.39867 4.12941611e-01
4.41390 4.12882549e-01
4.42918 4.12831291e-01
4.44451 4.12784437e-01
4.45990 4.12738443e-01
4.47533 4.12689611e-01
4.49083 4.12634432e-01
4.50637 4.12611024e-01
4.52197 4.12633648e-01
4.53762 4.12638613e-01
4.55333 4.12623157e-01
4.56909 4.12584928e-01
4.58491 4.12522208e-01
4.60078 4.12433541e-01
4.61670 4.12318256e-01
4.63269 4.12176053e-01
4.64872 4.12007045e-01
4.66481 4.11812128e-01
4.68096 4.11592309e-01
4.69717 4.11349083e-01
4.71343 4.11084277e-01
4.72974 4.10799984e-01
4.74611 4.10498517e-01
4.76254 4.10182416e-01
4.77903 4.09854219e-01
4.79557 4.09516576e-01
4.81217 4.09172251e-01
4.82883 4.08823893e-01
4.84555 4.08474229e-01
4.86232 4.08125835e-01
4.87915 4.07781248e-01
4.89604 4.07442933e-01
4.91299 4.07113019e-01
4.92999 4.06793856e-01
4.94706 4.06487349e-01
4.96418 4.06195328e-01
4.98137 4.05919509e-01
4.99861 4.05661312e-01
5.01591 4.05371605e-01
5.03328 4.05099371e-01
5.05070 4.04849984e-01
5.06818 4.04624043e-01
5.08573 4.04422069e-01
5.10333 4.04244064e-01
5.12100 4.04089877e-01
5.13873 4.03959136e-01
5.15651 4.03851131e-01
5.17436 4.03764741e-01
5.19228 4.03698885e-01
5.21025 4.03651920e-01
5.22828 4.03622165e-01
5.24638 4.03607605e-01
5.26454 4.03606224e-01
5.28277 4.03615669e-01
5.30105 4.03633477e-01
5.31940 4.03657221e-01
5.33782 4.03684251e-01
5.35629 4.03712064e-01
5.37484 4.03738123e-01
5.39344 4.03759888e-01
5.41211 4.03775008e-01
5.43084 4.03781168e-01
5.44965 4.03776240e-01
5.46851 4.03758469e-01
5.48744 4.03725989e-01
5.50643 4.03742192e-01
5.52550 4.03866064e-01
5.54462 4.03969291e-01
5.56381 4.04051051e-01
5.58308 4.04111120e-01
5.60240 4.04149536e-01
5.62179 4.04166448e-01
5.64125 4.04162491e-01
5.66078 4.04138485e-01
5.68038 4.04095440e-01
5.70004 4.04034699e-01
5.71977 4.03957643e-01
5.73957 4.03865840e-01
5.75944 4.03761045e-01
5.77938 4.03645051e-01
5.79938 4.03519685e-01
5.81946 4.03386891e-01
5.83960 4.03248608e-01
5.85982 4.03106741e-01
5.88010 4.02963157e-01
5.90045 4.02819760e-01
5.92088 4.02678304e-01
5.94137 4.02540581e-01
5.96194 4.02408123e-01
5.98258 4.02282421e-01
6.00329 4.02107440e-01
6.02407 4.01637488e-01
6.04492 4.01179595e-01
6.06585 4.00734805e-01
6.08684 4.00303979e-01
6.10791 3.99887936e-01
6.12906 3.99487237e-01
6.15027 3.99102293e-01
6.17156 3.98733291e-01
6.19293 3.98380304e-01
6.21436 3.97680080e-01
6.23588 3.96817120e-01
6.25746 3.95970549e-01
6.27912 3.95139771e-01
6.30086 3.94324224e-01
6.32267 3.93523088e-01
6.34455 3.92735728e-01
6.36652 3.91961099e-01
6.38856 3.91198453e-01
6.41067 3.90497856e-01
6.43286 3.89863189e-01
6.45513 3.89238453e-01
6.47747 3.88622080e-01
6.49990 3.88012763e-01
6.52240 3.87408971e-01
6.54497 3.86809472e-01
6.56763 3.86213035e-01
6.59037 3.85618464e-01
6.61318 3.84974688e-01
6.63607 3.84294251e-01
6.65904 3.83613104e-01
6.68209 3.82930576e-01
6.70522 3.82245995e-01
6.72843 3.81559024e-01
6.75172 3.80869253e-01
6.77510 3.80176496e-01
6.79855 3.79480677e-01
6.82208 3.78574896e-01
6.84570 3.77653099e-01
6.86939 3.76729323e-01
6.89317 3.75804016e-01
6.91704 3.74877739e-01
6.94098 3.73951051e-01
6.96500 3.73024661e-01
6.98911 3.72099280e-01
7.01331 3.71044949e-01
7.03759 3.69892133e-01
7.06195 3.68750816e-01
7.08639 3.67621968e-01
7.11092 3.67023328e-01
7.13554 3.67078283e-01
7.16024 3.67140704e-01
7.18502 3.67211227e-01
7.20990 3.67098517e-01
7.23485 3.66709019e-01
7.25990 3.66336544e-01
7.28503 3.65981579e-01
7.31025 3.65965189e-01
7.33555 3.66434133e-01
7.36094 3.66917899e-01
7.38642 3.67416709e-01
7.41199 3.68254283e-01
7.43765 3.69483483e-01
7.46340 3.70740085e-01
7.48923 3.72023605e-01
7.51516 3.74201259e-01
7.54117 3.77041243e-01
7.56727 3.79930507e-01
7.59347 3.82868864e-01
7.61975 3.84250309e-01
7.64613 3.85126523e-01
7.67260 3.86025696e-01
7.69916 3.86947269e-01
7.72581 3.87321648e-01
7.75255 3.87705957e-01
7.77939 3.88118416e-01
7.80632 3.87869403e-01
7.83334 3.85419328e-01
7.86046 3.83035856e-01
7.88767 3.80718501e-01
7.91497 3.79440507e-01
7.94237 3.79029056e-01
7.96986 3.78680027e-01
7.99745 3.78393717e-01
8.02513 4.14709867e-01
8.05291 4.08093504e-01
8.08079 4.01664592e-01
8.10876 4.14056496e-01
8.13683 4.07744437e-01
8.16500 4.07855579e-01
8.19326 4.31856544e-01
8.22162 3.88483536e-01
8.25008 4.47470464e-01
8.27864 3.72338773e-01
8.30730 4.44899691e-01
8.33605 4.49844640e-01
8.36491 4.53556469e-01
8.39386 4.66460325e-01
8.42292 4.24539061e-01
8.45208 4.47077941e-01
8.48133 4.82727840e-01
8.51069 4.81446373e-01
8.54016 4.98675296e-01
8.56972 4.87009824e-01
8.59938 5.23089205e-01
8.62915 5.33237040e-01
8.65902 5.90869776e-01
8.68899 7.03995824e-01
8.71907 7.88292400e-01
8.74925 8.21794475e-01
8.77954 9.66064736e-01
8.80993 1.17446422e+00
8.84043 1.29074747e+00
8.87103 1.22593494e+00
8.90174 1.17337916e+00
8.93255 1.16616222e+00
8.96347 1.16540689e+00
8.99450 1.19618994e+00
9.02563 1.17715409e+00
9.05688 1.23468602e+00
9.08823 1.27768484e+00
9.11969 1.33493028e+00
9.15126 1.40293186e+00
9.18294 1.47768268e+00
9.21472 1.54653016e+00
9.24662 1.61548128e+00
9.27863 1.67142980e+00
9.31075 1.71954604e+00
9.34298 1.74514099e+00
9.37532 1.76232497e+00
9.40777 1.78642785e+00
9.44034 1.81378855e+00
9.47302 1.84975205e+00
9.50581 1.89543760e+00
9.53871 1.92582805e+00
9.57173 1.94058293e+00
9.60487 1.94170891e+00
9.63811 1.89088667e+00
9.67148 1.81518736e+00
9.70495 1.77961205e+00
9.73855 1.80814107e+00
9.77226 1.87004235e+00
9.80609 1.91302981e+00
9.84003 1.95881541e+00
9.87409 2.01135200e+00
9.90827 2.03121893e+00
9.94257 1.97139264e+00
9.97699 1.85156085e+00
10.01153 1.74265803e+00
10.04618 1.67961360e+00
10.08096 1.65888315e+00
10.11585 1.66686352e+00
10.15087 1.69105291e+00
10.18601 1.73921477e+00
10.22127 1.77685685e+00
10.25665 1.78082875e+00
10.29215 1.76468805e+00
10.32778 1.75437774e+00
10.36353 1.75026955e+00
10.39941 1.75036322e+00
10.43540 1.74450707e+00
10.47153 1.74805094e+00
10.50777 1.76076130e+00
10.54415 1.78309230e+00
10.58065 1.80430059e+00
10.61727 1.81966624e+00
10.65403 1.83873760e+00
10.69091 1.86281163e+00
10.72791 1.88646528e+00
10.76505 1.91043925e+00
10.80231 1.94981136e+00
10.83971 1.98994171e+00
10.87723 1.97409296e+00
10.91488 1.92407600e+00
10.95266 1.80479376e+00
10.99058 1.73012261e+00
11.02862 1.67629653e+00
11.06680 1.62984046e+00
11.10511 1.60791213e+00
11.14355 1.56860241e+00
11.18212 1.53289759e+00
11.22083 1.50908057e+00
11.25967 1.52011485e+00
11.29865 1.59928907e+00
11.33776 1.68650011e+00
11.37701 1.68736064e+00
11.41639 1.66768784e+00
11.45591 1.64945928e+00
11.49556 1.64697486e+00
11.53536 1.62372885e+00
11.57529 1.57497767e+00
11.61536 1.49548855e+00
11.65556 1.39562117e+00
11.69591 1.31980412e+00
11.73640 1.25055258e+00
11.77702 1.17076068e+00
11.81779 1.08605810e+00
11.85870 1.04218083e+00
11.89975 9.43419232e-01
11.94094 9.31543797e-01
11.98227 8.68797365e-01
12.02375 7.56293589e-01
12.06537 7.27548603e-01
12.10714 6.47332000e-01
12.14905 5.95729083e-01
12.19110 5.80231419e-01
12.23330 5.36274219e-01
12.27565 5.69157157e-01
12.31814 5.37195008e-01
12.36078 4.88966912e-01
12.40357 5.18217280e-01
12.44651 5.07086571e-01
12.48959 4.77982512e-01
12.53283 4.33871088e-01
12.57621 4.72689019e-01
12.61974 4.48155904e-01
12.66343 4.54320981e-01
12.70726 4.32326309e-01
12.75125 4.15979723e-01
12.79539 4.24901904e-01
12.83968 4.12633275e-01
12.88413 3.74622416e-01
12.92873 3.68914336e-01
12.97348 4.13116592e-01
13.01839 3.91182624e-01
13.06345 3.91704357e-01
13.10867 3.84902747e-01
13.15405 3.82389877e-01
13.19959 4.28483552e-01
13.24528 4.28035552e-01
13.29113 3.96715013e-01
13.33713 4.53506144e-01
13.38330 5.39086875e-01
13.42963 6.13502176e-01
13.47612 5.95989147e-01
13.52277 5.46328459e-01
13.56958 5.25212203e-01
13.61655 5.42909733e-01
13.66368 6.32999696e-01
13.71098 7.35582923e-01
13.75844 8.53590304e-01
13.80607 9.18514576e-01
13.85386 8.73195605e-01
13.90182 7.93338187e-01
13.94994 6.56399707e-01
13.99823 5.73497195e-01
14.04668 5.30770315e-01
14.09531 5.06473632e-01
14.14410 5.15417317e-01
14.19306 5.30751200e-01
14.24219 6.03353781e-01
14.29149 6.93555147e-01
14.34096 7.70724752e-01
14.39060 8.43420144e-01
14.44042 8.44586437e-01
14.49041 8.00010624e-01
14.54057 7.78153339e-01
14.59090 7.42908544e-01
14.64141 7.59798293e-01
14.69209 7.82434091e-01
14.74295 7.86372011e-01
14.79398 7.68385968e-01
14.84519 7.51505291e-01
14.89658 7.32858224e-01
14.94814 6.92009248e-01
14.99989 6.44473499e-01
15.05181 6.11207259e-01
15.10392 6.91190715e-01
15.15620 7.37759755e-01
15.20866 8.27947680e-01
15.26131 9.29968107e-01
15.31414 9.92067179e-01
15.36715 1.02711575e+00
15.42034 1.05138585e+00
15.47372 1.07219885e+00
15.52729 1.07624754e+00
15.58103 1.05159357e+00
15.63497 9.84161061e-01
15.68909 8.73743696e-01
15.74340 7.97004880e-01
15.79790 7.41839467e-01
15.85258 6.87207472e-01
15.90746 6.76780123e-01
15.96252 6.35509541e-01
16.01778 5.99102000e-01
16.07323 5.85710123e-01
16.12886 6.00827061e-01
16.18470 6.48389355e-01
16.24072 7.13731125e-01
16.29694 7.16850251e-01
16.35335 7.34281109e-01
16.40996 7.73187445e-01
16.46677 7.51211328e-01
16.52377 7.51436896e-01
16.58097 7.57358597e-01
16.63836 7.02227829e-01
16.69596 6.92198789e-01
16.75375 7.11547349e-01
16.81175 7.64145461e-01
16.86994 7.79017269e-01
16.92834 7.83682891e-01
16.98694 8.28813403e-01
17.04574 8.76125003e-01
17.10474 9.23441829e-01
17.16395 1.00626258e+00
17.22337 1.09493238e+00
17.28299 1.20631627e+00
17.34281 1.29672667e+00
17.40285 1.35698423e+00
17.46309 1.42425580e+00
17.52354 1.52687621e+00
17.58420 1.65901643e+00
17.64507 1.77550613e+00
17.70615 1.82735541e+00
17.76744 1.81952736e+00
17.82894 1.82030091e+00
17.89066 1.86240283e+00
17.95259 1.92774736e+00
18.01473 1.98020368e+00
18.07709 2.00863861e+00
18.13967 2.01284533e+00
18.20246 2.00148181e+00
18.26547 1.98108288e+00
18.32870 1.93371136e+00
18.39214 1.86758992e+00
18.45581 1.83140869e+00
18.51969 1.81671467e+00
18.58380 1.80159205e+00
18.64813 1.76813243e+00
18.71268 1.71863963e+00
18.77746 1.67107099e+00
18.84246 1.65935765e+00
18.90768 1.68805765e+00
18.97313 1.76985611e+00
19.03881 1.87093275e+00
19.10472 1.98427003e+00
19.17085 2.06618720e+00
19.23721 2.09262629e+00
19.30380 2.08941600e+00
19.37062 2.07783147e+00
19.43768 2.05910283e+00
19.50496 2.04547952e+00
19.57248 2.03297024e+00
19.64023 2.01970123e+00
19.70822 2.01099733e+00
19.77644 2.00848741e+00
19.84490 2.02391056e+00
19.91359 2.04569157e+00
19.98252 2.07108272e+00
20.05169 2.08118325e+00
20.12110 2.09486517e+00
20.19076 2.10761712e+00
20.26065 2.11282714e+00
20.33078 2.11934662e+00
20.40116 2.11157807e+00
20.47178 2.10044135e+00
20.54264 2.07932069e+00
20.61375 2.06265857e+00
20.68511 2.02356302e+00
20.75671 1.98393910e+00
20.82856 1.94412848e+00
20.90066 1.89156457e+00
20.97301 1.84559237e+00
21.04561 1.82946389e+00
21.11846 1.86038679e+00
21.19157 1.90336444e+00
21.26492 1.95028482e+00
21.33853 2.02205517e+00
21.41240 2.11938007e+00
21.48652 2.19911067e+00
21.56090 2.24226165e+00
21.63553 2.26492933e+00
21.71043 2.28830523e+00
21.78558 2.32328544e+00
21.86099 2.37082085e+00
21.93666 2.43224651e+00
22.01260 2.49773253e+00
22.08880 2.56229867e+00
22.16526 2.61016299e+00
22.24199 2.63616229e+00
22.31898 2.62091909e+00
22.39624 2.55555141e+00
22.47377 2.45330400e+00
22.55156 2.30983387e+00
22.62962 2.18120933e+00
22.70796 2.09665344e+00
22.78656 2.05019323e+00
22.86544 2.01758144e+00
22.94459 1.95673408e+00
23.02402 1.86714005e+00
23.10372 1.76876448e+00
23.18369 1.64710448e+00
23.26394 1.50607035e+00
23.34447 1.42100728e+00
23.42528 1.41204119e+00
23.50637 1.43726733e+00
23.58774 1.47058987e+00
23.66939 1.50099914e+00
23.75133 1.50503711e+00
23.83354 1.49357637e+00
23.91604 1.47831761e+00
23.99883 1.47545720e+00
24.08191 1.50837553e+00
24.16527 1.58454356e+00
24.24892 1.68900540e+00
24.33286 1.75597856e+00
24.41709 1.72926902e+00
24.50161 1.64683430e+00
24.58642 1.57985505e+00
24.67153 1.55247785e+00
24.75693 1.54622059e+00
24.84263 1.53689275e+00
24.92863 1.50118453e+00
25.01492 1.44376004e+00
25.10151 1.39485838e+00
25.18840 1.36290452e+00
25.27559 1.33625292e+00
25.36309 1.30692169e+00
25.45088 1.27685182e+00
25.53898 1.23948358e+00
25.62739 1.21000585e+00
25.71610 1.19320193e+00
25.80512 1.19282042e+00
25.89444 1.20942091e+00
25.98408 1.23741531e+00
26.07403 1.27634237e+00
26.16428 1.33333947e+00
26.25485 1.40607996e+00
26.34574 1.51259696e+00
26.43694 1.62064336e+00
26.52845 1.66878245e+00
26.62028 1.64027024e+00
26.71243 1.60147169e+00
26.80489 1.57811509e+00
26.89768 1.57052164e+00
26.99079 1.58285841e+00
27.08422 1.57945711e+00
27.17798 1.57993017e+00
27.27205 1.57834178e+00
27.36646 1.57396811e+00
27.46119 1.59772715e+00
27.55625 1.66988143e+00
27.65164 1.78447969e+00
27.74736 1.90911609e+00
27.84341 1.99800724e+00
27.93979 2.07339309e+00
28.03650 2.12841190e+00
28.13355 2.17051946e+00
28.23094 2.20480422e+00
28.32867 2.23255484e+00
28.42673 2.25065882e+00
28.52513 2.26325583e+00
28.62387 2.26882197e+00
28.72295 2.25096697e+00
28.82238 2.20459859e+00
28.92215 2.14177055e+00
29.02227 2.06761065e+00
29.12273 2.00527999e+00
29.22354 1.96776250e+00
29.32470 1.94292164e+00
29.42621 1.91057156e+00
29.52807 1.83410539e+00
29.63029 1.74757912e+00
29.73286 1.66508451e+00
29.83578 1.59229045e+00
29.93906 1.52634403e+00
30.04269 1.48442989e+00
30.14669 1.42878131e+00
30.25104 1.36853379e+00
30.35576 1.30996656e+00
30.46084 1.25500069e+00
30.56628 1.24845161e+00
30.67209 1.23706692e+00
30.77826 1.22973487e+00
30.88481 1.23670807e+00
30.99172 1.24194993e+00
31.09900 1.25674214e+00
31.20665 1.28087146e+00
31.31467 1.28151341e+00
31.42307 1.21235774e+00
31.53184 1.15374571e+00
31.64099 1.12690950e+00
31.75052 1.12826575e+00
31.86043 1.13725091e+00
31.97072 1.12384578e+00
32.08139 1.08793780e+00
32.19244 1.03204438e+00
32.30388 9.41635072e-01
32.41570 8.50478384e-01
32.52791 7.71592080e-01
32.64051 7.24640672e-01
32.75349 6.77213525e-01
32.86687 6.60836251e-01
32.98064 6.82440005e-01
33.09481 7.29397051e-01
33.20937 7.64800699e-01
33.32433 7.78790245e-01
33.43968 7.51990176e-01
33.55544 7.17933851e-01
33.67159 7.04667600e-01
33.78815 7.20216971e-01
33.90511 7.51269829e-01
34.02247 7.89184107e-01
34.14024 8.26064363e-01
34.25842 8.49005173e-01
34.37701 8.55158565e-01
34.49601 8.36128720e-01
34.61542 7.42379904e-01
34.73525 6.49492928e-01
34.85549 5.69472213e-01
34.97614 5.09103429e-01
35.09721 4.79949792e-01
35.21871 4.69105840e-01
35.34062 4.80744992e-01
35.46295 5.29005643e-01
35.58571 5.93937568e-01
35.70889 6.73536715e-01
35.83250 7.46079040e-01
35.95654 8.25385157e-01
36.08101 9.05520261e-01
36.20590 9.36400715e-01
36.33123 9.58963488e-01
36.45700 9.96907072e-01
36.58320 1.01150142e+00
36.70983 1.01061490e+00
36.83691 9.93121808e-01
36.96442 9.62647168e-01
37.09238 9.25842960e-01
37.22077 8.64512171e-01
37.34962 7.99183131e-01
37.47890 7.22128363e-01
37.60864 6.40846229e-01
37.73883 5.65030816e-01
37.86946 5.05144603e-01
38.00055 4.55161541e-01
38.13209 4.14278928e-01
38.26409 3.91371456e-01
38.39654 3.69566736e-01
38.52946 3.45550464e-01
38.66283 3.25609312e-01
38.79667 3.05818203e-01
38.93096 2.74959067e-01
39.06573 2.50581322e-01
39.20096 2.32183426e-01
39.33665 2.39288336e-01
39.47282 2.49785723e-01
39.60946 2.40751265e-01
39.74657 2.35026146e-01
39.88416 2.33152577e-01
40.02222 2.31421967e-01
40.16076 2.32981997e-01
40.29978 2.64212831e-01
40.43928 2.97919851e-01
40.57926 3.32789184e-01
40.71973 3.77760245e-01
40.86069 4.34450128e-01
41.00213 5.09486992e-01
41.14406 5.96834747e-01
41.28648 6.72395696e-01
41.42940 7.20415920e-01
41.57281 7.31293173e-01
41.71672 7.16256464e-01
41.86113 7.02195499e-01
42.00603 6.88713088e-01
42.15144 6.87354640e-01
42.29735 6.76106853e-01
42.44377 6.60652048e-01
42.59069 6.36419877e-01
42.73812 6.42238427e-01
42.88606 6.79032032e-01
43.03451 7.24667067e-01
43.18348 7.96730368e-01
43.33297 8.84679563e-01
43.48297 9.81186043e-01
43.63349 1.02830127e+00
43.78453 1.06356518e+00
43.93609 1.08550538e+00
44.08818 1.08611552e+00
44.24079 1.06099261e+00
44.39394 1.03094723e+00
44.54761 9.99917781e-01
44.70182 9.53992069e-01
44.85655 8.98824864e-01
45.01183 8.47076608e-01
45.16764 7.98942928e-01
45.32399 7.61845702e-01
45.48089 7.29724527e-01
45.63832 6.99743401e-01
45.79630 6.66697521e-01
45.95483 6.40693159e-01
46.11391 6.18404565e-01
46.27353 5.79062848e-01
46.43371 5.39785079e-01
46.59445 4.97543051e-01
46.75574 4.56801819e-01
46.91759 4.08399227e-01
47.08000 3.66733162e-01
47.24297 3.56581019e-01
47.40650 3.47396889e-01
47.57060 3.27166784e-01
47.73527 3.13336315e-01
47.90051 2.95762805e-01
48.06633 2.82996411e-01
48.23271 2.96402325e-01
48.39967 3.13046309e-01
48.56721 3.34395675e-01
48.73533 3.64263387e-01
48.90403 4.00975941e-01
49.07332 4.44863253e-01
49.24319 4.57520971e-01
49.41365 4.67934656e-01
49.58470 4.47554352e-01
49.75634 4.20040357e-01
49.92858 3.87429168e-01
50.10141 3.56227947e-01
50.27484 3.28050651e-01
50.44887 3.02731408e-01
50.62350 2.92112427e-01
50.79874 3.00187104e-01
50.97458 3.10883739e-01
51.15104 3.20537355e-01
51.32810 3.32958976e-01
51.50578 3.32009253e-01
51.68407 3.31330011e-01
51.86298 3.30927893e-01
52.04250 3.33929941e-01
52.22265 3.32428171e-01
52.40343 3.28751771e-01
52.58482 3.17227717e-01
52.76685 2.97209136e-01
52.94951 2.79232539e-01
53.13280 2.63419221e-01
53.31672 2.48953563e-01
53.50128 2.26310336e-01
53.68648 2.07422656e-01
53.87232 1.95851861e-01
54.05880 1.87050789e-01
54.24593 1.80127173e-01
54.43371 1.75912053e-01
54.62214 1.72794757e-01
54.81122 1.69305845e-01
55.00095 1.66069904e-01
55.19134 1.57734603e-01
55.38239 1.48814176e-01
55.57410 1.43788101e-01
55.76647 1.43476928e-01
55.95951 1.43960171e-01
56.15322 1.43426991e-01
56.34760 1.43737888e-01
56.54265 1.37498189e-01
56.73838 1.30081806e-01
56.93479 1.25879551e-01
57.13187 1.26157804e-01
57.32964 1.27084048e-01
57.52809 1.27111499e-01
57.72723 1.27277976e-01
57.92705 1.27673735e-01
58.12757 1.28108165e-01
58.32879 1.28640505e-01
58.53070 1.22512820e-01
58.73331 1.17169054e-01
58.93662 1.12989042e-01
59.14063 1.10170073e-01
59.34535 1.08424941e-01
59.55078 1.06160880e-01
59.75692 1.04906611e-01
59.96377 1.06062279e-01
60.17134 1.09287020e-01
60.37963 1.12751583e-01
60.58864 1.13569508e-01
60.79837 1.14202663e-01
61.00883 1.12599786e-01
61.22002 1.06710557e-01
61.43194 1.01148316e-01
61.64459 9.77796923e-02
61.85797 9.52780603e-02
62.07210 9.29728725e-02
62.28697 9.09881504e-02
62.50258 8.93506917e-02
62.71894 8.95675872e-02
62.93605 9.19476917e-02
63.15390 9.50057883e-02
63.37252 9.59514976e-02
63.59189 9.64323659e-02
63.81201 9.69243109e-02
64.03290 9.66666027e-02
64.25456 9.65117365e-02
64.47698 9.53429867e-02
64.70017 9.30962555e-02
64.92414 9.15041232e-02
65.14888 8.69717408e-02
65.37440 8.11838421e-02
65.60070 7.58863579e-02
65.82778 7.62531803e-02
66.05565 7.73984587e-02
66.28430 7.90561259e-02
66.51375 8.44536037e-02
66.74400 9.02976704e-02
66.97504 9.26817509e-02
67.20688 8.54426683e-02
67.43952 7.91604464e-02
67.67297 7.93564091e-02
67.90722 8.86536411e-02
68.14229 9.98047904e-02
68.37817 1.11166881e-01
68.61486 1.22220963e-01
68.85238 1.34453241e-01
69.09072 1.35334099e-01
69.32988 1.30143055e-01
69.56987 1.26217829e-01
69.81069 1.18207846e-01
70.05235 1.09313743e-01
70.29484 1.01730533e-01
70.53817 9.86401173e-02
70.78235 9.70677493e-02
71.02737 9.56363781e-02
71.27323 9.63790128e-02
71.51995 9.86265093e-02
71.76752 1.01739855e-01
72.01595 1.07403270e-01
72.26524 1.14268493e-01
72.51539 1.21573222e-01
72.76641 1.16849298e-01
73.01830 1.06713533e-01
73.27106 9.81092523e-02
73.52469 8.98513541e-02
73.77920 8.22955467e-02
74.03460 7.62369627e-02
74.29087 7.37515968e-02
74.54804 7.46240619e-02
74.80609 7.55111168e-02
75.06504 7.50527792e-02
75.32488 7.12104549e-02
75.58563 6.84062923e-02
75.84727 6.63128256e-02
76.10982 6.00485349e-02
76.37328 5.47763328e-02
76.63766 5.02936523e-02
76.90295 5.06740752e-02
77.16915 5.21971184e-02
77.43628 5.39094939e-02
77.70433 5.57727109e-02
77.97331 5.80297909e-02
78.24322 6.08627525e-02
78.51407 6.26274208e-02
78.78585 5.94273979e-02
79.05857 5.65275387e-02
79.33224 5.38947248e-02
79.60686 5.16232304e-02
79.88242 5.12939280e-02
80.15894 5.23226943e-02
80.43642 5.15655519e-02
80.71486 4.87374944e-02
80.99426 4.63389211e-02
81.27463 4.46711627e-02
81.55596 4.64510891e-02
81.83828 4.85742619e-02
82.12157 5.11123424e-02
82.40584 4.92660411e-02
82.69109 4.74932547e-02
82.97733 4.76192528e-02
83.26457 4.72443989e-02
83.55279 3.85268505e-02
83.84202 3.34352723e-02
84.13225 3.19939984e-02
84.42348 3.45621136e-02
84.71572 3.85325733e-02
85.00897 4.40069765e-02
85.30323 5.17295259e-02
85.59852 5.33312379e-02
85.89482 5.48005845e-02
86.19215 5.63930827e-02
86.49052 5.47453237e-02
86.78991 4.70799056e-02
87.09034 4.05162240e-02
87.39181 3.48924763e-02
87.69432 3.28253707e-02
87.99789 3.29055963e-02
88.30250 3.34242996e-02
88.60816 3.42660640e-02
88.91489 3.57771266e-02
89.22267 3.78154930e-02
89.53153 4.06133915e-02
89.84145 4.36776443e-02
90.15244 4.10700827e-02
90.46451 3.86282923e-02
90.77766 3.63408901e-02
91.09190 3.52042544e-02
91.40722 3.67428469e-02
91.72363 3.86076581e-02
92.04114 4.08574581e-02
92.35975 4.14633669e-02
92.67946 3.93167413e-02
93.00028 3.73646261e-02
93.32221 3.55863461e-02
93.64525 3.54317563e-02
93.96941 3.70450304e-02
94.29469 3.87704427e-02
94.62110 4.06177072e-02
94.94864 3.84412000e-02
95.27731 3.30681568e-02
95.60712 2.90201259e-02
95.93807 2.59189541e-02
96.27017 2.51999477e-02
96.60342 2.76604757e-02
96.93782 3.16514539e-02
97.27338 3.80073904e-02
97.61010 4.32060683e-02
97.94798 4.01979450e-02
98.28704 3.74839916e-02
98.62727 3.50235461e-02
98.96867 3.27829985e-02
99.31126 3.07344389e-02
99.65504 2.88545712e-02
100.00000 2.71238460e-02
