        2000  4.000000 2.800000
0.10000 1.03520818e+00
0.10035 1.03394706e+00
0.10069 1.03273099e+00
0.10104 1.03154061e+00
0.10139 1.03038313e+00
0.10174 1.02923117e+00
0.10210 1.02802908e+00
0.10245 1.02681879e+00
0.10280 1.02559440e+00
0.10316 1.02435479e+00
0.10352 1.02314041e+00
0.10387 1.02184848e+00
0.10423 1.02053315e+00
0.10459 1.01923918e+00
0.10496 1.01794236e+00
0.10532 1.01669583e+00
0.10568 1.01544705e+00
0.10605 1.01416129e+00
0.10642 1.01298903e+00
0.10679 1.01174463e+00
0.10716 1.01047087e+00
0.10753 1.00919726e+00
0.10790 1.00795276e+00
0.10827 1.00675073e+00
0.10865 1.00552241e+00
0.10902 1.00431102e+00
0.10940 1.00301192e+00
0.10978 1.00166274e+00
0.11016 1.00035881e+00
0.11054 9.99054734e-01
0.11092 9.97759566e-01
0.11131 9.96524679e-01
0.11169 9.95289195e-01
0.11208 9.93997063e-01
0.11247 9.92684124e-01
0.11286 9.91397518e-01
0.11325 9.90084380e-01
0.11364 9.88727538e-01
0.11403 9.87452530e-01
0.11443 9.86147655e-01
0.11482 9.84929294e-01
0.11522 9.83643932e-01
0.11562 9.82396750e-01
0.11602 9.81169678e-01
0.11642 9.79878841e-01
0.11682 9.78566151e-01
0.11723 9.77258240e-01
0.11763 9.75832306e-01
0.11804 9.74506574e-01
0.11845 9.73168548e-01
0.11886 9.71924252e-01
0.11927 9.70764978e-01
0.11968 9.69382350e-01
0.12010 9.68040889e-01
0.12051 9.66695147e-01
0.12093 9.65394204e-01
0.12135 9.64072704e-01
0.12177 9.62748167e-01
0.12219 9.61431595e-01
0.12262 9.60099790e-01
0.12304 9.58764999e-01
0.12347 9.57433394e-01
0.12389 9.56146837e-01
0.12432 9.54827278e-01
0.12475 9.53457991e-01
0.12518 9.52057842e-01
0.12562 9.50694130e-01
0.12605 9.49372430e-01
0.12649 9.48110215e-01
0.12693 9.46862286e-01
0.12737 9.45586382e-01
0.12781 9.44279367e-01
0.12825 9.42948110e-01
0.12869 9.41600028e-01
0.12914 9.40164388e-01
0.12959 9.38768021e-01
0.13003 9.37464690e-01
0.13048 9.36080420e-01
0.13094 9.34796501e-01
0.13139 9.33410987e-01
0.13184 9.32064199e-01
0.13230 9.30769927e-01
0.13276 9.29400590e-01
0.13322 9.27991282e-01
0.13368 9.26656192e-01
0.13414 9.25404480e-01
0.13461 9.23990244e-01
0.13507 9.22686613e-01
0.13554 9.21297714e-01
0.13601 9.19925042e-01
0.13648 9.18612103e-01
0.13695 9.17334059e-01
0.13743 9.15896377e-01
0.13790 9.14501902e-01
0.13838 9.13149689e-01
0.13886 9.11829781e-01
0.13934 9.10445660e-01
0.13982 9.09156366e-01
0.14031 9.07812416e-01
0.14079 9.06352832e-01
0.14128 9.04851236e-01
0.14177 9.03584690e-01
0.14226 9.02148053e-01
0.14275 9.00761045e-01
0.14324 8.99537159e-01
0.14374 8.98159908e-01
0.14424 8.96853739e-01
0.14474 8.95502620e-01
0.14524 8.94225323e-01
0.14574 8.92904270e-01
0.14625 8.91451705e-01
0.14675 8.90035328e-01
0.14726 8.88607652e-01
0.14777 8.87383964e-01
0.14828 8.85907755e-01
0.14879 8.84422037e-01
0.14931 8.82993714e-01
0.14983 8.81592320e-01
0.15034 8.80260316e-01
0.15087 8.78834581e-01
0.15139 8.77436324e-01
0.15191 8.76173063e-01
0.15244 8.74708452e-01
0.15297 8.73505372e-01
0.15349 8.72149724e-01
0.15403 8.70734393e-01
0.15456 8.69394823e-01
0.15509 8.68050475e-01
0.15563 8.66551765e-01
0.15617 8.65158933e-01
0.15671 8.63927780e-01
0.15725 8.62585572e-01
0.15780 8.61070236e-01
0.15834 8.59750727e-01
0.15889 8.58375516e-01
0.15944 8.57001351e-01
0.15999 8.55617280e-01
0.16055 8.54178553e-01
0.16110 8.52750578e-01
0.16166 8.51383580e-01
0.16222 8.49969344e-01
0.16278 8.48511204e-01
0.16335 8.47351381e-01
0.16391 8.45746894e-01
0.16448 8.44422756e-01
0.16505 8.43038137e-01
0.16562 8.41774628e-01
0.16619 8.40395733e-01
0.16677 8.38955861e-01
0.16734 8.37700715e-01
0.16792 8.36319630e-01
0.16851 8.34942180e-01
0.16909 8.33416242e-01
0.16967 8.32002254e-01
0.17026 8.30721721e-01
0.17085 8.29159644e-01
0.17144 8.27695829e-01
0.17204 8.26321116e-01
0.17263 8.25018930e-01
0.17323 8.23492693e-01
0.17383 8.22233116e-01
0.17443 8.20799566e-01
0.17503 8.19538297e-01
0.17564 8.18065223e-01
0.17625 8.16767566e-01
0.17686 8.15359851e-01
0.17747 8.14151495e-01
0.17808 8.12573440e-01
0.17870 8.11384548e-01
0.17932 8.09920185e-01
0.17994 8.08555975e-01
0.18056 8.07189177e-01
0.18119 8.05955236e-01
0.18182 8.04347563e-01
0.18244 8.03201031e-01
0.18308 8.01635420e-01
0.18371 8.00315015e-01
0.18435 7.98986347e-01
0.18498 7.97552896e-01
0.18562 7.95995598e-01
0.18627 7.94625515e-01
0.18691 7.93162396e-01
0.18756 7.91721081e-01
0.18821 7.90454734e-01
0.18886 7.88994453e-01
0.18951 7.87628103e-01
0.19017 7.86317205e-01
0.19083 7.84900132e-01
0.19149 7.83580473e-01
0.19215 7.82241650e-01
0.19282 7.80927467e-01
0.19348 7.79559175e-01
0.19415 7.78109397e-01
0.19483 7.76875406e-01
0.19550 7.75367189e-01
0.19618 7.74039516e-01
0.19686 7.72629362e-01
0.19754 7.71105913e-01
0.19822 7.69827968e-01
0.19891 7.68409700e-01
0.19960 7.66958180e-01
0.20029 7.65560320e-01
0.20098 7.64329316e-01
0.20168 7.62747278e-01
0.20237 7.61519460e-01
0.20307 7.60062564e-01
0.20378 7.58666247e-01
0.20448 7.57458688e-01
0.20519 7.55822094e-01
0.20590 7.54677703e-01
0.20661 7.53387364e-01
0.20733 7.51858638e-01
0.20805 7.50937052e-01
0.20877 7.49158741e-01
0.20949 7.48088021e-01
0.21021 7.46933028e-01
0.21094 7.45169451e-01
0.21167 7.44421938e-01
0.21240 7.42526450e-01
0.21314 7.41510236e-01
0.21388 7.40117205e-01
0.21462 7.38322020e-01
0.21536 7.37474951e-01
0.21611 7.35514802e-01
0.21685 7.34586645e-01
0.21760 7.32785287e-01
0.21836 7.31502215e-01
0.21911 7.30282162e-01
0.21987 7.28632626e-01
0.22063 7.27456028e-01
0.22140 7.25946169e-01
0.22216 7.24776192e-01
0.22293 7.23173397e-01
0.22370 7.21833429e-01
0.22448 7.20712882e-01
0.22526 7.19060011e-01
0.22604 7.18010098e-01
0.22682 7.16481323e-01
0.22760 7.15284316e-01
0.22839 7.13933547e-01
0.22918 7.12575260e-01
0.22998 7.11290247e-01
0.23077 7.10087566e-01
0.23157 7.08660636e-01
0.23237 7.07173376e-01
0.23318 7.06166919e-01
0.23398 7.04517284e-01
0.23479 7.03292053e-01
0.23561 7.01836402e-01
0.23642 7.00519332e-01
0.23724 6.98906980e-01
0.23806 6.97909732e-01
0.23889 6.96294044e-01
0.23971 6.95158165e-01
0.24054 6.93598628e-01
0.24137 6.92524871e-01
0.24221 6.91001572e-01
0.24305 6.89955541e-01
0.24389 6.88376092e-01
0.24473 6.87303829e-01
0.24558 6.85985764e-01
0.24643 6.84648583e-01
0.24728 6.83306972e-01
0.24814 6.82278364e-01
0.24900 6.80694236e-01
0.24986 6.79763243e-01
0.25073 6.78132772e-01
0.25159 6.77049259e-01
0.25246 6.75788636e-01
0.25334 6.74325369e-01
0.25422 6.73110741e-01
0.25510 6.71754745e-01
0.25598 6.70456341e-01
0.25687 6.68832640e-01
0.25775 6.67894130e-01
0.25865 6.66082219e-01
0.25954 6.65089948e-01
0.26044 6.63383118e-01
0.26134 6.62355406e-01
0.26225 6.60744647e-01
0.26315 6.59573028e-01
0.26406 6.58219819e-01
0.26498 6.56966315e-01
0.26590 6.55532068e-01
0.26682 6.54330133e-01
0.26774 6.53134720e-01
0.26867 6.51576626e-01
0.26960 6.50615118e-01
0.27053 6.49030244e-01
0.27147 6.48223644e-01
0.27241 6.46288384e-01
0.27335 6.45751829e-01
0.27430 6.43938773e-01
0.27525 6.42838834e-01
0.27620 6.41710322e-01
0.27715 6.40324807e-01
0.27811 6.38855516e-01
0.27908 6.37793358e-01
0.28004 6.36344875e-01
0.28101 6.34981163e-01
0.28198 6.33863353e-01
0.28296 6.32185892e-01
0.28394 6.31325184e-01
0.28492 6.29375538e-01
0.28591 6.28878955e-01
0.28690 6.26907755e-01
0.28789 6.25840818e-01
0.28889 6.25020430e-01
0.28989 6.22784412e-01
0.29089 6.23008014e-01
0.29190 6.20133596e-01
0.29291 6.20300153e-01
0.29392 6.18248711e-01
0.29494 6.17248028e-01
0.29596 6.16534763e-01
0.29699 6.14506368e-01
0.29801 6.14156828e-01
0.29905 6.12310770e-01
0.30008 6.11421888e-01
0.30112 6.10385714e-01
0.30216 6.08800839e-01
0.30321 6.07983538e-01
0.30426 6.06465067e-01
0.30531 6.05447061e-01
0.30637 6.03892601e-01
0.30743 6.03180928e-01
0.30849 6.01368917e-01
0.30956 6.00300238e-01
0.31063 5.98976996e-01
0.31171 5.97895822e-01
0.31279 5.96256142e-01
0.31387 5.95544768e-01
0.31496 5.93660380e-01
0.31605 5.92991865e-01
0.31714 5.91283840e-01
0.31824 5.90409792e-01
0.31934 5.89033436e-01
0.32044 5.87812437e-01
0.32155 5.86796821e-01
0.32267 5.85255552e-01
0.32378 5.84321273e-01
0.32490 5.83025060e-01
0.32603 5.81807246e-01
0.32716 5.80885362e-01
0.32829 5.79279531e-01
0.32943 5.78438585e-01
0.33057 5.76917525e-01
0.33171 5.75896683e-01
0.33286 5.74840050e-01
0.33401 5.73233323e-01
0.33517 5.72011826e-01
0.33633 5.71160626e-01
0.33749 5.69309689e-01
0.33866 5.68474517e-01
0.33983 5.67286123e-01
0.34101 5.65439268e-01
0.34219 5.64906496e-01
0.34337 5.63220224e-01
0.34456 5.62034268e-01
0.34576 5.60689920e-01
0.34695 5.59980786e-01
0.34815 5.57970361e-01
0.34936 5.57271531e-01
0.35057 5.56436060e-01
0.35178 5.54234489e-01
0.35300 5.54149120e-01
0.35422 5.52529102e-01
0.35545 5.51278983e-01
0.35668 5.50319317e-01
0.35791 5.49449052e-01
0.35915 5.47960498e-01
0.36039 5.47032043e-01
0.36164 5.46123648e-01
0.36289 5.44363356e-01
0.36415 5.43630379e-01
0.36541 5.42962411e-01
0.36668 5.41183701e-01
0.36795 5.40286357e-01
0.36922 5.39213198e-01
0.37050 5.37549575e-01
0.37178 5.37143588e-01
0.37307 5.35647765e-01
0.37436 5.34541952e-01
0.37565 5.33100338e-01
0.37695 5.32557710e-01
0.37826 5.30804935e-01
0.37957 5.29960754e-01
0.38088 5.28947079e-01
0.38220 5.27764011e-01
0.38352 5.26351716e-01
0.38485 5.25921138e-01
0.38618 5.24351097e-01
0.38752 5.23157077e-01
0.38886 5.22522610e-01
0.39021 5.21393550e-01
0.39156 5.20180764e-01
0.39291 5.19178987e-01
0.39427 5.18292245e-01
0.39564 5.16792690e-01
0.39701 5.16146375e-01
0.39838 5.14998350e-01
0.39976 5.13699499e-01
0.40115 5.12834560e-01
0.40253 5.11871460e-01
0.40393 5.10464889e-01
0.40533 5.09196103e-01
0.40673 5.08805945e-01
0.40814 5.06775509e-01
0.40955 5.05740082e-01
0.41097 5.05559438e-01
0.41239 5.03826425e-01
0.41382 5.02031239e-01
0.41525 5.01752085e-01
0.41669 5.00747719e-01
0.41813 4.98838244e-01
0.41958 4.98071915e-01
0.42103 4.97426347e-01
0.42249 4.95966165e-01
0.42395 4.94703552e-01
0.42542 4.93781319e-01
0.42689 4.93353927e-01
0.42837 4.91242254e-01
0.42985 4.90187712e-01
0.43134 4.90468210e-01
0.43283 4.88323783e-01
0.43433 4.87127324e-01
0.43583 4.86410325e-01
0.43734 4.85610247e-01
0.43886 4.84110144e-01
0.44037 4.83042510e-01
0.44190 4.82301867e-01
0.44343 4.80973348e-01
0.44496 4.79601820e-01
0.44650 4.78781333e-01
0.44805 4.77884935e-01
0.44960 4.76271936e-01
0.45116 4.75743147e-01
0.45272 4.74363406e-01
0.45429 4.72936576e-01
0.45586 4.72237497e-01
0.45744 4.71390428e-01
0.45902 4.69995456e-01
0.46061 4.68884764e-01
0.46220 4.67798414e-01
0.46380 4.67212928e-01
0.46541 4.65875499e-01
0.46702 4.64663310e-01
0.46864 4.63762233e-01
0.47026 4.63629824e-01
0.47189 4.61596700e-01
0.47352 4.60109888e-01
0.47516 4.60123029e-01
0.47680 4.59646855e-01
0.47845 4.57441052e-01
0.48011 4.56475911e-01
0.48177 4.56250020e-01
0.48344 4.55064612e-01
0.48511 4.53935751e-01
0.48679 4.52165106e-01
0.48848 4.51902279e-01
0.49017 4.51452388e-01
0.49186 4.49743616e-01
0.49357 4.48017323e-01
0.49528 4.48072775e-01
0.49699 4.47046457e-01
0.49871 4.45753230e-01
0.50044 4.44554283e-01
0.50217 4.43941518e-01
0.50391 4.42481486e-01
0.50565 4.42429120e-01
0.50740 4.40950571e-01
0.50916 4.39580636e-01
0.51092 4.38754823e-01
0.51269 4.38588964e-01
0.51446 4.37210766e-01
0.51625 4.36299982e-01
0.51803 4.35071616e-01
0.51983 4.34603157e-01
0.52163 4.33639509e-01
0.52343 4.32517070e-01
0.52524 4.31421113e-01
0.52706 4.30536213e-01
0.52889 4.30389269e-01
0.53072 4.28925952e-01
0.53255 4.28051008e-01
0.53440 4.26583161e-01
0.53625 4.26523627e-01
0.53810 4.25229902e-01
0.53997 4.24497671e-01
0.54183 4.23082837e-01
0.54371 4.22399886e-01
0.54559 4.21857657e-01
0.54748 4.20692608e-01
0.54938 4.19614123e-01
0.55128 4.18543652e-01
0.55319 4.18351012e-01
0.55510 4.17568804e-01
0.55702 4.16288768e-01
0.55895 4.14618475e-01
0.56089 4.14703147e-01
0.56283 4.14063452e-01
0.56478 4.12736078e-01
0.56673 4.11901404e-01
0.56869 4.11207154e-01
0.57066 4.10174514e-01
0.57264 4.09457863e-01
0.57462 4.09472597e-01
0.57661 4.06889828e-01
0.57860 4.06458404e-01
0.58061 4.06200754e-01
0.58262 4.06113692e-01
0.58463 4.04024270e-01
0.58666 4.02507840e-01
0.58869 4.02596494e-01
0.59073 4.01949184e-01
0.59277 4.01003904e-01
0.59482 3.99908345e-01
0.59688 3.99017323e-01
0.59895 3.97879502e-01
0.60102 3.96529380e-01
0.60310 3.97109938e-01
0.60519 3.96301796e-01
0.60728 3.94189426e-01
0.60939 3.92518635e-01
0.61150 3.92969870e-01
0.61361 3.93872640e-01
0.61574 3.91259605e-01
0.61787 3.89149376e-01
0.62001 3.88428544e-01
0.62215 3.89521365e-01
0.62431 3.88693212e-01
0.62647 3.86007652e-01
0.62864 3.86028160e-01
0.63081 3.84855147e-01
0.63300 3.83860288e-01
0.63519 3.82786681e-01
0.63739 3.82648747e-01
0.63959 3.83034724e-01
0.64181 3.79799268e-01
0.64403 3.78242418e-01
0.64626 3.77709447e-01
0.64849 3.79684331e-01
0.65074 3.78074368e-01
0.65299 3.74664690e-01
0.65525 3.73333682e-01
0.65752 3.73614478e-01
0.65980 3.74870372e-01
0.66208 3.73423182e-01
0.66437 3.70597596e-01
0.66667 3.69290432e-01
0.66898 3.69303972e-01
0.67130 3.68951196e-01
0.67362 3.67588480e-01
0.67595 3.67235257e-01
0.67829 3.66553351e-01
0.68064 3.64727253e-01
0.68299 3.62803392e-01
0.68536 3.61789120e-01
0.68773 3.63402119e-01
0.69011 3.63917120e-01
0.69250 3.60328590e-01
0.69490 3.57464277e-01
0.69730 3.56899349e-01
0.69972 3.58605582e-01
0.70214 3.59288284e-01
0.70457 3.56998955e-01
0.70701 3.52918421e-01
0.70946 3.52756444e-01
0.71191 3.53384292e-01
0.71438 3.53863851e-01
0.71685 3.53266020e-01
0.71933 3.50821632e-01
0.72182 3.49069902e-01
0.72432 3.47712761e-01
0.72683 3.48313230e-01
0.72934 3.48051996e-01
0.73187 3.48116110e-01
0.73440 3.46478820e-01
0.73694 3.44233145e-01
0.73949 3.42911147e-01
0.74205 3.43791268e-01
0.74462 3.43415844e-01
0.74720 3.42552697e-01
0.74979 3.42114553e-01
0.75238 3.39901433e-01
0.75499 3.38722148e-01
0.75760 3.38673764e-01
0.76022 3.37968860e-01
0.76285 3.38475001e-01
0.76549 3.38960683e-01
0.76814 3.36587228e-01
0.77080 3.33252814e-01
0.77347 3.32707897e-01
0.77615 3.33894549e-01
0.77884 3.36063815e-01
0.78153 3.35786603e-01
0.78424 3.31176036e-01
0.78695 3.28363044e-01
0.78968 3.28397042e-01
0.79241 3.31349860e-01
0.79515 3.32015886e-01
0.79790 3.30820971e-01
0.80067 3.27143936e-01
0.80344 3.25298524e-01
0.80622 3.26605340e-01
0.80901 3.27742564e-01
0.81181 3.26679808e-01
0.81462 3.25301860e-01
0.81744 3.24606564e-01
0.82027 3.23246933e-01
0.82311 3.23562823e-01
0.82596 3.22992619e-01
0.82882 3.21647026e-01
0.83169 3.21305301e-01
0.83457 3.22811776e-01
0.83745 3.22288562e-01
0.84035 3.20706574e-01
0.84326 3.16474368e-01
0.84618 3.16743865e-01
0.84911 3.18669369e-01
0.85205 3.20925547e-01
0.85500 3.21274987e-01
0.85796 3.16102628e-01
0.86093 3.11983118e-01
0.86391 3.12458297e-01
0.86690 3.16002027e-01
0.86990 3.19142108e-01
0.87291 3.17503374e-01
0.87593 3.12019257e-01
0.87897 3.08448448e-01
0.88201 3.10085888e-01
0.88506 3.13262507e-01
0.88813 3.15550293e-01
0.89120 3.14075428e-01
0.89428 3.07560064e-01
0.89738 3.06119097e-01
0.90049 3.06783680e-01
0.90360 3.10342841e-01
0.90673 3.11608939e-01
0.90987 3.09609415e-01
0.91302 3.05056690e-01
0.91618 3.02743019e-01
0.91935 3.04255019e-01
0.92253 3.06742962e-01
0.92573 3.07987904e-01
0.92893 3.05475918e-01
0.93215 3.01031609e-01
0.93537 3.00033863e-01
0.93861 3.00192455e-01
0.94186 3.02789063e-01
0.94512 3.04493554e-01
0.94839 3.03106645e-01
0.95168 2.98157888e-01
0.95497 2.95333696e-01
0.95828 2.95749888e-01
0.96159 2.98072370e-01
0.96492 2.99400092e-01
0.96826 2.99914396e-01
0.97161 2.96827328e-01
0.97498 2.93171100e-01
0.97835 2.91279246e-01
0.98174 2.91839644e-01
0.98514 2.94462286e-01
0.98855 2.94761152e-01
0.99197 2.94105429e-01
0.99540 2.91232903e-01
0.99885 2.88356793e-01
1.00231 2.87077156e-01
1.00578 2.87535460e-01
1.00926 2.89258219e-01
1.01275 2.89651264e-01
1.01626 2.88777664e-01
1.01978 2.86657479e-01
1.02330 2.84159780e-01
1.02685 2.82289877e-01
1.03040 2.81986830e-01
1.03397 2.83353877e-01
1.03755 2.84269689e-01
1.04114 2.83361195e-01
1.04474 2.81958108e-01
1.04836 2.80103886e-01
1.05199 2.78376000e-01
1.05563 2.77229668e-01
1.05928 2.76656427e-01
1.06295 2.77312348e-01
1.06663 2.78250162e-01
1.07032 2.76684700e-01
1.07403 2.74993948e-01
1.07775 2.73839950e-01
1.08148 2.72856192e-01
1.08522 2.72029234e-01
1.08898 2.71692039e-01
1.09275 2.71034226e-01
1.09653 2.70823765e-01
1.10032 2.70799772e-01
1.10413 2.69002546e-01
1.10796 2.68034169e-01
1.11179 2.66675833e-01
1.11564 2.66185323e-01
1.11950 2.65766841e-01
1.12338 2.65259755e-01
1.12726 2.64065934e-01
1.13117 2.63381141e-01
1.13508 2.63361728e-01
1.13901 2.63207019e-01
1.14295 2.61398692e-01
1.14691 2.60138468e-01
1.15088 2.58705863e-01
1.15487 2.59283036e-01
1.15886 2.59325198e-01
1.16287 2.57772629e-01
1.16690 2.56301945e-01
1.17094 2.56334101e-01
1.17499 2.57057572e-01
1.17906 2.54792533e-01
1.18314 2.52800974e-01
1.18724 2.51939072e-01
1.19135 2.52619335e-01
1.19547 2.54298738e-01
1.19961 2.52138382e-01
1.20376 2.50101774e-01
1.20793 2.49879765e-01
1.21211 2.48784953e-01
1.21630 2.49077497e-01
1.22052 2.47632946e-01
1.22474 2.46814450e-01
1.22898 2.46309305e-01
1.23323 2.46684978e-01
1.23750 2.47428309e-01
1.24179 2.45844132e-01
1.24609 2.42977977e-01
1.25040 2.41754389e-01
1.25473 2.42265806e-01
1.25907 2.43287246e-01
1.26343 2.43673472e-01
1.26780 2.42069682e-01
1.27219 2.39109796e-01
1.27659 2.38960860e-01
1.28101 2.40528462e-01
1.28545 2.40198485e-01
1.28990 2.38629589e-01
1.29436 2.35531420e-01
1.29884 2.36662172e-01
1.30334 2.38525305e-01
1.30785 2.39563819e-01
1.31238 2.36660181e-01
1.31692 2.33265436e-01
1.32148 2.32303780e-01
1.32605 2.33999211e-01
1.33064 2.35808235e-01
1.33525 2.35895346e-01
1.33987 2.32580594e-01
1.34451 2.31026183e-01
1.34916 2.30690283e-01
1.35383 2.33446677e-01
1.35852 2.34301362e-01
1.36322 2.30504612e-01
1.36794 2.28248832e-01
1.37268 2.28824811e-01
1.37743 2.28627193e-01
1.38220 2.32341212e-01
1.38698 2.31456811e-01
1.39178 2.28939996e-01
1.39660 2.26633145e-01
1.40144 2.25042297e-01
1.40629 2.26817372e-01
1.41115 2.31708885e-01
1.41604 2.29084651e-01
1.42094 2.25265749e-01
1.42586 2.23328100e-01
1.43080 2.24595591e-01
1.43575 2.27371996e-01
1.44072 2.28950599e-01
1.44571 2.25102130e-01
1.45071 2.23451947e-01
1.45573 2.22046720e-01
1.46077 2.23369614e-01
1.46583 2.24465124e-01
1.47090 2.28430969e-01
1.47599 2.25555854e-01
1.48110 2.21350926e-01
1.48623 2.19540757e-01
1.49137 2.21664676e-01
1.49654 2.23793721e-01
1.50172 2.27055360e-01
1.50692 2.22371570e-01
1.51213 2.19640263e-01
1.51737 2.19075883e-01
1.52262 2.20921394e-01
1.52789 2.23197980e-01
1.53318 2.23580274e-01
1.53849 2.22519460e-01
1.54381 2.19115556e-01
1.54916 2.17506837e-01
1.55452 2.18944171e-01
1.55990 2.20212857e-01
1.56530 2.23652153e-01
1.57072 2.23164380e-01
1.57615 2.18841429e-01
1.58161 2.14421710e-01
1.58709 2.15376100e-01
1.59258 2.21004423e-01
1.59809 2.23239893e-01
1.60362 2.20019620e-01
1.60918 2.17898887e-01
1.61475 2.17012992e-01
1.62034 2.14913415e-01
1.62594 2.16750763e-01
1.63157 2.20072533e-01
1.63722 2.21215580e-01
1.64289 2.19100572e-01
1.64857 2.14156594e-01
1.65428 2.13953451e-01
1.66001 2.14984896e-01
1.66575 2.16790236e-01
1.67152 2.18709369e-01
1.67731 2.21159182e-01
1.68311 2.16370112e-01
1.68894 2.11714944e-01
1.69478 2.10149084e-01
1.70065 2.15073152e-01
1.70654 2.18437234e-01
1.71245 2.18744612e-01
1.71837 2.15489394e-01
1.72432 2.15615979e-01
1.73029 2.11831573e-01
1.73628 2.09142329e-01
1.74229 2.11943374e-01
1.74832 2.17075712e-01
1.75437 2.19015104e-01
1.76045 2.15718073e-01
1.76654 2.09217991e-01
1.77266 2.08740622e-01
1.77879 2.10414599e-01
1.78495 2.12777252e-01
1.79113 2.13896704e-01
1.79733 2.15107300e-01
1.80355 2.13876196e-01
1.80979 2.10559851e-01
1.81606 2.06828409e-01
1.82234 2.07543964e-01
1.82865 2.10526450e-01
1.83498 2.11927595e-01
1.84133 2.12603527e-01
1.84771 2.12702933e-01
1.85410 2.11181476e-01
1.86052 2.05858340e-01
1.86696 2.02441344e-01
1.87342 2.05181860e-01
1.87991 2.11900565e-01
1.88642 2.14062613e-01
1.89295 2.11385714e-01
1.89950 2.05928924e-01
1.90607 2.01419356e-01
1.91267 2.01510798e-01
1.91929 2.05416462e-01
1.92594 2.10160434e-01
1.93260 2.10973255e-01
1.93929 2.07993408e-01
1.94601 2.04100188e-01
1.95274 2.01224028e-01
1.95950 2.00462428e-01
1.96629 2.03355214e-01
1.97309 2.06555278e-01
1.97992 2.07085561e-01
1.98678 2.03907001e-01
1.99365 2.01111630e-01
2.00055 1.99731292e-01
2.00748 1.99739605e-01
2.01443 1.99829454e-01
2.02140 2.01737636e-01
2.02840 2.02522183e-01
2.03542 2.02053426e-01
2.04247 2.00177301e-01
2.04954 1.99312512e-01
2.05663 1.98995029e-01
2.06375 1.98714332e-01
2.07090 1.97113877e-01
2.07806 1.96440185e-01
2.08526 1.97251164e-01
2.09247 1.99185180e-01
2.09972 1.99849316e-01
2.10699 1.98776903e-01
2.11428 1.95526315e-01
2.12160 1.92147847e-01
2.12894 1.90756558e-01
2.13631 1.92508039e-01
2.14371 1.95851164e-01
2.15113 1.98055026e-01
2.15857 1.96662940e-01
2.16605 1.92692217e-01
2.17354 1.88507051e-01
2.18107 1.86831630e-01
2.18862 1.88850866e-01
2.19619 1.93027769e-01
2.20380 1.95633088e-01
2.21143 1.94467044e-01
2.21908 1.91090169e-01
2.22676 1.88116594e-01
2.23447 1.85929806e-01
2.24220 1.85196032e-01
2.24997 1.86536348e-01
2.25775 1.88781874e-01
2.26557 1.89403648e-01
2.27341 1.87614286e-01
2.28128 1.85322020e-01
2.28918 1.83996935e-01
2.29710 1.82934478e-01
2.30505 1.82323556e-01
2.31303 1.83006756e-01
2.32104 1.84622692e-01
2.32908 1.85411570e-01
2.33714 1.84468281e-01
2.34523 1.82604949e-01
2.35335 1.80713892e-01
2.36149 1.79226332e-01
2.36967 1.78939612e-01
2.37787 1.79842084e-01
2.38610 1.81038891e-01
2.39436 1.81461355e-01
2.40265 1.80533945e-01
2.41097 1.78670116e-01
2.41931 1.76752924e-01
2.42769 1.75574436e-01
2.43609 1.75486677e-01
2.44452 1.75863694e-01
2.45298 1.75887986e-01
2.46148 1.75246948e-01
2.47000 1.74120974e-01
2.47855 1.72875236e-01
2.48713 1.71981973e-01
2.49574 1.71683904e-01
2.50438 1.71707598e-01
2.51304 1.71663993e-01
2.52174 1.71497735e-01
2.53047 1.71257010e-01
2.53923 1.70929173e-01
2.54802 1.70571072e-01
2.55684 1.70277383e-01
2.56569 1.70020530e-01
2.57457 1.69460878e-01
2.58349 1.68442325e-01
2.59243 1.67320384e-01
2.60140 1.66491186e-01
2.61041 1.66012921e-01
2.61944 1.65674482e-01
2.62851 1.65220708e-01
2.63761 1.64460900e-01
2.64674 1.63431595e-01
2.65590 1.62522603e-01
2.66510 1.62092174e-01
2.67432 1.62020096e-01
2.68358 1.61925369e-01
2.69287 1.61601216e-01
2.70219 1.61071929e-01
2.71154 1.60401223e-01
2.72093 1.59679794e-01
2.73035 1.59098887e-01
2.73980 1.58774386e-01
2.74928 1.58595997e-01
2.75880 1.58371888e-01
2.76835 1.57988454e-01
2.77793 1.57427454e-01
2.78755 1.56750974e-01
2.79720 1.56107347e-01
2.80688 1.55643448e-01
2.81660 1.55340406e-01
2.82635 1.54999443e-01
2.83613 1.54415659e-01
2.84595 1.53553867e-01
2.85580 1.52564414e-01
2.86569 1.51673855e-01
2.87561 1.51045345e-01
2.88556 1.50647492e-01
2.89555 1.50263675e-01
2.90557 1.49683659e-01
2.91563 1.48893044e-01
2.92572 1.48070695e-01
2.93585 1.47429269e-01
2.94601 1.47070326e-01
2.95621 1.46937429e-01
2.96644 1.46859900e-01
2.97671 1.46664587e-01
2.98702 1.46291717e-01
2.99736 1.45818778e-01
3.00773 1.45378862e-01
3.01814 1.45058592e-01
3.02859 1.44844533e-01
3.03907 1.44628492e-01
3.04960 1.44272531e-01
3.06015 1.43701610e-01
3.07074 1.42951982e-01
3.08137 1.42139608e-01
3.09204 1.41384390e-01
3.10274 1.40742650e-01
3.11348 1.40182854e-01
3.12426 1.39619728e-01
3.13508 1.38984568e-01
3.14593 1.38277211e-01
3.15682 1.37561108e-01
3.16775 1.36914863e-01
3.17871 1.36381987e-01
3.18972 1.35948218e-01
3.20076 1.35553839e-01
3.21184 1.35132082e-01
3.22295 1.34651577e-01
3.23411 1.34134331e-01
3.24531 1.33635428e-01
3.25654 1.33200749e-01
3.26781 1.32835624e-01
3.27912 1.32505727e-01
3.29047 1.32165446e-01
3.30187 1.31790430e-01
3.31330 1.31390052e-01
3.32476 1.30992686e-01
3.33627 1.30618780e-01
3.34782 1.30264726e-01
3.35941 1.29907650e-01
3.37104 1.29522659e-01
3.38271 1.29097153e-01
3.39442 1.28633508e-01
3.40617 1.28141714e-01
3.41796 1.27629849e-01
3.42979 1.27099885e-01
3.44166 1.26550672e-01
3.45358 1.25983230e-01
3.46553 1.25402876e-01
3.47753 1.24817021e-01
3.48957 1.24231679e-01
3.50164 1.23649687e-01
3.51377 1.23071962e-01
3.52593 1.22500428e-01
3.53814 1.21940304e-01
3.55038 1.21399722e-01
3.56267 1.20886951e-01
3.57500 1.20407088e-01
3.58738 1.19960188e-01
3.59980 1.19542185e-01
3.61226 1.19148049e-01
3.62476 1.18775134e-01
3.63731 1.18424011e-01
3.64990 1.18095981e-01
3.66254 1.17789315e-01
3.67521 1.17497060e-01
3.68794 1.17208368e-01
3.70070 1.16912320e-01
3.71351 1.16601378e-01
3.72637 1.16272252e-01
3.73927 1.15923783e-01
3.75221 1.15554153e-01
3.76520 1.15159709e-01
3.77823 1.14736389e-01
3.79131 1.14282306e-01
3.80443 1.13799492e-01
3.81760 1.13293585e-01
3.83082 1.12771635e-01
3.84408 1.12239844e-01
3.85739 1.11702483e-01
3.87074 1.11162434e-01
3.88414 1.10622500e-01
3.89758 1.10086229e-01
3.91107 1.09557733e-01
3.92461 1.09040721e-01
3.93820 1.08537562e-01
3.95183 1.08049098e-01
3.96551 1.07575223e-01
3.97924 1.07115770e-01
3.99301 1.06671000e-01
4.00683 1.06241562e-01
4.02070 1.05828038e-01
4.03462 1.05430483e-01
4.04859 1.05048444e-01
4.06260 1.04681134e-01
4.07667 1.04327701e-01
4.09078 1.03987356e-01
4.10494 1.03659226e-01
4.11915 1.03342186e-01
4.13341 1.03034798e-01
4.14771 1.02735275e-01
4.16207 1.02441497e-01
4.17648 1.02151078e-01
4.19094 1.01861357e-01
4.20545 1.01569510e-01
4.22000 1.01272710e-01
4.23461 1.00968319e-01
4.24927 1.00653997e-01
4.26398 1.00327838e-01
4.27874 9.99883385e-02
4.29355 9.96344484e-02
4.30841 9.92656000e-02
4.32332 9.88817138e-02
4.33829 9.84832676e-02
4.35331 9.80711573e-02
4.36838 9.76466325e-02
4.38350 9.72111865e-02
4.39867 9.67664220e-02
4.41390 9.63140466e-02
4.42918 9.58558222e-02
4.44451 9.53936156e-02
4.45990 9.49293184e-02
4.47533 9.44648768e-02
4.49083 9.40021874e-02
4.50637 9.35431068e-02
4.52197 9.30893973e-02
4.53762 9.26427463e-02
4.55333 9.22047566e-02
4.56909 9.17768967e-02
4.58491 9.13605006e-02
4.60078 9.09567182e-02
4.61670 9.05664804e-02
4.63269 9.01904939e-02
4.64872 8.98291669e-02
4.66481 8.94826340e-02
4.68096 8.91507406e-02
4.69717 8.88330489e-02
4.71343 8.85287872e-02
4.72974 8.82369301e-02
4.74611 8.79561387e-02
4.76254 8.76848597e-02
4.77903 8.74212814e-02
4.79557 8.71634773e-02
4.81217 8.69093817e-02
4.82883 8.66568789e-02
4.84555 8.64038933e-02
4.86232 8.61483790e-02
4.87915 8.58884793e-02
4.89604 8.56225166e-02
4.91299 8.53490475e-02
4.92999 8.50669468e-02
4.94706 8.47753685e-02
4.96418 8.44737998e-02
4.98137 8.41620267e-02
4.99861 8.38401337e-02
5.01591 8.35084494e-02
5.03328 8.31675463e-02
5.05070 8.28181710e-02
5.06818 8.24612295e-02
5.08573 8.20977323e-02
5.10333 8.17287694e-02
5.12100 8.13554610e-02
5.13873 8.09789518e-02
5.15651 8.06003669e-02
5.17436 8.02207964e-02
5.19228 7.98413006e-02
5.21025 7.94628800e-02
5.22828 7.90864704e-02
5.24638 7.87129380e-02
5.26454 7.83430940e-02
5.28277 7.79776555e-02
5.30105 7.76172992e-02
5.31940 7.72626076e-02
5.33782 7.69141084e-02
5.35629 7.65722645e-02
5.37484 7.62374542e-02
5.39344 7.59100110e-02
5.41211 7.55901689e-02
5.43084 7.52781120e-02
5.44965 7.49739499e-02
5.46851 7.46777024e-02
5.48744 7.43893248e-02
5.50643 7.41086578e-02
5.52550 7.38354972e-02
5.54462 7.35695147e-02
5.56381 7.33103168e-02
5.58308 7.30574208e-02
5.60240 7.28102642e-02
5.62179 7.25681948e-02
5.64125 7.23305159e-02
5.66078 7.20964608e-02
5.68038 7.18652132e-02
5.70004 7.16359566e-02
5.71977 7.14078251e-02
5.73957 7.11799772e-02
5.75944 7.09515918e-02
5.77938 7.07218773e-02
5.79938 7.04900821e-02
5.81946 7.02555442e-02
5.83960 7.00176462e-02
5.85982 6.97758756e-02
5.88010 6.95297991e-02
5.90045 6.92790684e-02
5.92088 6.90234347e-02
5.94137 6.87627385e-02
5.96194 6.84969102e-02
5.98258 6.82259648e-02
6.00329 6.79499819e-02
6.02407 6.76691356e-02
6.04492 6.73836551e-02
6.06585 6.70938140e-02
6.08684 6.67999609e-02
6.10791 6.65024839e-02
6.12906 6.62018112e-02
6.15027 6.58983858e-02
6.17156 6.55927054e-02
6.19293 6.52852779e-02
6.21436 6.49766258e-02
6.23588 6.46672868e-02
6.25746 6.43578183e-02
6.27912 6.40487531e-02
6.30086 6.37406635e-02
6.32267 6.34340722e-02
6.34455 6.31295268e-02
6.36652 6.28275399e-02
6.38856 6.25286194e-02
6.41067 6.22332530e-02
6.43286 6.19418837e-02
6.45513 6.16549497e-02
6.47747 6.13728391e-02
6.49990 6.10959004e-02
6.52240 6.08244572e-02
6.54497 6.05587684e-02
6.56763 6.02990578e-02
6.59037 6.00454948e-02
6.61318 5.97981988e-02
6.63607 5.95572295e-02
6.65904 5.93225920e-02
6.68209 5.90942364e-02
6.70522 5.91128135e-02
6.72843 5.99567808e-02
6.75172 6.08508644e-02
6.77510 6.17566855e-02
6.79855 6.27379648e-02
6.82208 6.36621440e-02
6.84570 6.46538368e-02
6.86939 6.57090510e-02
6.89317 6.67307001e-02
6.91704 6.77958151e-02
6.94098 6.89068153e-02
6.96500 7.00013739e-02
6.98911 7.11159680e-02
7.01331 7.22671140e-02
7.03759 7.34386788e-02
7.06195 7.46191040e-02
7.08639 7.58271410e-02
7.11092 7.70669810e-02
7.13554 7.82950187e-02
7.16024 7.95979769e-02
7.18502 8.08688235e-02
7.20990 8.21614030e-02
7.23485 8.35409692e-02
7.25990 8.49201472e-02
7.28503 8.63658283e-02
7.31025 8.78524267e-02
7.33555 8.93497273e-02
7.36094 9.09100964e-02
7.38642 9.25367445e-02
7.41199 9.42224192e-02
7.43765 9.59237540e-02
7.46340 9.77655118e-02
7.48923 9.96120683e-02
7.51516 1.01558320e-01
7.54117 1.03573115e-01
7.56727 1.05697377e-01
7.59347 1.07905758e-01
7.61975 1.10181055e-01
7.64613 1.12573818e-01
7.67260 1.15050825e-01
7.69916 1.17655985e-01
7.72581 1.20339186e-01
7.75255 1.23169188e-01
7.77939 1.26086643e-01
7.80632 1.29147782e-01
7.83334 1.32361809e-01
7.86046 1.35715940e-01
7.88767 1.39226025e-01
7.91497 1.42891278e-01
7.94237 1.46765094e-01
7.96986 1.50824710e-01
7.99745 1.55136252e-01
8.02513 1.59698465e-01
8.05291 1.64533028e-01
8.08079 1.69644683e-01
8.10876 1.75117510e-01
8.13683 1.80969505e-01
8.16500 1.87267355e-01
8.19326 1.94008914e-01
8.22162 2.01325874e-01
8.25008 2.09247410e-01
8.27864 2.17890972e-01
8.30730 2.27352384e-01
8.33605 2.37818112e-01
8.36491 2.49441621e-01
8.39386 2.62493305e-01
8.42292 2.77285916e-01
8.45208 2.94281941e-01
8.48133 3.14120775e-01
8.51069 3.37733461e-01
8.54016 3.66491826e-01
8.56972 4.02632932e-01
8.59938 4.49625991e-01
8.62915 5.13064434e-01
8.65902 6.00135026e-01
8.68899 7.12225223e-01
8.71907 8.22656825e-01
8.74925 8.74967694e-01
8.77954 9.06165369e-01
8.80993 9.79163086e-01
8.84043 1.08345774e+00
8.87103 1.17584415e+00
8.90174 1.19767399e+00
8.93255 1.13075424e+00
8.96347 1.03659270e+00
8.99450 9.82636231e-01
9.02563 9.80824619e-01
9.05688 1.00244535e+00
9.08823 1.02036440e+00
9.11969 1.03352888e+00
9.15126 1.04698282e+00
9.18294 1.06179474e+00
9.21472 1.07507267e+00
9.24662 1.08215908e+00
9.27863 1.08341413e+00
9.31075 1.09053041e+00
9.34298 1.11832672e+00
9.37532 1.15840171e+00
9.40777 1.19761655e+00
9.44034 1.24373775e+00
9.47302 1.31470035e+00
9.50581 1.39907578e+00
9.53871 1.47394210e+00
9.57173 1.54549830e+00
9.60487 1.61736622e+00
9.63811 1.68063118e+00
9.67148 1.70945948e+00
9.70495 1.68225792e+00
9.73855 1.63830394e+00
9.77226 1.60813099e+00
9.80609 1.59387095e+00
9.84003 1.60561463e+00
9.87409 1.64011665e+00
9.90827 1.66798086e+00
9.94257 1.68353427e+00
9.97699 1.65217193e+00
10.01153 1.57894763e+00
10.04618 1.51365347e+00
10.08096 1.46630057e+00
10.11585 1.43689594e+00
10.15087 1.43135890e+00
10.18601 1.45687654e+00
10.22127 1.49916744e+00
10.25665 1.52705449e+00
10.29215 1.50458699e+00
10.32778 1.44168137e+00
10.36353 1.38885471e+00
10.39941 1.34769565e+00
10.43540 1.31370116e+00
10.47153 1.28822186e+00
10.50777 1.27492472e+00
10.54415 1.27753960e+00
10.58065 1.30018550e+00
10.61727 1.34377864e+00
10.65403 1.40045482e+00
10.69091 1.46155296e+00
10.72791 1.51837534e+00
10.76505 1.57174528e+00
10.80231 1.61953463e+00
10.83971 1.65125876e+00
10.87723 1.65886774e+00
10.91488 1.65576534e+00
10.95266 1.65281262e+00
10.99058 1.64850819e+00
11.02862 1.63598594e+00
11.06680 1.60677435e+00
11.10511 1.56145313e+00
11.14355 1.51579118e+00
11.18212 1.48493771e+00
11.22083 1.46980159e+00
11.25967 1.46167611e+00
11.29865 1.45270421e+00
11.33776 1.44433966e+00
11.37701 1.43815477e+00
11.41639 1.42259314e+00
11.45591 1.38541611e+00
11.49556 1.32755168e+00
11.53536 1.25975111e+00
11.57529 1.19754133e+00
11.61536 1.15349791e+00
11.65556 1.12978537e+00
11.69591 1.11937947e+00
11.73640 1.10914884e+00
11.77702 1.08579739e+00
11.81779 1.04475472e+00
11.85870 9.92461269e-01
11.89975 9.38807744e-01
11.94094 8.91016249e-01
11.98227 8.52635691e-01
12.02375 8.24567893e-01
12.06537 8.03210389e-01
12.10714 7.84457856e-01
12.14905 7.72595961e-01
12.19110 7.71237326e-01
12.23330 7.73653739e-01
12.27565 7.68794382e-01
12.31814 7.49419328e-01
12.36078 7.17048939e-01
12.40357 6.79547705e-01
12.44651 6.44086165e-01
12.48959 6.14483918e-01
12.53283 5.91555328e-01
12.57621 5.74440484e-01
12.61974 5.61479644e-01
12.66343 5.50527438e-01
12.70726 5.39643079e-01
12.75125 5.27366436e-01
12.79539 5.13295950e-01
12.83968 4.97811228e-01
12.88413 4.81975374e-01
12.92873 4.66765874e-01
12.97348 4.53230798e-01
13.01839 4.42196608e-01
13.06345 4.34341625e-01
13.10867 4.30304896e-01
13.15405 4.31046983e-01
13.19959 4.37960619e-01
13.24528 4.53702642e-01
13.29113 4.83306930e-01
13.33713 5.36087004e-01
13.38330 6.19103196e-01
13.42963 6.90459093e-01
13.47612 6.73405426e-01
13.52277 6.24763428e-01
13.56958 6.15843548e-01
13.61655 6.52323392e-01
13.66368 7.24205241e-01
13.71098 8.15593209e-01
13.75844 8.88483406e-01
13.80607 9.12037753e-01
13.85386 8.98209088e-01
13.90182 8.62692544e-01
13.94994 8.07563356e-01
13.99823 7.41568377e-01
14.04668 6.81785564e-01
14.09531 6.44038478e-01
14.14410 6.32531748e-01
14.19306 6.46192661e-01
14.24219 6.82127090e-01
14.29149 7.34123214e-01
14.34096 7.91925668e-01
14.39060 8.43618297e-01
14.44042 8.74669177e-01
14.49041 8.76876722e-01
14.54057 8.53187627e-01
14.59090 8.08934585e-01
14.64141 7.55395300e-01
14.69209 7.16322283e-01
14.74295 7.16822002e-01
14.79398 6.99730702e-01
14.84519 6.27436793e-01
14.89658 5.96262812e-01
14.94814 5.95497031e-01
14.99989 6.15462052e-01
15.05181 6.53680284e-01
15.10392 7.10585045e-01
15.15620 7.85983047e-01
15.20866 8.76592590e-01
15.26131 9.73565625e-01
15.31414 1.06338574e+00
15.36715 1.13203353e+00
15.42034 1.17348363e+00
15.47372 1.18587158e+00
15.52729 1.16611388e+00
15.58103 1.12272812e+00
15.63497 1.07424805e+00
15.68909 1.02855081e+00
15.74340 9.79740110e-01
15.79790 9.20355271e-01
15.85258 8.53707904e-01
15.90746 7.91921685e-01
15.96252 7.43065643e-01
16.01778 7.08891556e-01
16.07323 6.88425572e-01
16.12886 6.80066539e-01
16.18470 6.83075804e-01
16.24072 6.94972743e-01
16.29694 7.11980267e-01
16.35335 7.28133653e-01
16.40996 7.35707989e-01
16.46677 7.28720135e-01
16.52377 7.08260373e-01
16.58097 6.82777337e-01
16.63836 6.62854876e-01
16.69596 6.55031353e-01
16.75375 6.60981589e-01
16.81175 6.80546994e-01
16.86994 7.12776114e-01
16.92834 7.55905771e-01
16.98694 8.06986581e-01
17.04574 8.64073628e-01
17.10474 9.28265906e-01
17.16395 1.00219487e+00
17.22337 1.08711650e+00
17.28299 1.18034535e+00
17.34281 1.27348470e+00
17.40285 1.35438439e+00
17.46309 1.42068446e+00
17.52354 1.49379886e+00
17.58420 1.60243507e+00
17.64507 1.74899802e+00
17.70615 1.89219759e+00
17.76744 1.97585024e+00
17.82894 1.99404252e+00
17.89066 1.96956530e+00
17.95259 1.93750443e+00
18.01473 1.91035762e+00
18.07709 1.88502571e+00
18.13967 1.86389006e+00
18.20246 1.85358357e+00
18.26547 1.84363399e+00
18.32870 1.80540217e+00
18.39214 1.73638727e+00
18.45581 1.66945333e+00
18.51969 1.63176294e+00
18.58380 1.61582599e+00
18.64813 1.60811666e+00
18.71268 1.60911381e+00
18.77746 1.62001394e+00
18.84246 1.63820633e+00
18.90768 1.65830052e+00
18.97313 1.67663452e+00
19.03881 1.69643513e+00
19.10472 1.71918357e+00
19.17085 1.73250704e+00
19.23721 1.72190622e+00
19.30380 1.68374767e+00
19.37062 1.62264764e+00
19.43768 1.54728114e+00
19.50496 1.46863022e+00
19.57248 1.39745412e+00
19.64023 1.34123922e+00
19.70822 1.30139858e+00
19.77644 1.27795609e+00
19.84490 1.27098461e+00
19.91359 1.27965416e+00
19.98252 1.29347496e+00
20.05169 1.29446668e+00
20.12110 1.27316567e+00
20.19076 1.23579466e+00
20.26065 1.19443824e+00
20.33078 1.15593438e+00
20.40116 1.12476816e+00
20.47178 1.10348075e+00
20.54264 1.09418300e+00
20.61375 1.09866320e+00
20.68511 1.11757119e+00
20.75671 1.14980957e+00
20.82856 1.19044068e+00
20.90066 1.23186465e+00
20.97301 1.27066101e+00
21.04561 1.31071036e+00
21.11846 1.35271026e+00
21.19157 1.39377828e+00
21.26492 1.43321646e+00
21.33853 1.46794781e+00
21.41240 1.49599500e+00
21.48652 1.51846484e+00
21.56090 1.53560452e+00
21.63553 1.54387186e+00
21.71043 1.54069564e+00
21.78558 1.53336164e+00
21.86099 1.53792775e+00
21.93666 1.56511319e+00
22.01260 1.62143699e+00
22.08880 1.69948531e+00
22.16526 1.78348790e+00
22.24199 1.85404511e+00
22.31898 1.89431026e+00
22.39624 1.90160967e+00
22.47377 1.88754994e+00
22.55156 1.87571826e+00
22.62962 1.87206258e+00
22.70796 1.86161173e+00
22.78656 1.83653020e+00
22.86544 1.81882126e+00
22.94459 1.81804075e+00
23.02402 1.82520028e+00
23.10372 1.82641436e+00
23.18369 1.82313451e+00
23.26394 1.81698148e+00
23.34447 1.80525632e+00
23.42528 1.79495381e+00
23.50637 1.79665870e+00
23.58774 1.80425579e+00
23.66939 1.81300413e+00
23.75133 1.81607751e+00
23.83354 1.81512447e+00
23.91604 1.81362635e+00
23.99883 1.81828954e+00
24.08191 1.83333980e+00
24.16527 1.85939598e+00
24.24892 1.89014431e+00
24.33286 1.91154994e+00
24.41709 1.90830916e+00
24.50161 1.87147236e+00
24.58642 1.80368598e+00
24.67153 1.72010302e+00
24.75693 1.63703416e+00
24.84263 1.56744159e+00
24.92863 1.51275856e+00
25.01492 1.47385270e+00
25.10151 1.44539166e+00
25.18840 1.42339302e+00
25.27559 1.40917798e+00
25.36309 1.40136660e+00
25.45088 1.39999726e+00
25.53898 1.40058111e+00
25.62739 1.39264648e+00
25.71610 1.36761722e+00
25.80512 1.33012051e+00
25.89444 1.29355993e+00
25.98408 1.27259233e+00
26.07403 1.27446229e+00
26.16428 1.29940917e+00
26.25485 1.34967820e+00
26.34574 1.42574283e+00
26.43694 1.51926198e+00
26.52845 1.61653259e+00
26.62028 1.69150275e+00
26.71243 1.73376299e+00
26.80489 1.75168841e+00
26.89768 1.76647445e+00
26.99079 1.79135966e+00
27.08422 1.82555749e+00
27.17798 1.86485396e+00
27.27205 1.90599957e+00
27.36646 1.94659186e+00
27.46119 1.98734393e+00
27.55625 2.03146347e+00
27.65164 2.08033977e+00
27.74736 2.13019620e+00
27.84341 2.17615204e+00
27.93979 2.21304832e+00
28.03650 2.23657529e+00
28.13355 2.24368853e+00
28.23094 2.23436516e+00
28.32867 2.21086158e+00
28.42673 2.17839652e+00
28.52513 2.14214983e+00
28.62387 2.10852295e+00
28.72295 2.08292373e+00
28.82238 2.06946532e+00
28.92215 2.07110201e+00
29.02227 2.08412437e+00
29.12273 2.10437696e+00
29.22354 2.12571420e+00
29.32470 2.14113237e+00
29.42621 2.14286564e+00
29.52807 2.12524779e+00
29.63029 2.08568192e+00
29.73286 2.02662805e+00
29.83578 1.95555484e+00
29.93906 1.88231670e+00
30.04269 1.81682039e+00
30.14669 1.76446662e+00
30.25104 1.72567126e+00
30.35576 1.69552957e+00
30.46084 1.66537265e+00
30.56628 1.62762576e+00
30.67209 1.58087542e+00
30.77826 1.53076533e+00
30.88481 1.48281081e+00
30.99172 1.43952530e+00
31.09900 1.40068325e+00
31.20665 1.36410933e+00
31.31467 1.32785109e+00
31.42307 1.29085834e+00
31.53184 1.25174032e+00
31.64099 1.20816157e+00
31.75052 1.15886495e+00
31.86043 1.10687778e+00
31.97072 1.05825027e+00
32.08139 1.01810006e+00
32.19244 9.89217102e-01
32.30388 9.71952427e-01
32.41570 9.64859989e-01
32.52791 9.65819157e-01
32.64051 9.72836331e-01
32.75349 9.83403804e-01
32.86687 9.94564978e-01
32.98064 1.00506097e+00
33.09481 1.01663540e+00
33.20937 1.03306605e+00
33.32433 1.05815479e+00
33.43968 1.09413741e+00
33.55544 1.14038669e+00
33.67159 1.19222298e+00
33.78815 1.24202086e+00
33.90511 1.28154556e+00
34.02247 1.30572353e+00
34.14024 1.31467402e+00
34.25842 1.31284623e+00
34.37701 1.30635859e+00
34.49601 1.30076238e+00
34.61542 1.29999301e+00
34.73525 1.30610552e+00
34.85549 1.31941207e+00
34.97614 1.33852156e+00
35.09721 1.36064071e+00
35.21871 1.38274478e+00
35.34062 1.40305680e+00
35.46295 1.42150953e+00
35.58571 1.43850077e+00
35.70889 1.45308452e+00
35.83250 1.46303833e+00
35.95654 1.46618199e+00
36.08101 1.46221451e+00
36.20590 1.45258101e+00
36.33123 1.43834780e+00
36.45700 1.41760640e+00
36.58320 1.38580895e+00
36.70983 1.33889106e+00
36.83691 1.27671956e+00
36.96442 1.20408860e+00
37.09238 1.12890981e+00
37.22077 1.05921931e+00
37.34962 1.00055759e+00
37.47890 9.54534356e-01
37.60864 9.18262031e-01
37.73883 8.84233847e-01
37.86946 8.42511976e-01
38.00055 7.87128917e-01
38.13209 7.19587710e-01
38.26409 6.47199213e-01
38.39654 5.77925864e-01
38.52946 5.16714165e-01
38.66283 4.65194698e-01
38.79667 4.22995781e-01
38.93096 3.88935312e-01
39.06573 3.61706524e-01
39.20096 3.40435180e-01
39.33665 3.23836028e-01
39.47282 3.11106094e-01
39.60946 3.01746512e-01
39.74657 2.95415346e-01
39.88416 2.91897750e-01
40.02222 2.91084232e-01
40.16076 2.92981497e-01
40.29978 2.98199442e-01
40.43928 3.06619075e-01
40.57926 3.18631080e-01
40.71973 3.34749592e-01
40.86069 3.55590692e-01
41.00213 3.81823381e-01
41.14406 4.14571833e-01
41.28648 4.54801138e-01
41.42940 5.00187819e-01
41.57281 5.47776270e-01
41.71672 5.93735993e-01
41.86113 6.34571740e-01
42.00603 6.68361095e-01
42.15144 7.03128533e-01
42.29735 7.50533006e-01
42.44377 8.10676359e-01
42.59069 8.69633557e-01
42.73812 9.06084331e-01
42.88606 9.13375780e-01
43.03451 9.42537244e-01
43.18348 1.00061124e+00
43.33297 1.08843716e+00
43.48297 1.20026308e+00
43.63349 1.33795329e+00
43.78453 1.42199615e+00
43.93609 1.42052109e+00
44.08818 1.33806928e+00
44.24079 1.24128968e+00
44.39394 1.15401082e+00
44.54761 1.06652080e+00
44.70182 9.80910983e-01
44.85655 8.99946970e-01
45.01183 8.26630884e-01
45.16764 7.63523105e-01
45.32399 7.12068712e-01
45.48089 6.72254111e-01
45.63832 6.45444133e-01
45.79630 6.32187878e-01
45.95483 6.29259874e-01
46.11391 6.36328582e-01
46.27353 6.53340840e-01
46.43371 6.75902687e-01
46.59445 7.00030768e-01
46.75574 7.19412751e-01
46.91759 7.23742835e-01
47.08000 7.08223787e-01
47.24297 6.72651367e-01
47.40650 6.20903310e-01
47.57060 5.63687184e-01
47.73527 5.07387283e-01
47.90051 4.56003674e-01
48.06633 4.12548655e-01
48.23271 3.79530926e-01
48.39967 3.53713985e-01
48.56721 3.34558271e-01
48.73533 3.22928729e-01
48.90403 3.16976526e-01
49.07332 3.15067031e-01
49.24319 3.16924404e-01
49.41365 3.21273508e-01
49.58470 3.25555477e-01
49.75634 3.29163012e-01
49.92858 3.28095513e-01
50.10141 3.22786519e-01
50.27484 3.13784651e-01
50.44887 2.98830958e-01
50.62350 2.81140424e-01
50.79874 2.62036788e-01
50.97458 2.42308132e-01
51.15104 2.24338350e-01
51.32810 2.08248116e-01
51.50578 1.95736193e-01
51.68407 1.89291215e-01
51.86298 1.88619693e-01
52.04250 1.98209133e-01
52.22265 2.23933840e-01
52.40343 2.46320236e-01
52.58482 2.48826672e-01
52.76685 2.14348313e-01
52.94951 1.70832828e-01
53.13280 1.38369524e-01
53.31672 1.16667364e-01
53.50128 1.01062518e-01
53.68648 9.17461540e-02
53.87232 8.45622898e-02
54.05880 7.89619264e-02
54.24593 7.55768284e-02
54.43371 7.31532231e-02
54.62214 7.18572686e-02
54.81122 7.30686805e-02
55.00095 7.63819093e-02
55.19134 8.39033067e-02
55.38239 1.02871990e-01
55.57410 1.29501991e-01
55.76647 1.79415145e-01
55.95951 1.89610763e-01
56.15322 1.63939582e-01
56.34760 1.22491553e-01
56.54265 8.39683812e-02
56.73838 6.67044373e-02
56.93479 5.52522780e-02
57.13187 4.78425522e-02
57.32964 4.36787804e-02
57.52809 4.01272007e-02
57.72723 3.76120590e-02
57.92705 3.55443977e-02
58.12757 3.37567771e-02
58.32879 3.23503538e-02
58.53070 3.10377352e-02
58.73331 2.99146032e-02
58.93662 2.88891232e-02
59.14063 2.79425375e-02
59.34535 2.71010780e-02
59.55078 2.62940747e-02
59.75692 2.55648572e-02
59.96377 2.48672246e-02
60.17134 2.42186510e-02
60.37963 2.35887794e-02
60.58864 2.29771689e-02
60.79837 2.23832284e-02
61.00883 2.18063831e-02
61.22002 2.12460869e-02
61.43194 2.07018017e-02
61.64459 2.01730184e-02
61.85797 1.96592490e-02
62.07210 1.91600117e-02
62.28697 1.86748551e-02
62.50258 1.82033376e-02
62.71894 1.77450137e-02
62.93605 1.72994936e-02
63.15390 1.68663687e-02
63.37252 1.64452592e-02
63.59189 1.60357872e-02
63.81201 1.56376003e-02
64.03290 1.52503486e-02
64.25456 1.48737055e-02
64.47698 1.45073396e-02
64.70017 1.41509412e-02
64.92414 1.38042126e-02
65.14888 1.34668581e-02
65.37440 1.31386010e-02
65.60070 1.28191701e-02
65.82778 1.25082914e-02
66.05565 1.22057227e-02
66.28430 1.19112129e-02
66.51375 1.16245263e-02
66.74400 1.13454278e-02
66.97504 1.10736954e-02
67.20688 1.08091235e-02
67.43952 1.05514896e-02
67.67297 1.03006052e-02
67.90722 1.00562615e-02
68.14229 9.81828388e-03
68.37817 9.58647822e-03
68.61486 9.36067378e-03
68.85238 9.14069284e-03
69.09072 8.92637561e-03
69.32988 8.71755833e-03
69.56987 8.51408619e-03
69.81069 8.31580786e-03
70.05235 8.12257650e-03
70.29484 7.93425124e-03
70.53817 7.75069369e-03
70.78235 7.57177195e-03
71.02737 7.39735708e-03
71.27323 7.22732267e-03
71.51995 7.06154972e-03
71.76752 6.89991879e-03
72.01595 6.74231687e-03
72.26524 6.58863296e-03
72.51539 6.43876053e-03
72.76641 6.29259556e-03
73.01830 6.15003748e-03
73.27106 6.01098823e-03
73.52469 5.87535275e-03
73.77920 5.74303943e-03
74.03460 5.61395819e-03
74.29087 5.48802340e-03
74.54804 5.36515093e-03
74.80609 5.24525817e-03
75.06504 5.12826645e-03
75.32488 5.01409913e-03
75.58563 4.90268103e-03
75.84727 4.79394048e-03
76.10982 4.68780629e-03
76.37328 4.58420978e-03
76.63766 4.48308572e-03
76.90295 4.38436793e-03
77.16915 4.28799616e-03
77.43628 4.19390770e-03
77.70433 4.10204331e-03
77.97331 4.01234724e-03
78.24322 3.92476174e-03
78.51407 3.83923356e-03
78.78585 3.75570994e-03
79.05857 3.67413959e-03
79.33224 3.59447275e-03
79.60686 3.51666112e-03
79.88242 3.44065742e-03
80.15894 3.36641586e-03
80.43642 3.29389212e-03
80.71486 3.22304341e-03
80.99426 3.15382642e-03
81.27463 3.08620132e-03
81.55596 3.02012818e-03
81.83828 2.95556780e-03
82.12157 2.89248363e-03
82.40584 2.83083768e-03
82.69109 2.77059557e-03
82.97733 2.71172185e-03
83.26457 2.65418277e-03
83.55279 2.59794583e-03
83.84202 2.54297916e-03
84.13225 2.48925137e-03
84.42348 2.43673293e-03
84.71572 2.38539327e-03
85.00897 2.33520483e-03
85.30323 2.28613922e-03
85.59852 2.23816927e-03
85.89482 2.19126885e-03
86.19215 2.14541142e-03
86.49052 2.10057314e-03
86.78991 2.05672873e-03
87.09034 2.01385413e-03
87.39181 1.97192705e-03
87.69432 1.93092445e-03
87.99789 1.89082477e-03
88.30250 1.85160605e-03
88.60816 1.81324779e-03
88.91489 1.77572919e-03
89.22267 1.73903152e-03
89.53153 1.70313447e-03
89.84145 1.66802003e-03
90.15244 1.63366894e-03
90.46451 1.60006426e-03
90.77766 1.56718827e-03
91.09190 1.53502411e-03
91.40722 1.50355505e-03
91.72363 1.47276471e-03
92.04114 1.44263840e-03
92.35975 1.41315970e-03
92.67946 1.38431442e-03
93.00028 1.35608799e-03
93.32221 1.32846570e-03
93.64525 1.30143398e-03
93.96941 1.27497933e-03
94.29469 1.24908876e-03
94.62110 1.22374923e-03
94.94864 1.19894885e-03
95.27731 1.17467407e-03
95.60712 1.15091434e-03
95.93807 1.12765702e-03
96.27017 1.10489190e-03
96.60342 1.08260644e-03
96.93782 1.06079147e-03
97.27338 1.03943521e-03
97.61010 1.01852770e-03
97.94798 9.98059527e-04
98.28704 9.78019940e-04
98.62727 9.58400327e-04
98.96867 9.39190635e-04
99.31126 9.20382052e-04
99.65504 9.01965867e-04
100.00000 8.83932921e-04
