        2000  3.000000 2.800000
0.10000 9.34914811e-01
0.10035 9.33359392e-01
0.10069 9.31876251e-01
0.10104 9.30394155e-01
0.10139 9.28987584e-01
0.10174 9.27375381e-01
0.10210 9.25765792e-01
0.10245 9.24357541e-01
0.10280 9.22951829e-01
0.10316 9.21561051e-01
0.10352 9.20323861e-01
0.10387 9.19039445e-01
0.10423 9.17697163e-01
0.10459 9.16163099e-01
0.10496 9.14787925e-01
0.10532 9.13405173e-01
0.10568 9.11920277e-01
0.10605 9.10371691e-01
0.10642 9.08842181e-01
0.10679 9.07294341e-01
0.10716 9.05813365e-01
0.10753 9.04257051e-01
0.10790 9.02645856e-01
0.10827 9.01118139e-01
0.10865 8.99551184e-01
0.10902 8.97899968e-01
0.10940 8.96267531e-01
0.10978 8.94817243e-01
0.11016 8.93351984e-01
0.11054 8.91741797e-01
0.11092 8.90326155e-01
0.11131 8.88958224e-01
0.11169 8.87446485e-01
0.11208 8.85928773e-01
0.11247 8.84436784e-01
0.11286 8.83061723e-01
0.11325 8.81594933e-01
0.11364 8.80129637e-01
0.11403 8.78602443e-01
0.11443 8.77063749e-01
0.11482 8.75766603e-01
0.11522 8.74444181e-01
0.11562 8.72790389e-01
0.11602 8.71562459e-01
0.11642 8.70108624e-01
0.11682 8.68554325e-01
0.11723 8.67123376e-01
0.11763 8.65616155e-01
0.11804 8.64235829e-01
0.11845 8.62687429e-01
0.11886 8.61121184e-01
0.11927 8.59654059e-01
0.11968 8.58181669e-01
0.12010 8.56566965e-01
0.12051 8.54954128e-01
0.12093 8.53420325e-01
0.12135 8.51982880e-01
0.12177 8.50501269e-01
0.12219 8.48920613e-01
0.12262 8.47435195e-01
0.12304 8.46111392e-01
0.12347 8.44767803e-01
0.12389 8.43265733e-01
0.12432 8.41736672e-01
0.12475 8.40395472e-01
0.12518 8.39027131e-01
0.12562 8.37427173e-01
0.12605 8.35920027e-01
0.12649 8.34552805e-01
0.12693 8.33030128e-01
0.12737 8.31550197e-01
0.12781 8.30012176e-01
0.12825 8.28583877e-01
0.12869 8.27206651e-01
0.12914 8.25506043e-01
0.12959 8.24115861e-01
0.13003 8.22567909e-01
0.13048 8.21132331e-01
0.13094 8.19657067e-01
0.13139 8.18089664e-01
0.13184 8.16731813e-01
0.13230 8.15071749e-01
0.13276 8.13581627e-01
0.13322 8.12031509e-01
0.13368 8.10576816e-01
0.13414 8.08982347e-01
0.13461 8.07477253e-01
0.13507 8.05908245e-01
0.13554 8.04523925e-01
0.13601 8.03062437e-01
0.13648 8.01614053e-01
0.13695 8.00269307e-01
0.13743 7.98872928e-01
0.13790 7.97421893e-01
0.13838 7.96089952e-01
0.13886 7.94818416e-01
0.13934 7.93100075e-01
0.13982 7.92072325e-01
0.14031 7.90438693e-01
0.14079 7.89067888e-01
0.14128 7.87750171e-01
0.14177 7.86157045e-01
0.14226 7.84801547e-01
0.14275 7.83193003e-01
0.14324 7.81801365e-01
0.14374 7.80417867e-01
0.14424 7.78821568e-01
0.14474 7.77503776e-01
0.14524 7.76164480e-01
0.14574 7.74431728e-01
0.14625 7.73170459e-01
0.14675 7.71689707e-01
0.14726 7.70104384e-01
0.14777 7.68849237e-01
0.14828 7.67133211e-01
0.14879 7.65641296e-01
0.14931 7.64352400e-01
0.14983 7.62770512e-01
0.15034 7.61243877e-01
0.15087 7.60005195e-01
0.15139 7.58263221e-01
0.15191 7.57062357e-01
0.15244 7.55670571e-01
0.15297 7.53863787e-01
0.15349 7.53010309e-01
0.15403 7.51233056e-01
0.15456 7.49970107e-01
0.15509 7.48691104e-01
0.15563 7.47010581e-01
0.15617 7.45928997e-01
0.15671 7.44091787e-01
0.15725 7.42911829e-01
0.15780 7.41366229e-01
0.15834 7.39856992e-01
0.15889 7.38421003e-01
0.15944 7.36859275e-01
0.15999 7.35548352e-01
0.16055 7.33972512e-01
0.16110 7.32612907e-01
0.16166 7.31133835e-01
0.16222 7.29685115e-01
0.16278 7.28193461e-01
0.16335 7.26789653e-01
0.16391 7.25276197e-01
0.16448 7.23936192e-01
0.16505 7.22396304e-01
0.16562 7.20878293e-01
0.16619 7.19761093e-01
0.16677 7.18008368e-01
0.16734 7.16848197e-01
0.16792 7.15309317e-01
0.16851 7.14007280e-01
0.16909 7.12604741e-01
0.16967 7.11333803e-01
0.17026 7.10044757e-01
0.17085 7.08550043e-01
0.17144 7.07682117e-01
0.17204 7.05961760e-01
0.17263 7.04884880e-01
0.17323 7.03396773e-01
0.17383 7.02217301e-01
0.17443 7.00640416e-01
0.17503 6.99470688e-01
0.17564 6.98070763e-01
0.17625 6.96572875e-01
0.17686 6.95582608e-01
0.17747 6.93833280e-01
0.17808 6.92598592e-01
0.17870 6.91147483e-01
0.17932 6.89964987e-01
0.17994 6.88211589e-01
0.18056 6.87166331e-01
0.18119 6.85623755e-01
0.18182 6.84216512e-01
0.18244 6.82790976e-01
0.18308 6.81282597e-01
0.18371 6.79919184e-01
0.18435 6.78618379e-01
0.18498 6.76876293e-01
0.18562 6.75786384e-01
0.18627 6.74186763e-01
0.18691 6.72861392e-01
0.18756 6.71634581e-01
0.18821 6.70193888e-01
0.18886 6.68789147e-01
0.18951 6.67669109e-01
0.19017 6.66161029e-01
0.19083 6.64848091e-01
0.19149 6.63745152e-01
0.19215 6.62084603e-01
0.19282 6.61086683e-01
0.19348 6.59369573e-01
0.19415 6.58578779e-01
0.19483 6.56484752e-01
0.19550 6.55873829e-01
0.19618 6.54034267e-01
0.19686 6.52909861e-01
0.19754 6.51539317e-01
0.19822 6.49986176e-01
0.19891 6.48946592e-01
0.19960 6.47167435e-01
0.20029 6.46202405e-01
0.20098 6.44477232e-01
0.20168 6.43207413e-01
0.20237 6.42022528e-01
0.20307 6.40005520e-01
0.20378 6.39341696e-01
0.20448 6.37434299e-01
0.20519 6.36266811e-01
0.20590 6.34764965e-01
0.20661 6.33554133e-01
0.20733 6.32165147e-01
0.20805 6.30812149e-01
0.20877 6.29594672e-01
0.20949 6.28142331e-01
0.21021 6.26956213e-01
0.21094 6.25852080e-01
0.21167 6.24226811e-01
0.21240 6.23260251e-01
0.21314 6.21925024e-01
0.21388 6.20387339e-01
0.21462 6.19768315e-01
0.21536 6.17862037e-01
0.21611 6.17150315e-01
0.21685 6.15646117e-01
0.21760 6.14491547e-01
0.21836 6.13263989e-01
0.21911 6.11894005e-01
0.21987 6.11118219e-01
0.22063 6.09408688e-01
0.22140 6.08242768e-01
0.22216 6.07189819e-01
0.22293 6.05670725e-01
0.22370 6.04709691e-01
0.22448 6.02984256e-01
0.22526 6.02185845e-01
0.22604 6.00486693e-01
0.22682 5.99317525e-01
0.22760 5.98281376e-01
0.22839 5.96432517e-01
0.22918 5.95874085e-01
0.22998 5.94058789e-01
0.23077 5.92853819e-01
0.23157 5.92014789e-01
0.23237 5.90061995e-01
0.23318 5.89443680e-01
0.23398 5.88024939e-01
0.23479 5.86405344e-01
0.23561 5.85927851e-01
0.23642 5.83969717e-01
0.23724 5.83053147e-01
0.23806 5.82056533e-01
0.23889 5.80653696e-01
0.23971 5.79673696e-01
0.24054 5.78215083e-01
0.24137 5.77256549e-01
0.24221 5.76106832e-01
0.24305 5.74861691e-01
0.24389 5.73640629e-01
0.24473 5.72620608e-01
0.24558 5.71174763e-01
0.24643 5.70150448e-01
0.24728 5.68794053e-01
0.24814 5.67790197e-01
0.24900 5.66201627e-01
0.24986 5.65326795e-01
0.25073 5.63817707e-01
0.25159 5.62393627e-01
0.25246 5.61591483e-01
0.25334 5.60030389e-01
0.25422 5.58445627e-01
0.25510 5.57961003e-01
0.25598 5.55926261e-01
0.25687 5.54706731e-01
0.25775 5.54120000e-01
0.25865 5.51988528e-01
0.25954 5.51177387e-01
0.26044 5.50218592e-01
0.26134 5.48099067e-01
0.26225 5.47617205e-01
0.26315 5.46219968e-01
0.26406 5.44847781e-01
0.26498 5.43792965e-01
0.26590 5.42947440e-01
0.26682 5.41016149e-01
0.26774 5.40543547e-01
0.26867 5.38966587e-01
0.26960 5.37868165e-01
0.27053 5.36868304e-01
0.27147 5.35742891e-01
0.27241 5.34315376e-01
0.27335 5.33299387e-01
0.27430 5.32261557e-01
0.27525 5.30783008e-01
0.27620 5.29696683e-01
0.27715 5.28731355e-01
0.27811 5.27367829e-01
0.27908 5.26190635e-01
0.28004 5.24837899e-01
0.28101 5.23721931e-01
0.28198 5.22669653e-01
0.28296 5.21169227e-01
0.28394 5.20289243e-01
0.28492 5.19014757e-01
0.28591 5.17457547e-01
0.28690 5.16866485e-01
0.28789 5.15059664e-01
0.28889 5.14319941e-01
0.28989 5.13119115e-01
0.29089 5.11712805e-01
0.29190 5.10753413e-01
0.29291 5.09908075e-01
0.29392 5.08400405e-01
0.29494 5.07411072e-01
0.29596 5.06593957e-01
0.29699 5.05003072e-01
0.29801 5.04486005e-01
0.29905 5.03287083e-01
0.30008 5.02013680e-01
0.30112 5.00990784e-01
0.30216 5.00388000e-01
0.30321 4.98832320e-01
0.30426 4.97738379e-01
0.30531 4.97240837e-01
0.30637 4.95940667e-01
0.30743 4.94854715e-01
0.30849 4.93266480e-01
0.30956 4.93538155e-01
0.31063 4.91338624e-01
0.31171 4.90118608e-01
0.31279 4.89918053e-01
0.31387 4.88459067e-01
0.31496 4.86991045e-01
0.31605 4.86427648e-01
0.31714 4.85273152e-01
0.31824 4.83929824e-01
0.31934 4.82779547e-01
0.32044 4.82064688e-01
0.32155 4.81202661e-01
0.32267 4.79864112e-01
0.32378 4.78252283e-01
0.32490 4.78278640e-01
0.32603 4.76931317e-01
0.32716 4.75010816e-01
0.32829 4.75319376e-01
0.32943 4.73842581e-01
0.33057 4.72775259e-01
0.33171 4.71919056e-01
0.33286 4.70891344e-01
0.33401 4.69942704e-01
0.33517 4.69068768e-01
0.33633 4.67574875e-01
0.33749 4.67216811e-01
0.33866 4.66226469e-01
0.33983 4.64841365e-01
0.34101 4.64022720e-01
0.34219 4.63018341e-01
0.34337 4.62179349e-01
0.34456 4.60873093e-01
0.34576 4.60356101e-01
0.34695 4.58588181e-01
0.34815 4.57497525e-01
0.34936 4.57430997e-01
0.35057 4.56045893e-01
0.35178 4.54498464e-01
0.35300 4.53411429e-01
0.35422 4.53017787e-01
0.35545 4.51890805e-01
0.35668 4.50487707e-01
0.35791 4.49394848e-01
0.35915 4.48813232e-01
0.36039 4.47819419e-01
0.36164 4.46400080e-01
0.36289 4.45153520e-01
0.36415 4.44911077e-01
0.36541 4.44123493e-01
0.36668 4.42375957e-01
0.36795 4.41022400e-01
0.36922 4.41077840e-01
0.37050 4.40176203e-01
0.37178 4.38347019e-01
0.37307 4.37338645e-01
0.37436 4.36623563e-01
0.37565 4.36269195e-01
0.37695 4.34583408e-01
0.37826 4.33471397e-01
0.37957 4.32589248e-01
0.38088 4.32387611e-01
0.38220 4.29753483e-01
0.38352 4.29571184e-01
0.38485 4.28694299e-01
0.38618 4.27931616e-01
0.38752 4.26139691e-01
0.38886 4.25277403e-01
0.39021 4.24189995e-01
0.39156 4.23586165e-01
0.39291 4.22817248e-01
0.39427 4.20781909e-01
0.39564 4.20218363e-01
0.39701 4.19166645e-01
0.39838 4.18807237e-01
0.39976 4.16874192e-01
0.40115 4.16021461e-01
0.40253 4.15789136e-01
0.40393 4.14405936e-01
0.40533 4.12902971e-01
0.40673 4.12472107e-01
0.40814 4.12028437e-01
0.40955 4.10131307e-01
0.41097 4.09243632e-01
0.41239 4.09131781e-01
0.41382 4.07745035e-01
0.41525 4.06179723e-01
0.41669 4.05648171e-01
0.41813 4.05284917e-01
0.41958 4.04282629e-01
0.42103 4.02491003e-01
0.42249 4.01520560e-01
0.42395 4.01016560e-01
0.42542 4.01211029e-01
0.42689 3.98807024e-01
0.42837 3.97665893e-01
0.42985 3.97059339e-01
0.43134 3.96567547e-01
0.43283 3.95539947e-01
0.43433 3.95467147e-01
0.43583 3.92726917e-01
0.43734 3.92143285e-01
0.43886 3.91903344e-01
0.44037 3.91590379e-01
0.44190 3.90615008e-01
0.44343 3.88260544e-01
0.44496 3.87983717e-01
0.44650 3.87353419e-01
0.44805 3.87838304e-01
0.44960 3.85204363e-01
0.45116 3.84796683e-01
0.45272 3.83654059e-01
0.45429 3.83371557e-01
0.45586 3.83000725e-01
0.45744 3.82132651e-01
0.45902 3.79941072e-01
0.46061 3.79210533e-01
0.46220 3.79499195e-01
0.46380 3.79087520e-01
0.46541 3.76900720e-01
0.46702 3.76565243e-01
0.46864 3.75038235e-01
0.47026 3.74753493e-01
0.47189 3.74517397e-01
0.47352 3.73614528e-01
0.47516 3.71968091e-01
0.47680 3.71519344e-01
0.47845 3.69943355e-01
0.48011 3.69442827e-01
0.48177 3.69999765e-01
0.48344 3.68990011e-01
0.48511 3.66213717e-01
0.48679 3.65496021e-01
0.48848 3.66368427e-01
0.49017 3.65551312e-01
0.49186 3.64402267e-01
0.49357 3.63169184e-01
0.49528 3.62047803e-01
0.49699 3.61459093e-01
0.49871 3.60873408e-01
0.50044 3.60262224e-01
0.50217 3.60078507e-01
0.50391 3.58895040e-01
0.50565 3.57223365e-01
0.50740 3.56038928e-01
0.50916 3.55514992e-01
0.51092 3.57090309e-01
0.51269 3.55743995e-01
0.51446 3.52693189e-01
0.51625 3.51290128e-01
0.51803 3.52839125e-01
0.51983 3.52442123e-01
0.52163 3.51111861e-01
0.52343 3.49604155e-01
0.52524 3.48299579e-01
0.52706 3.47737749e-01
0.52889 3.47916203e-01
0.53072 3.46874640e-01
0.53255 3.46551595e-01
0.53440 3.46012987e-01
0.53625 3.44434384e-01
0.53810 3.43196037e-01
0.53997 3.42248779e-01
0.54183 3.41879216e-01
0.54371 3.43097104e-01
0.54559 3.42370971e-01
0.54748 3.39331477e-01
0.54938 3.37683621e-01
0.55128 3.38027461e-01
0.55319 3.38855179e-01
0.55510 3.39182517e-01
0.55702 3.37191941e-01
0.55895 3.34295883e-01
0.56089 3.34303685e-01
0.56283 3.34505621e-01
0.56478 3.34246043e-01
0.56673 3.34096112e-01
0.56869 3.32439520e-01
0.57066 3.31888219e-01
0.57264 3.29695333e-01
0.57462 3.29759509e-01
0.57661 3.29524309e-01
0.57860 3.30888059e-01
0.58061 3.28978869e-01
0.58262 3.26444832e-01
0.58463 3.27004608e-01
0.58666 3.26678763e-01
0.58869 3.25064768e-01
0.59073 3.24240336e-01
0.59277 3.24769947e-01
0.59482 3.25794187e-01
0.59688 3.24628379e-01
0.59895 3.19860352e-01
0.60102 3.19450059e-01
0.60310 3.21639845e-01
0.60519 3.23021179e-01
0.60728 3.21701744e-01
0.60939 3.18181323e-01
0.61150 3.16900864e-01
0.61361 3.18954421e-01
0.61574 3.17926523e-01
0.61787 3.15704891e-01
0.62001 3.15928891e-01
0.62215 3.17731605e-01
0.62431 3.17057851e-01
0.62647 3.13010469e-01
0.62864 3.10880677e-01
0.63081 3.11651424e-01
0.63300 3.14510149e-01
0.63519 3.15970667e-01
0.63739 3.11448181e-01
0.63959 3.07802992e-01
0.64181 3.08546037e-01
0.64403 3.09762283e-01
0.64626 3.11114459e-01
0.64849 3.09411125e-01
0.65074 3.06825232e-01
0.65299 3.06379024e-01
0.65525 3.06928795e-01
0.65752 3.05785499e-01
0.65980 3.04374672e-01
0.66208 3.04288432e-01
0.66437 3.04102699e-01
0.66667 3.04641792e-01
0.66898 3.03645552e-01
0.67130 3.01395995e-01
0.67362 3.00350661e-01
0.67595 3.00082571e-01
0.67829 3.00916859e-01
0.68064 2.99895120e-01
0.68299 2.99711365e-01
0.68536 2.98762352e-01
0.68773 2.97461323e-01
0.69011 2.96177131e-01
0.69250 2.94946288e-01
0.69490 2.94536779e-01
0.69730 2.95547579e-01
0.69972 2.96748667e-01
0.70214 2.95215349e-01
0.70457 2.92598171e-01
0.70701 2.89117323e-01
0.70946 2.89066885e-01
0.71191 2.90929707e-01
0.71438 2.93812101e-01
0.71685 2.92784539e-01
0.71933 2.88787259e-01
0.72182 2.84722256e-01
0.72432 2.83600949e-01
0.72683 2.86074544e-01
0.72934 2.88610000e-01
0.73187 2.88683957e-01
0.73440 2.85746085e-01
0.73694 2.81504981e-01
0.73949 2.79668928e-01
0.74205 2.80711536e-01
0.74462 2.83556672e-01
0.74720 2.84582219e-01
0.74979 2.81474592e-01
0.75238 2.77391707e-01
0.75499 2.75772859e-01
0.75760 2.76121291e-01
0.76022 2.77603461e-01
0.76285 2.79243813e-01
0.76549 2.78409824e-01
0.76814 2.75146107e-01
0.77080 2.71028949e-01
0.77347 2.69706229e-01
0.77615 2.71839419e-01
0.77884 2.74087557e-01
0.78153 2.74251339e-01
0.78424 2.72636933e-01
0.78695 2.69037328e-01
0.78968 2.65666464e-01
0.79241 2.65061627e-01
0.79515 2.65795936e-01
0.79790 2.68347968e-01
0.80067 2.68763525e-01
0.80344 2.67315739e-01
0.80622 2.64551504e-01
0.80901 2.61959040e-01
0.81181 2.59422091e-01
0.81462 2.59256405e-01
0.81744 2.61915472e-01
0.82027 2.62741845e-01
0.82311 2.62033632e-01
0.82596 2.60129856e-01
0.82882 2.58277749e-01
0.83169 2.56283739e-01
0.83457 2.54329003e-01
0.83745 2.53967653e-01
0.84035 2.55174005e-01
0.84326 2.56917024e-01
0.84618 2.56290645e-01
0.84911 2.53371179e-01
0.85205 2.51418981e-01
0.85500 2.50773115e-01
0.85796 2.50145131e-01
0.86093 2.50115600e-01
0.86391 2.49040325e-01
0.86690 2.48886512e-01
0.86990 2.49061755e-01
0.87291 2.48860976e-01
0.87593 2.47802800e-01
0.87897 2.46086624e-01
0.88201 2.43831131e-01
0.88506 2.43018123e-01
0.88813 2.44300485e-01
0.89120 2.44571264e-01
0.89428 2.43430955e-01
0.89738 2.42254357e-01
0.90049 2.42036219e-01
0.90360 2.41537296e-01
0.90673 2.40922939e-01
0.90987 2.38932512e-01
0.91302 2.37482336e-01
0.91618 2.38301728e-01
0.91935 2.40433723e-01
0.92253 2.38025312e-01
0.92573 2.36139867e-01
0.92893 2.34653627e-01
0.93215 2.36420315e-01
0.93537 2.37672475e-01
0.93861 2.36296667e-01
0.94186 2.33184224e-01
0.94512 2.30527771e-01
0.94839 2.32265637e-01
0.95168 2.35435611e-01
0.95497 2.33983269e-01
0.95828 2.31454496e-01
0.96159 2.29704645e-01
0.96492 2.29951083e-01
0.96826 2.30887739e-01
0.97161 2.30712533e-01
0.97498 2.30109264e-01
0.97835 2.28885179e-01
0.98174 2.28408096e-01
0.98514 2.28883872e-01
0.98855 2.28611824e-01
0.99197 2.25932709e-01
0.99540 2.27153659e-01
0.99885 2.26874816e-01
1.00231 2.26838192e-01
1.00578 2.25440656e-01
1.00926 2.26161824e-01
1.01275 2.25847888e-01
1.01626 2.24156053e-01
1.01978 2.22641029e-01
1.02330 2.24570528e-01
1.02685 2.26299733e-01
1.03040 2.25762880e-01
1.03397 2.22536795e-01
1.03755 2.20770779e-01
1.04114 2.19289243e-01
1.04474 2.20534011e-01
1.04836 2.26072373e-01
1.05199 2.28225573e-01
1.05563 2.21367515e-01
1.05928 2.16266437e-01
1.06295 2.17407307e-01
1.06663 2.24269472e-01
1.07032 2.22679259e-01
1.07403 2.18340827e-01
1.07775 2.16751099e-01
1.08148 2.22508160e-01
1.08522 2.21869461e-01
1.08898 2.21007323e-01
1.09275 2.18562437e-01
1.09653 2.16552000e-01
1.10032 2.17712992e-01
1.10413 2.16097131e-01
1.10796 2.16857125e-01
1.11179 2.21612123e-01
1.11564 2.24279403e-01
1.11950 2.19186763e-01
1.12338 2.13826256e-01
1.12726 2.12568085e-01
1.13117 2.15602389e-01
1.13508 2.19563157e-01
1.13901 2.19431557e-01
1.14295 2.16386203e-01
1.14691 2.16352789e-01
1.15088 2.15045488e-01
1.15487 2.16565179e-01
1.15886 2.17055403e-01
1.16287 2.16797803e-01
1.16690 2.15533659e-01
1.17094 2.15900533e-01
1.17499 2.13648325e-01
1.17906 2.11989045e-01
1.18314 2.15374693e-01
1.18724 2.16397851e-01
1.19135 2.18439723e-01
1.19547 2.16755280e-01
1.19961 2.12928725e-01
1.20376 2.10809872e-01
1.20793 2.12254709e-01
1.21211 2.13130475e-01
1.21630 2.19023541e-01
1.22052 2.17266672e-01
1.22474 2.11163568e-01
1.22898 2.06687749e-01
1.23323 2.10959355e-01
1.23750 2.16655936e-01
1.24179 2.20533488e-01
1.24609 2.15822283e-01
1.25040 2.08672949e-01
1.25473 2.06542336e-01
1.25907 2.10811664e-01
1.26343 2.13409168e-01
1.26780 2.10515051e-01
1.27219 2.10885173e-01
1.27659 2.13880800e-01
1.28101 2.16748000e-01
1.28545 2.13396624e-01
1.28990 2.07256224e-01
1.29436 2.06908128e-01
1.29884 2.09844096e-01
1.30334 2.12734965e-01
1.30785 2.13077835e-01
1.31238 2.08722565e-01
1.31692 2.06623013e-01
1.32148 2.07191376e-01
1.32605 2.09803888e-01
1.33064 2.13324907e-01
1.33525 2.13347419e-01
1.33987 2.10701045e-01
1.34451 2.06212459e-01
1.34916 2.04488331e-01
1.35383 2.04498373e-01
1.35852 2.07275488e-01
1.36322 2.08140763e-01
1.36794 2.08919088e-01
1.37268 2.09610613e-01
1.37743 2.10314309e-01
1.38220 2.06774587e-01
1.38698 2.02890576e-01
1.39178 2.02907413e-01
1.39660 2.06808597e-01
1.40144 2.08291216e-01
1.40629 2.06679909e-01
1.41115 2.03336971e-01
1.41604 2.03298219e-01
1.42094 2.03416416e-01
1.42586 2.02623269e-01
1.43080 2.03359408e-01
1.43575 2.05191280e-01
1.44072 2.07218405e-01
1.44571 2.05882395e-01
1.45071 2.02152533e-01
1.45573 1.98919093e-01
1.46077 1.98636741e-01
1.46583 2.00379461e-01
1.47090 2.02420960e-01
1.47599 2.02757408e-01
1.48110 2.02679157e-01
1.48623 2.02560699e-01
1.49137 2.00779899e-01
1.49654 1.96620517e-01
1.50172 1.94686613e-01
1.50692 1.97229797e-01
1.51213 2.00892869e-01
1.51737 2.01287483e-01
1.52262 1.98803211e-01
1.52789 1.96094416e-01
1.53318 1.95531541e-01
1.53849 1.95861157e-01
1.54381 1.95499733e-01
1.54916 1.95073835e-01
1.55452 1.95724256e-01
1.55990 1.97675259e-01
1.56530 1.98402176e-01
1.57072 1.96672635e-01
1.57615 1.92098032e-01
1.58161 1.88558347e-01
1.58709 1.89189840e-01
1.59258 1.92694731e-01
1.59809 1.95139541e-01
1.60362 1.94495877e-01
1.60918 1.91962587e-01
1.61475 1.90070459e-01
1.62034 1.89525653e-01
1.62594 1.89026432e-01
1.63157 1.87793200e-01
1.63722 1.87563264e-01
1.64289 1.89030277e-01
1.64857 1.90783973e-01
1.65428 1.90288149e-01
1.66001 1.87945296e-01
1.66575 1.86049584e-01
1.67152 1.85539611e-01
1.67731 1.85530464e-01
1.68311 1.84848683e-01
1.68894 1.84043403e-01
1.69478 1.84500512e-01
1.70065 1.85847461e-01
1.70654 1.85868816e-01
1.71245 1.83459584e-01
1.71837 1.80137477e-01
1.72432 1.78771264e-01
1.73029 1.79897200e-01
1.73628 1.81701221e-01
1.74229 1.82265813e-01
1.74832 1.81469307e-01
1.75437 1.80341317e-01
1.76045 1.79593307e-01
1.76654 1.79178235e-01
1.77266 1.78237248e-01
1.77879 1.76964219e-01
1.78495 1.76414037e-01
1.79113 1.76790656e-01
1.79733 1.77395493e-01
1.80355 1.77376379e-01
1.80979 1.76615600e-01
1.81606 1.75529013e-01
1.82234 1.74408117e-01
1.82865 1.73020661e-01
1.83498 1.71441013e-01
1.84133 1.70443616e-01
1.84771 1.70674784e-01
1.85410 1.71774587e-01
1.86052 1.72585877e-01
1.86696 1.72126677e-01
1.87342 1.70533701e-01
1.87991 1.68801173e-01
1.88642 1.67718245e-01
1.89295 1.67271589e-01
1.89950 1.67343344e-01
1.90607 1.67915253e-01
1.91267 1.68611445e-01
1.91929 1.68749243e-01
1.92594 1.67958560e-01
1.93260 1.66582715e-01
1.93929 1.65280453e-01
1.94601 1.64270512e-01
1.95274 1.63386645e-01
1.95950 1.62634939e-01
1.96629 1.62316709e-01
1.97309 1.62484672e-01
1.97992 1.62666037e-01
1.98678 1.62331157e-01
1.99365 1.61429221e-01
2.00055 1.60269760e-01
2.00748 1.59065200e-01
2.01443 1.57960880e-01
2.02140 1.57200325e-01
2.02840 1.57024112e-01
2.03542 1.57436720e-01
2.04247 1.58052608e-01
2.04954 1.58271643e-01
2.05663 1.57727659e-01
2.06375 1.56555877e-01
2.07090 1.55222928e-01
2.07806 1.54195179e-01
2.08526 1.53706560e-01
2.09247 1.53724032e-01
2.09972 1.54010155e-01
2.10699 1.54182672e-01
2.11428 1.53859141e-01
2.12160 1.52897248e-01
2.12894 1.51522112e-01
2.13631 1.50167024e-01
2.14371 1.49159808e-01
2.15113 1.48556501e-01
2.15857 1.48236256e-01
2.16605 1.48059184e-01
2.17354 1.47898352e-01
2.18107 1.47602709e-01
2.18862 1.47057568e-01
2.19619 1.46308661e-01
2.20380 1.45549787e-01
2.21143 1.44949205e-01
2.21908 1.44527749e-01
2.22676 1.44213179e-01
2.23447 1.43948784e-01
2.24220 1.43714741e-01
2.24997 1.43486859e-01
2.25775 1.43224965e-01
2.26557 1.42896059e-01
2.27341 1.42482368e-01
2.28128 1.41969259e-01
2.28918 1.41356320e-01
2.29710 1.40689771e-01
2.30505 1.40055291e-01
2.31303 1.39518251e-01
2.32104 1.39075141e-01
2.32908 1.38658464e-01
2.33714 1.38179888e-01
2.34523 1.37578784e-01
2.35335 1.36853621e-01
2.36149 1.36063200e-01
2.36967 1.35299099e-01
2.37787 1.34639792e-01
2.38610 1.34111749e-01
2.39436 1.33682043e-01
2.40265 1.33286235e-01
2.41097 1.32868923e-01
2.41931 1.32408005e-01
2.42769 1.31914347e-01
2.43609 1.31417627e-01
2.44452 1.30953685e-01
2.45298 1.30551829e-01
2.46148 1.30220496e-01
2.47000 1.29939115e-01
2.47855 1.29666955e-01
2.48713 1.29364219e-01
2.49574 1.29010560e-01
2.50438 1.28609451e-01
2.51304 1.28180939e-01
2.52174 1.27747835e-01
2.53047 1.27321115e-01
2.53923 1.26892528e-01
2.54802 1.26438853e-01
2.55684 1.25937989e-01
2.56569 1.25385195e-01
2.57457 1.24797717e-01
2.58349 1.24205051e-01
2.59243 1.23633552e-01
2.60140 1.23094459e-01
2.61041 1.22581312e-01
2.61944 1.22075893e-01
2.62851 1.21559723e-01
2.63761 1.21025595e-01
2.64674 1.20482245e-01
2.65590 1.19949387e-01
2.66510 1.19446529e-01
2.67432 1.18982815e-01
2.68358 1.18554311e-01
2.69287 1.18147721e-01
2.70219 1.17749180e-01
2.71154 1.17351562e-01
2.72093 1.16956623e-01
2.73035 1.16571952e-01
2.73980 1.16204906e-01
2.74928 1.15858460e-01
2.75880 1.15529669e-01
2.76835 1.15211122e-01
2.77793 1.14893770e-01
2.78755 1.14568892e-01
2.79720 1.14229782e-01
2.80688 1.13871975e-01
2.81660 1.13493427e-01
2.82635 1.13094210e-01
2.83613 1.12675886e-01
2.84595 1.12240606e-01
2.85580 1.11789978e-01
2.86569 1.11324681e-01
2.87561 1.10844440e-01
2.88556 1.10349650e-01
2.89555 1.09842145e-01
2.90557 1.09326019e-01
2.91563 1.08806947e-01
2.92572 1.08290937e-01
2.93585 1.07782730e-01
2.94601 1.07284852e-01
2.95621 1.06797850e-01
2.96644 1.06321186e-01
2.97671 1.05854243e-01
2.98702 1.05397574e-01
2.99736 1.04952829e-01
3.00773 1.04522425e-01
3.01814 1.04108618e-01
3.02859 1.03712698e-01
3.03907 1.03334538e-01
3.04960 1.02972781e-01
3.06015 1.02625425e-01
3.07074 1.02290548e-01
3.08137 1.01966797e-01
3.09204 1.01653302e-01
3.10274 1.01349252e-01
3.11348 1.01053266e-01
3.12426 1.00763070e-01
3.13508 1.00475547e-01
3.14593 1.00187170e-01
3.15682 9.98945397e-02
3.16775 9.95948165e-02
3.17871 9.92858309e-02
3.18972 9.89659925e-02
3.20076 9.86341141e-02
3.21184 9.82892699e-02
3.22295 9.79308773e-02
3.23411 9.75587499e-02
3.24531 9.71732048e-02
3.25654 9.67750859e-02
3.26781 9.63656213e-02
3.27912 9.59462971e-02
3.29047 9.55186885e-02
3.30187 9.50844011e-02
3.31330 9.46450624e-02
3.32476 9.42023301e-02
3.33627 9.37579253e-02
3.34782 9.33135803e-02
3.35941 9.28709899e-02
3.37104 9.24317296e-02
3.38271 9.19972480e-02
3.39442 9.15687957e-02
3.40617 9.11475003e-02
3.41796 9.07343733e-02
3.42979 9.03303296e-02
3.44166 8.99361792e-02
3.45358 8.95526128e-02
3.46553 8.91801680e-02
3.47753 8.88192107e-02
3.48957 8.84699163e-02
3.50164 8.81322661e-02
3.51377 8.78060325e-02
3.52593 8.74908048e-02
3.53814 8.71859483e-02
3.55038 8.68906416e-02
3.56267 8.66038656e-02
3.57500 8.63244331e-02
3.58738 8.60509925e-02
3.59980 8.57820581e-02
3.61226 8.55160320e-02
3.62476 8.52512789e-02
3.63731 8.49861376e-02
3.64990 8.47190475e-02
3.66254 8.44485301e-02
3.67521 8.41733163e-02
3.68794 8.38923008e-02
3.70070 8.36046400e-02
3.71351 8.33096917e-02
3.72637 8.30070752e-02
3.73927 8.26966299e-02
3.75221 8.23784229e-02
3.76520 8.20527083e-02
3.77823 8.17199301e-02
3.79131 8.13806523e-02
3.80443 8.10355653e-02
3.81760 8.06854272e-02
3.83082 8.03310592e-02
3.84408 7.99732976e-02
3.85739 7.96130085e-02
3.87074 7.92510507e-02
3.88414 7.88882789e-02
3.89758 7.85255184e-02
3.91107 7.81635904e-02
3.92461 7.78032677e-02
3.93820 7.74453008e-02
3.95183 7.70903952e-02
3.96551 7.67392229e-02
3.97924 7.63923963e-02
3.99301 7.60504939e-02
4.00683 7.57140272e-02
4.02070 7.53834517e-02
4.03462 7.50591744e-02
4.04859 7.47415237e-02
4.06260 7.44307461e-02
4.07667 7.41270544e-02
4.09078 7.38305381e-02
4.10494 7.35412384e-02
4.11915 7.32590917e-02
4.13341 7.29839787e-02
4.14771 7.27156677e-02
4.16207 7.24538528e-02
4.17648 7.21981381e-02
4.19094 7.19480459e-02
4.20545 7.17030235e-02
4.22000 7.14624475e-02
4.23461 7.12256272e-02
4.24927 7.09918272e-02
4.26398 7.07602709e-02
4.27874 7.05301595e-02
4.29355 7.03006864e-02
4.30841 7.00710677e-02
4.32332 6.98405307e-02
4.33829 6.96083435e-02
4.35331 6.93738453e-02
4.36838 6.91364389e-02
4.38350 6.88955867e-02
4.39867 6.86508629e-02
4.41390 6.84019093e-02
4.42918 6.81484683e-02
4.44451 6.78903867e-02
4.45990 6.76275675e-02
4.47533 6.73600293e-02
4.49083 6.70878619e-02
4.50637 6.68112144e-02
4.52197 6.65303259e-02
4.53762 6.62454688e-02
4.55333 6.59569829e-02
4.56909 6.56652603e-02
4.58491 6.53707189e-02
4.60078 6.50737995e-02
4.61670 6.47749797e-02
4.63269 6.44747600e-02
4.64872 6.41736443e-02
4.66481 6.38721403e-02
4.68096 6.35707707e-02
4.69717 6.32700507e-02
4.71343 6.29704880e-02
4.72974 6.26725680e-02
4.74611 6.23767797e-02
4.76254 6.20835936e-02
4.77903 6.17934389e-02
4.79557 6.15067376e-02
4.81217 6.12238779e-02
4.82883 6.09452181e-02
4.84555 6.06710832e-02
4.86232 6.04017605e-02
4.87915 6.01375003e-02
4.89604 5.98785115e-02
4.91299 5.96249621e-02
4.92999 5.93769792e-02
4.94706 5.91346411e-02
4.96418 5.88979739e-02
4.98137 5.86669701e-02
4.99861 5.84415701e-02
5.01591 5.82216619e-02
5.03328 5.80070997e-02
5.05070 5.77976747e-02
5.06818 5.75931515e-02
5.08573 5.73932576e-02
5.10333 5.71976533e-02
5.12100 5.70059989e-02
5.13873 5.68179024e-02
5.15651 5.66329568e-02
5.17436 5.64507216e-02
5.19228 5.62707451e-02
5.21025 5.60925717e-02
5.22828 5.59157237e-02
5.24638 5.57397381e-02
5.26454 5.55641520e-02
5.28277 5.53885061e-02
5.30105 5.52123600e-02
5.31940 5.50352992e-02
5.33782 5.48569317e-02
5.35629 5.46768992e-02
5.37484 5.44948581e-02
5.39344 5.43105211e-02
5.41211 5.41236192e-02
5.43084 5.39339435e-02
5.44965 5.37413109e-02
5.46851 5.35455835e-02
5.48744 5.33466603e-02
5.50643 5.31444816e-02
5.52550 5.29390363e-02
5.54462 5.27303317e-02
5.56381 5.25184315e-02
5.58308 5.23034139e-02
5.60240 5.20854059e-02
5.62179 5.18645531e-02
5.64125 5.16410235e-02
5.66078 5.14150224e-02
5.68038 5.11867589e-02
5.70004 5.09564757e-02
5.71977 5.07244229e-02
5.73957 5.04908619e-02
5.75944 5.02560688e-02
5.77938 5.00203237e-02
5.79938 4.97839141e-02
5.81946 4.95471312e-02
5.83960 4.93102699e-02
5.85982 4.90736027e-02
5.88010 4.88374245e-02
5.90045 4.86020192e-02
5.92088 4.83676480e-02
5.94137 4.81345909e-02
5.96194 4.79030944e-02
5.98258 4.76733973e-02
6.00329 4.74457312e-02
6.02407 4.72203163e-02
6.04492 4.69973579e-02
6.06585 4.67770352e-02
6.08684 4.65595275e-02
6.10791 4.63449728e-02
6.12906 4.61335243e-02
6.15027 4.59252939e-02
6.17156 4.57203787e-02
6.19293 4.55188571e-02
6.21436 4.53208000e-02
6.23588 4.51262485e-02
6.25746 4.49352139e-02
6.27912 4.47477221e-02
6.30086 4.45637472e-02
6.32267 4.43832667e-02
6.34455 4.42062208e-02
6.36652 4.40325573e-02
6.38856 4.38621904e-02
6.41067 4.36950155e-02
6.43286 4.35309317e-02
6.45513 4.33697973e-02
6.47747 4.32114928e-02
6.49990 4.30558501e-02
6.52240 4.29027163e-02
6.54497 4.27519120e-02
6.56763 4.26032693e-02
6.59037 4.24565941e-02
6.61318 4.23116997e-02
6.63607 4.21683845e-02
6.65904 4.20264544e-02
6.68209 4.18857152e-02
6.70522 4.19204688e-02
6.72843 4.25476053e-02
6.75172 4.32031040e-02
6.77510 4.38596853e-02
6.79855 4.45633067e-02
6.82208 4.52197051e-02
6.84570 4.59187717e-02
6.86939 4.66586475e-02
6.89317 4.73709227e-02
6.91704 4.81118624e-02
6.94098 4.88843787e-02
6.96500 4.96452096e-02
6.98911 5.04216421e-02
7.01331 5.12265675e-02
7.03759 5.20495733e-02
7.06195 5.28832827e-02
7.08639 5.37419755e-02
7.11092 5.46292731e-02
7.13554 5.55144800e-02
7.16024 5.64599952e-02
7.18502 5.73893936e-02
7.20990 5.83412256e-02
7.23485 5.93622400e-02
7.25990 6.03895003e-02
7.28503 6.14708117e-02
7.31025 6.25873995e-02
7.33555 6.37171771e-02
7.36094 6.48973024e-02
7.38642 6.61297541e-02
7.41199 6.74089696e-02
7.43765 6.87031707e-02
7.46340 7.01027040e-02
7.48923 7.15090693e-02
7.51516 7.29913147e-02
7.54117 7.45269541e-02
7.56727 7.61464032e-02
7.59347 7.78318091e-02
7.61975 7.95713744e-02
7.64613 8.14031941e-02
7.67260 8.33040171e-02
7.69916 8.53072752e-02
7.72581 8.73776848e-02
7.75255 8.95670645e-02
7.77939 9.18331717e-02
7.80632 9.42187381e-02
7.83334 9.67318763e-02
7.86046 9.93642309e-02
7.88767 1.02128656e-01
7.91497 1.05025801e-01
7.94237 1.08096121e-01
7.96986 1.11323785e-01
7.99745 1.14759915e-01
8.02513 1.18405209e-01
8.05291 1.22278983e-01
8.08079 1.26387789e-01
8.10876 1.30800708e-01
8.13683 1.35538204e-01
8.16500 1.40659867e-01
8.19326 1.46175587e-01
8.22162 1.52202512e-01
8.25008 1.58780907e-01
8.27864 1.66027605e-01
8.30730 1.74045387e-01
8.33605 1.83017819e-01
8.36491 1.93110811e-01
8.39386 2.04598501e-01
8.42292 2.17807221e-01
8.45208 2.33212187e-01
8.48133 2.51480992e-01
8.51069 2.73603269e-01
8.54016 3.01085605e-01
8.56972 3.36464016e-01
8.59938 3.83936187e-01
8.62915 4.50859995e-01
8.65902 5.48005099e-01
8.68899 6.77685307e-01
8.71907 8.00891467e-01
8.74925 8.67163995e-01
8.77954 9.34831072e-01
8.80993 1.06309922e+00
8.84043 1.21676065e+00
8.87103 1.33474025e+00
8.90174 1.33319909e+00
8.93255 1.22222949e+00
8.96347 1.11550977e+00
8.99450 1.05886868e+00
9.02563 1.03707053e+00
9.05688 1.03075743e+00
9.08823 1.04387871e+00
9.11969 1.08212709e+00
9.15126 1.13391831e+00
9.18294 1.18756295e+00
9.21472 1.23246379e+00
9.24662 1.25999944e+00
9.27863 1.26984032e+00
9.31075 1.27999069e+00
9.34298 1.30835794e+00
9.37532 1.33793124e+00
9.40777 1.35944547e+00
9.44034 1.39903953e+00
9.47302 1.47525892e+00
9.50581 1.55813280e+00
9.53871 1.62109883e+00
9.57173 1.66699904e+00
9.60487 1.68947520e+00
9.63811 1.71041285e+00
9.67148 1.70937499e+00
9.70495 1.67036464e+00
9.73855 1.65302368e+00
9.77226 1.67768085e+00
9.80609 1.71854629e+00
9.84003 1.75839963e+00
9.87409 1.79016133e+00
9.90827 1.80558336e+00
9.94257 1.79693285e+00
9.97699 1.72121152e+00
10.01153 1.61090048e+00
10.04618 1.51757499e+00
10.08096 1.45385333e+00
10.11585 1.42503200e+00
10.15087 1.43214254e+00
10.18601 1.48327555e+00
10.22127 1.56237054e+00
10.25665 1.62371141e+00
10.29215 1.61303038e+00
10.32778 1.56164449e+00
10.36353 1.52725070e+00
10.39941 1.50023627e+00
10.43540 1.47205427e+00
10.47153 1.44758914e+00
10.50777 1.43443978e+00
10.54415 1.43671267e+00
10.58065 1.45585593e+00
10.61727 1.48955259e+00
10.65403 1.52943989e+00
10.69091 1.57320427e+00
10.72791 1.61717920e+00
10.76505 1.66850880e+00
10.80231 1.73211024e+00
10.83971 1.79567136e+00
10.87723 1.83760117e+00
10.91488 1.86162555e+00
10.95266 1.87809739e+00
10.99058 1.88401547e+00
11.02862 1.86450619e+00
11.06680 1.80869883e+00
11.10511 1.72684475e+00
11.14355 1.64212518e+00
11.18212 1.57981036e+00
11.22083 1.55434854e+00
11.25967 1.56154066e+00
11.29865 1.58702951e+00
11.33776 1.62113000e+00
11.37701 1.65301957e+00
11.41639 1.65954985e+00
11.45591 1.62494584e+00
11.49556 1.55754118e+00
11.53536 1.47413597e+00
11.57529 1.38590439e+00
11.61536 1.29841895e+00
11.65556 1.21664036e+00
11.69591 1.14565935e+00
11.73640 1.08508953e+00
11.77702 1.03131870e+00
11.81779 9.84457451e-01
11.85870 9.47068341e-01
11.89975 9.19509621e-01
11.94094 8.96404544e-01
11.98227 8.65373861e-01
12.02375 8.28416064e-01
12.06537 8.01882891e-01
12.10714 7.91242405e-01
12.14905 7.86653093e-01
12.19110 7.71437744e-01
12.23330 7.36031781e-01
12.27565 6.85717835e-01
12.31814 6.31941781e-01
12.36078 5.82740480e-01
12.40357 5.41363387e-01
12.44651 5.07645451e-01
12.48959 4.80507515e-01
12.53283 4.58583141e-01
12.57621 4.40636523e-01
12.61974 4.25668283e-01
12.66343 4.12792016e-01
12.70726 4.01409419e-01
12.75125 3.90969040e-01
12.79539 3.81179381e-01
12.83968 3.71811813e-01
12.88413 3.62917557e-01
12.92873 3.54501019e-01
12.97348 3.46814645e-01
13.01839 3.40175584e-01
13.06345 3.34987669e-01
13.10867 3.31780064e-01
13.15405 3.31449701e-01
13.19959 3.35359696e-01
13.24528 3.46097323e-01
13.29113 3.68714005e-01
13.33713 4.13269808e-01
13.38330 4.90806251e-01
13.42963 5.63902827e-01
13.47612 5.44068485e-01
13.52277 4.90936432e-01
13.56958 4.79650117e-01
13.61655 5.16090512e-01
13.66368 5.94478267e-01
13.71098 7.06248069e-01
13.75844 8.14048555e-01
13.80607 8.65692240e-01
13.85386 8.46704021e-01
13.90182 7.75496512e-01
13.94994 6.85340656e-01
13.99823 6.05963493e-01
14.04668 5.46756149e-01
14.09531 5.11589307e-01
14.14410 5.01054885e-01
14.19306 5.14912683e-01
14.24219 5.52371643e-01
14.29149 6.09526997e-01
14.34096 6.77826203e-01
14.39060 7.45536325e-01
14.44042 7.91804347e-01
14.49041 7.96956533e-01
14.54057 7.57909488e-01
14.59090 6.88841664e-01
14.64141 6.12813115e-01
14.69209 5.57133547e-01
14.74295 5.43627317e-01
14.79398 5.22844187e-01
14.84519 4.62982128e-01
14.89658 4.40803253e-01
14.94814 4.44512544e-01
14.99989 4.66201307e-01
15.05181 5.04356981e-01
15.10392 5.60196971e-01
15.15620 6.34616005e-01
15.20866 7.25658752e-01
15.26131 8.25631035e-01
15.31414 9.21245173e-01
15.36715 9.98602565e-01
15.42034 1.05463807e+00
15.47372 1.09057805e+00
15.52729 1.09924939e+00
15.58103 1.07803099e+00
15.63497 1.03652942e+00
15.68909 9.80570677e-01
15.74340 9.09187216e-01
15.79790 8.26450464e-01
15.85258 7.41507685e-01
15.90746 6.65266597e-01
15.96252 6.05329349e-01
16.01778 5.64645125e-01
16.07323 5.43198171e-01
16.12886 5.39706384e-01
16.18470 5.52978757e-01
16.24072 5.78085163e-01
16.29694 6.04870597e-01
16.35335 6.19470357e-01
16.40996 6.13478171e-01
16.46677 5.90143717e-01
16.52377 5.60579227e-01
16.58097 5.36055893e-01
16.63836 5.23096224e-01
16.69596 5.23341915e-01
16.75375 5.36183760e-01
16.81175 5.61066501e-01
16.86994 5.97515744e-01
16.92834 6.45230656e-01
16.98694 7.04168043e-01
17.04574 7.73892336e-01
17.10474 8.52623072e-01
17.16395 9.38804347e-01
17.22337 1.03197285e+00
17.28299 1.12771482e+00
17.34281 1.21277509e+00
17.40285 1.27649782e+00
17.46309 1.33119997e+00
17.52354 1.40698395e+00
17.58420 1.52676713e+00
17.64507 1.68787774e+00
17.70615 1.84841515e+00
17.76744 1.94578720e+00
17.82894 1.95636448e+00
17.89066 1.92580080e+00
17.95259 1.91929995e+00
18.01473 1.93749360e+00
18.07709 1.95723024e+00
18.13967 1.96671179e+00
18.20246 1.97099653e+00
18.26547 1.96196597e+00
18.32870 1.91443243e+00
18.39214 1.83351989e+00
18.45581 1.76402651e+00
18.51969 1.72909893e+00
18.58380 1.70087419e+00
18.64813 1.66319141e+00
18.71268 1.63545835e+00
18.77746 1.62816252e+00
18.84246 1.63754427e+00
18.90768 1.66308733e+00
18.97313 1.70381269e+00
19.03881 1.75767685e+00
19.10472 1.81663141e+00
19.17085 1.85721797e+00
19.23721 1.85193941e+00
19.30380 1.79004672e+00
19.37062 1.69050187e+00
19.43768 1.58707659e+00
19.50496 1.50237916e+00
19.57248 1.44236303e+00
19.64023 1.40567250e+00
19.70822 1.38826240e+00
19.77644 1.38756173e+00
19.84490 1.40223078e+00
19.91359 1.43078604e+00
19.98252 1.46306828e+00
20.05169 1.48194753e+00
20.12110 1.48074349e+00
20.19076 1.46926356e+00
20.26065 1.45795686e+00
20.33078 1.45348847e+00
20.40116 1.45928586e+00
20.47178 1.47338382e+00
20.54264 1.48817178e+00
20.61375 1.49625302e+00
20.68511 1.50286898e+00
20.75671 1.51732791e+00
20.82856 1.53828823e+00
20.90066 1.55607943e+00
20.97301 1.56404879e+00
21.04561 1.57092488e+00
21.11846 1.59049707e+00
21.19157 1.62858259e+00
21.26492 1.68600921e+00
21.33853 1.75206513e+00
21.41240 1.81452973e+00
21.48652 1.86353298e+00
21.56090 1.89138454e+00
21.63553 1.89461664e+00
21.71043 1.88077101e+00
21.78558 1.86764107e+00
21.86099 1.87487365e+00
21.93666 1.91041499e+00
22.01260 1.97814699e+00
22.08880 2.06931051e+00
22.16526 2.17235275e+00
22.24199 2.27448032e+00
22.31898 2.35713856e+00
22.39624 2.40309552e+00
22.47377 2.39649648e+00
22.55156 2.33931563e+00
22.62962 2.24890400e+00
22.70796 2.14051077e+00
22.78656 2.04060192e+00
22.86544 1.97315552e+00
22.94459 1.92520347e+00
23.02402 1.87351681e+00
23.10372 1.79043611e+00
23.18369 1.67107293e+00
23.26394 1.53530302e+00
23.34447 1.41126085e+00
23.42528 1.32288550e+00
23.50637 1.28055820e+00
23.58774 1.27295116e+00
23.66939 1.29355938e+00
23.75133 1.32937142e+00
23.83354 1.37344383e+00
23.91604 1.41909772e+00
23.99883 1.46525430e+00
24.08191 1.51335434e+00
24.16527 1.56595914e+00
24.24892 1.62247396e+00
24.33286 1.67440258e+00
24.41709 1.70904171e+00
24.50161 1.71135937e+00
24.58642 1.67726798e+00
24.67153 1.61863561e+00
24.75693 1.55427556e+00
24.84263 1.50168689e+00
24.92863 1.46646334e+00
25.01492 1.45119046e+00
25.10151 1.45022905e+00
25.18840 1.45704436e+00
25.27559 1.46959079e+00
25.36309 1.48742063e+00
25.45088 1.51160934e+00
25.53898 1.53877677e+00
25.62739 1.56127526e+00
25.71610 1.56807862e+00
25.80512 1.54980332e+00
25.89444 1.50304855e+00
25.98408 1.43791424e+00
26.07403 1.37241433e+00
26.16428 1.32072651e+00
26.25485 1.29557475e+00
26.34574 1.30293539e+00
26.43694 1.33651134e+00
26.52845 1.38213951e+00
26.62028 1.40878061e+00
26.71243 1.40488809e+00
26.80489 1.38633563e+00
26.89768 1.37742479e+00
26.99079 1.38310081e+00
27.08422 1.39645274e+00
27.17798 1.41171740e+00
27.27205 1.42845297e+00
27.36646 1.45143764e+00
27.46119 1.48758695e+00
27.55625 1.54454832e+00
27.65164 1.62529819e+00
27.74736 1.72445175e+00
27.84341 1.83398761e+00
27.93979 1.94320844e+00
28.03650 2.04093814e+00
28.13355 2.11860675e+00
28.23094 2.17240001e+00
28.32867 2.20190798e+00
28.42673 2.20880811e+00
28.52513 2.19645671e+00
28.62387 2.16938169e+00
28.72295 2.13279367e+00
28.82238 2.09220678e+00
28.92215 2.05337619e+00
29.02227 2.02043221e+00
29.12273 1.99522027e+00
29.22354 1.97770978e+00
29.32470 1.96603658e+00
29.42621 1.95382831e+00
29.52807 1.92945263e+00
29.63029 1.88368600e+00
29.73286 1.81643847e+00
29.83578 1.73587348e+00
29.93906 1.65062516e+00
30.04269 1.56310799e+00
30.14669 1.46968550e+00
30.25104 1.36990370e+00
30.35576 1.26956514e+00
30.46084 1.17752701e+00
30.56628 1.10010574e+00
30.67209 1.03951505e+00
30.77826 9.95890261e-01
30.88481 9.66746704e-01
30.99172 9.48981563e-01
31.09900 9.40523621e-01
31.20665 9.40025483e-01
31.31467 9.45814987e-01
31.42307 9.53833813e-01
31.53184 9.57759077e-01
31.64099 9.53371739e-01
31.75052 9.42456667e-01
31.86043 9.31620219e-01
31.97072 9.27620549e-01
32.08139 9.34507840e-01
32.19244 9.51763120e-01
32.30388 9.73110805e-01
32.41570 9.87829285e-01
32.52791 9.86442987e-01
32.64051 9.68249520e-01
32.75349 9.42036293e-01
32.86687 9.18142363e-01
32.98064 9.01031152e-01
33.09481 8.88204389e-01
33.20937 8.73380443e-01
33.32433 8.51012923e-01
33.43968 8.20583232e-01
33.55544 7.87424400e-01
33.67159 7.58618821e-01
33.78815 7.39130859e-01
33.90511 7.29505019e-01
34.02247 7.27997461e-01
34.14024 7.31735237e-01
34.25842 7.38422085e-01
34.37701 7.46888539e-01
34.49601 7.56755515e-01
34.61542 7.67551083e-01
34.73525 7.77945131e-01
34.85549 7.85528016e-01
34.97614 7.87032064e-01
35.09721 7.79279797e-01
35.21871 7.61014576e-01
35.34062 7.34566933e-01
35.46295 7.05528880e-01
35.58571 6.80724464e-01
35.70889 6.65611408e-01
35.83250 6.63880672e-01
35.95654 6.76914709e-01
36.08101 7.04481008e-01
36.20590 7.44376304e-01
36.33123 7.91652923e-01
36.45700 8.38073712e-01
36.58320 8.73776490e-01
36.70983 8.90535897e-01
36.83691 8.84573028e-01
36.96442 8.57405752e-01
37.09238 8.14856833e-01
37.22077 7.64581705e-01
37.34962 7.12630457e-01
37.47890 6.60826835e-01
37.60864 6.07116910e-01
37.73883 5.49359559e-01
37.86946 4.89800073e-01
38.00055 4.33038346e-01
38.13209 3.82470252e-01
38.26409 3.39671401e-01
38.39654 3.04546786e-01
38.52946 2.76178840e-01
38.66283 2.53434436e-01
38.79667 2.35273965e-01
38.93096 2.20841600e-01
39.06573 2.09477356e-01
39.20096 2.00861793e-01
39.33665 1.94422170e-01
39.47282 1.89844058e-01
39.60946 1.86966860e-01
39.74657 1.85700159e-01
39.88416 1.86012561e-01
40.02222 1.87925177e-01
40.16076 1.91525167e-01
40.29978 1.97317389e-01
40.43928 2.05297561e-01
40.57926 2.15816582e-01
40.71973 2.29323442e-01
40.86069 2.46355017e-01
41.00213 2.67506165e-01
41.14406 2.93733963e-01
41.28648 3.25885187e-01
41.42940 3.62285650e-01
41.57281 4.00598453e-01
41.71672 4.37604500e-01
41.86113 4.70183668e-01
42.00603 4.96373091e-01
42.15144 5.22578777e-01
42.29735 5.58714890e-01
42.44377 6.05257998e-01
42.59069 6.50932527e-01
42.73812 6.77313855e-01
42.88606 6.83003851e-01
43.03451 7.09616880e-01
43.18348 7.60533088e-01
43.33297 8.35112245e-01
43.48297 9.28303525e-01
43.63349 1.03878010e+00
43.78453 1.10542772e+00
43.93609 1.11005619e+00
44.08818 1.06585689e+00
44.24079 1.01724773e+00
44.39394 9.70704037e-01
44.54761 9.18716699e-01
44.70182 8.61955502e-01
44.85655 8.02382519e-01
45.01183 7.41473383e-01
45.16764 6.83499742e-01
45.32399 6.32545469e-01
45.48089 5.90446375e-01
45.63832 5.58087712e-01
45.79630 5.35374877e-01
45.95483 5.18956409e-01
46.11391 5.04955356e-01
46.27353 4.88049763e-01
46.43371 4.64230558e-01
46.59445 4.32687745e-01
46.75574 3.94773318e-01
46.91759 3.55696167e-01
47.08000 3.19335550e-01
47.24297 2.86459152e-01
47.40650 2.58105990e-01
47.57060 2.36100562e-01
47.73527 2.18425398e-01
47.90051 2.04332535e-01
48.06633 1.93748367e-01
48.23271 1.87214709e-01
48.39967 1.83161059e-01
48.56721 1.81435849e-01
48.73533 1.82744703e-01
48.90403 1.86393771e-01
49.07332 1.91645451e-01
49.24319 1.98461812e-01
49.41365 2.05969505e-01
49.58470 2.12623387e-01
49.75634 2.18024240e-01
49.92858 2.19016007e-01
50.10141 2.16272941e-01
50.27484 2.10322810e-01
50.44887 1.99750051e-01
50.62350 1.87286030e-01
50.79874 1.73994419e-01
50.97458 1.60618132e-01
51.15104 1.48771381e-01
51.32810 1.38402148e-01
51.50578 1.30674705e-01
51.68407 1.27290423e-01
51.86298 1.28043742e-01
52.04250 1.36226194e-01
52.22265 1.56116737e-01
52.40343 1.73323367e-01
52.58482 1.74667117e-01
52.76685 1.49135370e-01
52.94951 1.17929974e-01
53.13280 9.54647568e-02
53.31672 8.05786352e-02
53.50128 6.99213536e-02
53.68648 6.36344688e-02
53.87232 5.88072837e-02
54.05880 5.50670512e-02
54.24593 5.28766373e-02
54.43371 5.13556549e-02
54.62214 5.06304811e-02
54.81122 5.17107621e-02
55.00095 5.43227141e-02
55.19134 6.00284571e-02
55.38239 7.41852384e-02
55.57410 9.41328715e-02
55.76647 1.31174146e-01
55.95951 1.37694797e-01
56.15322 1.16129194e-01
56.34760 8.61674053e-02
56.54265 5.90847376e-02
56.73838 4.71925552e-02
56.93479 3.92664309e-02
57.13187 3.41292859e-02
57.32964 3.12519312e-02
57.52809 2.87877931e-02
57.72723 2.70472522e-02
57.92705 2.56160583e-02
58.12757 2.43776751e-02
58.32879 2.34067691e-02
58.53070 2.24984741e-02
58.73331 2.17225348e-02
58.93662 2.10135550e-02
59.14063 2.03585327e-02
59.34535 1.97768663e-02
59.55078 1.92177567e-02
59.75692 1.87129182e-02
59.96377 1.82290319e-02
60.17134 1.77790361e-02
60.37963 1.73410265e-02
60.58864 1.69147601e-02
60.79837 1.64999031e-02
61.00883 1.60961185e-02
61.22002 1.57030873e-02
61.43194 1.53204964e-02
61.64459 1.49480471e-02
61.85797 1.45854404e-02
62.07210 1.42323978e-02
62.28697 1.38886477e-02
62.50258 1.35539186e-02
62.71894 1.32279553e-02
62.93605 1.29105062e-02
63.15390 1.26013343e-02
63.37252 1.23002040e-02
63.59189 1.20068831e-02
63.81201 1.17211550e-02
64.03290 1.14428048e-02
64.25456 1.11716263e-02
64.47698 1.09074183e-02
64.70017 1.06499878e-02
64.92414 1.03991425e-02
65.14888 1.01546991e-02
65.37440 9.91648635e-03
65.60070 9.68432192e-03
65.82778 9.45804533e-03
66.05565 9.23749419e-03
66.28430 9.02250944e-03
66.51375 8.81294251e-03
66.74400 8.60863733e-03
66.97504 8.40945355e-03
67.20688 8.21525637e-03
67.43952 8.02590432e-03
67.67297 7.84126933e-03
67.90722 7.66122336e-03
68.14229 7.48564021e-03
68.37817 7.31440528e-03
68.61486 7.14739461e-03
68.85238 6.98449808e-03
69.09072 6.82560928e-03
69.32988 6.67061659e-03
69.56987 6.51941771e-03
69.81069 6.37191259e-03
70.05235 6.22800229e-03
70.29484 6.08759237e-03
70.53817 5.95059061e-03
70.78235 5.81690704e-03
71.02737 5.68645429e-03
71.27323 5.55914875e-03
71.51995 5.43490677e-03
71.76752 5.31364960e-03
72.01595 5.19529883e-03
72.26524 5.07977904e-03
72.51539 4.96701744e-03
72.76641 4.85694197e-03
73.01830 4.74948395e-03
73.27106 4.64457541e-03
73.52469 4.54215141e-03
73.77920 4.44214811e-03
74.03460 4.34450352e-03
74.29087 4.24915755e-03
74.54804 4.15605157e-03
74.80609 4.06512885e-03
75.06504 3.97633376e-03
75.32488 3.88961291e-03
75.58563 3.80491365e-03
75.84727 3.72218485e-03
76.10982 3.64137760e-03
76.37328 3.56244261e-03
76.63766 3.48533472e-03
76.90295 3.41000651e-03
77.16915 3.33641504e-03
77.43628 3.26451627e-03
77.70433 3.19426837e-03
77.97331 3.12563067e-03
78.24322 3.05856357e-03
78.51407 2.99302715e-03
78.78585 2.92898555e-03
79.05857 2.86640069e-03
79.33224 2.80523712e-03
79.60686 2.74546085e-03
79.88242 2.68703717e-03
80.15894 2.62993323e-03
80.43642 2.57411728e-03
80.71486 2.51955797e-03
80.99426 2.46622469e-03
81.27463 2.41408795e-03
81.55596 2.36311936e-03
81.83828 2.31329000e-03
82.12157 2.26457314e-03
82.40584 2.21694155e-03
82.69109 2.17036979e-03
82.97733 2.12483275e-03
83.26457 2.08030495e-03
83.55279 2.03676319e-03
83.84202 1.99418345e-03
84.13225 1.95254319e-03
84.42348 1.91182021e-03
84.71572 1.87199339e-03
85.00897 1.83304076e-03
85.30323 1.79494213e-03
85.59852 1.75767805e-03
85.89482 1.72122776e-03
86.19215 1.68557308e-03
86.49052 1.65069572e-03
86.78991 1.61657720e-03
87.09034 1.58319933e-03
87.39181 1.55054566e-03
87.69432 1.51859960e-03
87.99789 1.48734395e-03
88.30250 1.45676354e-03
88.60816 1.42684270e-03
88.91489 1.39756594e-03
89.22267 1.36891888e-03
89.53153 1.34088659e-03
89.84145 1.31345577e-03
90.15244 1.28661198e-03
90.46451 1.26034238e-03
90.77766 1.23463364e-03
91.09190 1.20947299e-03
91.40722 1.18484822e-03
91.72363 1.16074694e-03
92.04114 1.13715769e-03
92.35975 1.11406870e-03
92.67946 1.09146867e-03
93.00028 1.06934681e-03
93.32221 1.04769213e-03
93.64525 1.02649456e-03
93.96941 1.00574372e-03
94.29469 9.85429648e-04
94.62110 9.65542405e-04
94.94864 9.46072811e-04
95.27731 9.27011157e-04
95.60712 9.08348859e-04
95.93807 8.90077029e-04
96.27017 8.72187157e-04
96.60342 8.54670171e-04
96.93782 8.37518603e-04
97.27338 8.20724091e-04
97.61010 8.04278608e-04
97.94798 7.88174949e-04
98.28704 7.72405125e-04
98.62727 7.56962453e-04
98.96867 7.41839429e-04
99.31126 7.27028923e-04
99.65504 7.12524661e-04
100.00000 6.98319701e-04
