        2000  5.000000 2.800000
0.10000 1.10934115e+00
0.10035 1.10835897e+00
0.10069 1.10732353e+00
0.10104 1.10624659e+00
0.10139 1.10522633e+00
0.10174 1.10416668e+00
0.10210 1.10302198e+00
0.10245 1.10190478e+00
0.10280 1.10082317e+00
0.10316 1.09977442e+00
0.10352 1.09868572e+00
0.10387 1.09752888e+00
0.10423 1.09634436e+00
0.10459 1.09515498e+00
0.10496 1.09410044e+00
0.10532 1.09305012e+00
0.10568 1.09199440e+00
0.10605 1.09093345e+00
0.10642 1.08981668e+00
0.10679 1.08869793e+00
0.10716 1.08760823e+00
0.10753 1.08654660e+00
0.10790 1.08540164e+00
0.10827 1.08424095e+00
0.10865 1.08305892e+00
0.10902 1.08187259e+00
0.10940 1.08076316e+00
0.10978 1.07964105e+00
0.11016 1.07847637e+00
0.11054 1.07734138e+00
0.11092 1.07619400e+00
0.11131 1.07501862e+00
0.11169 1.07385413e+00
0.11208 1.07269288e+00
0.11247 1.07157207e+00
0.11286 1.07048729e+00
0.11325 1.06940151e+00
0.11364 1.06831903e+00
0.11403 1.06717028e+00
0.11443 1.06593916e+00
0.11482 1.06470268e+00
0.11522 1.06349588e+00
0.11562 1.06231589e+00
0.11602 1.06113068e+00
0.11642 1.05994591e+00
0.11682 1.05875492e+00
0.11723 1.05754090e+00
0.11763 1.05635420e+00
0.11804 1.05520165e+00
0.11845 1.05405907e+00
0.11886 1.05288232e+00
0.11927 1.05170196e+00
0.11968 1.05049292e+00
0.12010 1.04928930e+00
0.12051 1.04815505e+00
0.12093 1.04700655e+00
0.12135 1.04580803e+00
0.12177 1.04456178e+00
0.12219 1.04326034e+00
0.12262 1.04199897e+00
0.12304 1.04078501e+00
0.12347 1.03959682e+00
0.12389 1.03840159e+00
0.12432 1.03724619e+00
0.12475 1.03603808e+00
0.12518 1.03472998e+00
0.12562 1.03342867e+00
0.12605 1.03217315e+00
0.12649 1.03099217e+00
0.12693 1.02981219e+00
0.12737 1.02866643e+00
0.12781 1.02752017e+00
0.12825 1.02634429e+00
0.12869 1.02514247e+00
0.12914 1.02385497e+00
0.12959 1.02254644e+00
0.13003 1.02127306e+00
0.13048 1.01995992e+00
0.13094 1.01865748e+00
0.13139 1.01733906e+00
0.13184 1.01604658e+00
0.13230 1.01486292e+00
0.13276 1.01363397e+00
0.13322 1.01236122e+00
0.13368 1.01115286e+00
0.13414 1.00988452e+00
0.13461 1.00864780e+00
0.13507 1.00740254e+00
0.13554 1.00622959e+00
0.13601 1.00502876e+00
0.13648 1.00377660e+00
0.13695 1.00252712e+00
0.13743 1.00119961e+00
0.13790 9.99864009e-01
0.13838 9.98580116e-01
0.13886 9.97264551e-01
0.13934 9.95937849e-01
0.13982 9.94650284e-01
0.14031 9.93378400e-01
0.14079 9.92097307e-01
0.14128 9.90765378e-01
0.14177 9.89535120e-01
0.14226 9.88215013e-01
0.14275 9.86949289e-01
0.14324 9.85613004e-01
0.14374 9.84331973e-01
0.14424 9.83070293e-01
0.14474 9.81811476e-01
0.14524 9.80572818e-01
0.14574 9.79343867e-01
0.14625 9.77998622e-01
0.14675 9.76652320e-01
0.14726 9.75293822e-01
0.14777 9.73905022e-01
0.14828 9.72619138e-01
0.14879 9.71221067e-01
0.14931 9.69995040e-01
0.14983 9.68780836e-01
0.15034 9.67477902e-01
0.15087 9.66158916e-01
0.15139 9.64842293e-01
0.15191 9.63547138e-01
0.15244 9.62248684e-01
0.15297 9.60920427e-01
0.15349 9.59595093e-01
0.15403 9.58230933e-01
0.15456 9.56813013e-01
0.15509 9.55432053e-01
0.15563 9.54104729e-01
0.15617 9.52849084e-01
0.15671 9.51549013e-01
0.15725 9.50248258e-01
0.15780 9.48918693e-01
0.15834 9.47601324e-01
0.15889 9.46358124e-01
0.15944 9.45081573e-01
0.15999 9.43753813e-01
0.16055 9.42362276e-01
0.16110 9.40942924e-01
0.16166 9.39639929e-01
0.16222 9.38171796e-01
0.16278 9.36889209e-01
0.16335 9.35505200e-01
0.16391 9.34188951e-01
0.16448 9.32860818e-01
0.16505 9.31460196e-01
0.16562 9.30094293e-01
0.16619 9.28813138e-01
0.16677 9.27499938e-01
0.16734 9.26087742e-01
0.16792 9.24756000e-01
0.16851 9.23440871e-01
0.16909 9.22093262e-01
0.16967 9.20775271e-01
0.17026 9.19453111e-01
0.17085 9.17969422e-01
0.17144 9.16665991e-01
0.17204 9.15324729e-01
0.17263 9.13987822e-01
0.17323 9.12584649e-01
0.17383 9.11311333e-01
0.17443 9.09927636e-01
0.17503 9.08507413e-01
0.17564 9.07138711e-01
0.17625 9.05798818e-01
0.17686 9.04329316e-01
0.17747 9.02873627e-01
0.17808 9.01659858e-01
0.17870 9.00219102e-01
0.17932 8.98943547e-01
0.17994 8.97641111e-01
0.18056 8.96319387e-01
0.18119 8.94961200e-01
0.18182 8.93571902e-01
0.18244 8.92254347e-01
0.18308 8.90951911e-01
0.18371 8.89571636e-01
0.18435 8.88027280e-01
0.18498 8.86612969e-01
0.18562 8.85305680e-01
0.18627 8.83917813e-01
0.18691 8.82482098e-01
0.18756 8.81017138e-01
0.18821 8.79546827e-01
0.18886 8.78308853e-01
0.18951 8.76801022e-01
0.19017 8.75612018e-01
0.19083 8.74259804e-01
0.19149 8.72853769e-01
0.19215 8.71566453e-01
0.19282 8.70187173e-01
0.19348 8.68690542e-01
0.19415 8.67424942e-01
0.19483 8.66076960e-01
0.19550 8.64662898e-01
0.19618 8.63166080e-01
0.19686 8.61958284e-01
0.19754 8.60629902e-01
0.19822 8.59136009e-01
0.19891 8.57830338e-01
0.19960 8.56360649e-01
0.20029 8.54987591e-01
0.20098 8.53591511e-01
0.20168 8.52188213e-01
0.20237 8.50727049e-01
0.20307 8.49498782e-01
0.20378 8.47876462e-01
0.20448 8.46622311e-01
0.20519 8.45255476e-01
0.20590 8.43836373e-01
0.20661 8.42468542e-01
0.20733 8.41057716e-01
0.20805 8.39866658e-01
0.20877 8.38494160e-01
0.20949 8.37043884e-01
0.21021 8.35710711e-01
0.21094 8.34332862e-01
0.21167 8.32949289e-01
0.21240 8.31368844e-01
0.21314 8.29948124e-01
0.21388 8.28626276e-01
0.21462 8.27197280e-01
0.21536 8.25684658e-01
0.21611 8.24394044e-01
0.21685 8.23017191e-01
0.21760 8.21581724e-01
0.21836 8.20255084e-01
0.21911 8.18820364e-01
0.21987 8.17579529e-01
0.22063 8.16188987e-01
0.22140 8.14739147e-01
0.22216 8.13579387e-01
0.22293 8.12097378e-01
0.22370 8.10756676e-01
0.22448 8.09403716e-01
0.22526 8.08034453e-01
0.22604 8.06485182e-01
0.22682 8.05378560e-01
0.22760 8.03829476e-01
0.22839 8.02563627e-01
0.22918 8.01187644e-01
0.22998 7.99753920e-01
0.23077 7.98191396e-01
0.23157 7.97008302e-01
0.23237 7.95423191e-01
0.23318 7.94042853e-01
0.23398 7.92593822e-01
0.23479 7.91170551e-01
0.23561 7.89678524e-01
0.23642 7.88516400e-01
0.23724 7.86949520e-01
0.23806 7.85756969e-01
0.23889 7.84345707e-01
0.23971 7.83026782e-01
0.24054 7.81636676e-01
0.24137 7.80317129e-01
0.24221 7.79018489e-01
0.24305 7.77603493e-01
0.24389 7.76220978e-01
0.24473 7.74809156e-01
0.24558 7.73401876e-01
0.24643 7.71992978e-01
0.24728 7.70622533e-01
0.24814 7.69119307e-01
0.24900 7.67799947e-01
0.24986 7.66473742e-01
0.25073 7.64936604e-01
0.25159 7.63776409e-01
0.25246 7.62149982e-01
0.25334 7.60973173e-01
0.25422 7.59429253e-01
0.25510 7.58174169e-01
0.25598 7.56637218e-01
0.25687 7.55594747e-01
0.25775 7.53917671e-01
0.25865 7.52811920e-01
0.25954 7.51403396e-01
0.26044 7.50053422e-01
0.26134 7.49041440e-01
0.26225 7.47266924e-01
0.26315 7.46357547e-01
0.26406 7.44865582e-01
0.26498 7.43439573e-01
0.26590 7.42384969e-01
0.26682 7.40580027e-01
0.26774 7.39666667e-01
0.26867 7.37801929e-01
0.26960 7.36690516e-01
0.27053 7.35081698e-01
0.27147 7.33693396e-01
0.27241 7.32577876e-01
0.27335 7.30675120e-01
0.27430 7.29788329e-01
0.27525 7.28053822e-01
0.27620 7.26897547e-01
0.27715 7.25249840e-01
0.27811 7.24177191e-01
0.27908 7.22711298e-01
0.28004 7.21262267e-01
0.28101 7.20064240e-01
0.28198 7.18613342e-01
0.28296 7.17260507e-01
0.28394 7.16108960e-01
0.28492 7.14582587e-01
0.28591 7.13421831e-01
0.28690 7.12068996e-01
0.28789 7.10740987e-01
0.28889 7.09485156e-01
0.28989 7.08057342e-01
0.29089 7.06839156e-01
0.29190 7.05352916e-01
0.29291 7.04027396e-01
0.29392 7.02571769e-01
0.29494 7.01367893e-01
0.29596 6.99790996e-01
0.29699 6.98630676e-01
0.29801 6.97076302e-01
0.29905 6.95739644e-01
0.30008 6.94627298e-01
0.30112 6.93063716e-01
0.30216 6.91908311e-01
0.30321 6.90586649e-01
0.30426 6.89158027e-01
0.30531 6.88142871e-01
0.30637 6.86594160e-01
0.30743 6.85344240e-01
0.30849 6.84382409e-01
0.30956 6.82569627e-01
0.31063 6.81733796e-01
0.31171 6.80202258e-01
0.31279 6.79167067e-01
0.31387 6.77605973e-01
0.31496 6.76484293e-01
0.31605 6.75276933e-01
0.31714 6.73810791e-01
0.31824 6.72432133e-01
0.31934 6.71381698e-01
0.32044 6.69641280e-01
0.32155 6.68569316e-01
0.32267 6.66982213e-01
0.32378 6.65788293e-01
0.32490 6.64333662e-01
0.32603 6.62822160e-01
0.32716 6.61922116e-01
0.32829 6.59888196e-01
0.32943 6.59333111e-01
0.33057 6.57431600e-01
0.33171 6.56458756e-01
0.33286 6.54917076e-01
0.33401 6.54037191e-01
0.33517 6.52209600e-01
0.33633 6.51422800e-01
0.33749 6.49833396e-01
0.33866 6.48711964e-01
0.33983 6.47467769e-01
0.34101 6.45937476e-01
0.34219 6.45176436e-01
0.34337 6.43190240e-01
0.34456 6.42679396e-01
0.34576 6.40847698e-01
0.34695 6.39959351e-01
0.34815 6.38222542e-01
0.34936 6.37318640e-01
0.35057 6.35636649e-01
0.35178 6.34669280e-01
0.35300 6.33016284e-01
0.35422 6.31901262e-01
0.35545 6.30549671e-01
0.35668 6.28938862e-01
0.35791 6.28246578e-01
0.35915 6.26163689e-01
0.36039 6.25872738e-01
0.36164 6.23674240e-01
0.36289 6.23007653e-01
0.36415 6.21785049e-01
0.36541 6.19948809e-01
0.36668 6.19893307e-01
0.36795 6.17437707e-01
0.36922 6.17084098e-01
0.37050 6.15575644e-01
0.37178 6.14334996e-01
0.37307 6.13712649e-01
0.37436 6.11444960e-01
0.37565 6.11403769e-01
0.37695 6.09361511e-01
0.37826 6.08676693e-01
0.37957 6.07329458e-01
0.38088 6.05985520e-01
0.38220 6.04773244e-01
0.38352 6.03587351e-01
0.38485 6.02424480e-01
0.38618 6.00866622e-01
0.38752 5.99783458e-01
0.38886 5.98642116e-01
0.39021 5.97088676e-01
0.39156 5.95983049e-01
0.39291 5.94662320e-01
0.39427 5.93499013e-01
0.39564 5.92344044e-01
0.39701 5.90698018e-01
0.39838 5.89951476e-01
0.39976 5.88280684e-01
0.40115 5.87632142e-01
0.40253 5.85938764e-01
0.40393 5.84938604e-01
0.40533 5.83766276e-01
0.40673 5.82485680e-01
0.40814 5.81374578e-01
0.40955 5.80178667e-01
0.41097 5.78765476e-01
0.41239 5.78113200e-01
0.41382 5.76191529e-01
0.41525 5.75581938e-01
0.41669 5.74077840e-01
0.41813 5.72778951e-01
0.41958 5.71581920e-01
0.42103 5.70619902e-01
0.42249 5.68720693e-01
0.42395 5.68128027e-01
0.42542 5.66229876e-01
0.42689 5.65302578e-01
0.42837 5.64184382e-01
0.42985 5.62650418e-01
0.43134 5.61421156e-01
0.43283 5.60298791e-01
0.43433 5.59413058e-01
0.43583 5.57443724e-01
0.43734 5.57041956e-01
0.43886 5.55403644e-01
0.44037 5.54203564e-01
0.44190 5.53681396e-01
0.44343 5.51774969e-01
0.44496 5.51113236e-01
0.44650 5.49654062e-01
0.44805 5.49084480e-01
0.44960 5.47247618e-01
0.45116 5.46837449e-01
0.45272 5.45440498e-01
0.45429 5.43998809e-01
0.45586 5.43209893e-01
0.45744 5.42473556e-01
0.45902 5.40467387e-01
0.46061 5.39995244e-01
0.46220 5.38506951e-01
0.46380 5.37355591e-01
0.46541 5.36332284e-01
0.46702 5.35335422e-01
0.46864 5.33770284e-01
0.47026 5.32790658e-01
0.47189 5.32109200e-01
0.47352 5.30225111e-01
0.47516 5.29433458e-01
0.47680 5.28611067e-01
0.47845 5.27056756e-01
0.48011 5.26078684e-01
0.48177 5.25568027e-01
0.48344 5.23641191e-01
0.48511 5.22910578e-01
0.48679 5.22122222e-01
0.48848 5.20879956e-01
0.49017 5.19660960e-01
0.49186 5.18765458e-01
0.49357 5.17766791e-01
0.49528 5.16575733e-01
0.49699 5.15818178e-01
0.49871 5.14275689e-01
0.50044 5.13393440e-01
0.50217 5.12301004e-01
0.50391 5.11392062e-01
0.50565 5.09810000e-01
0.50740 5.09036453e-01
0.50916 5.08145120e-01
0.51092 5.06187796e-01
0.51269 5.05640364e-01
0.51446 5.04960462e-01
0.51625 5.02959707e-01
0.51803 5.01815129e-01
0.51983 5.01433271e-01
0.52163 5.00068178e-01
0.52343 4.98367893e-01
0.52524 4.97788978e-01
0.52706 4.97107458e-01
0.52889 4.95137876e-01
0.53072 4.94198631e-01
0.53255 4.93846453e-01
0.53440 4.92326738e-01
0.53625 4.90820338e-01
0.53810 4.90265253e-01
0.53997 4.89777618e-01
0.54183 4.87499227e-01
0.54371 4.86813102e-01
0.54559 4.86504293e-01
0.54748 4.84643600e-01
0.54938 4.83667520e-01
0.55128 4.82665556e-01
0.55319 4.81820142e-01
0.55510 4.80335831e-01
0.55702 4.79358196e-01
0.55895 4.78419511e-01
0.56089 4.77006382e-01
0.56283 4.76039449e-01
0.56478 4.75433342e-01
0.56673 4.73622738e-01
0.56869 4.72666133e-01
0.57066 4.71840756e-01
0.57264 4.70668302e-01
0.57462 4.69747600e-01
0.57661 4.68277351e-01
0.57860 4.67432871e-01
0.58061 4.67043609e-01
0.58262 4.65108062e-01
0.58463 4.64109333e-01
0.58666 4.63845138e-01
0.58869 4.62878889e-01
0.59073 4.61017760e-01
0.59277 4.59850596e-01
0.59482 4.60045040e-01
0.59688 4.58804391e-01
0.59895 4.56934613e-01
0.60102 4.56366960e-01
0.60310 4.55782880e-01
0.60519 4.54698720e-01
0.60728 4.53044293e-01
0.60939 4.51955778e-01
0.61150 4.51626187e-01
0.61361 4.51313396e-01
0.61574 4.48434124e-01
0.61787 4.48153689e-01
0.62001 4.47851040e-01
0.62215 4.46430880e-01
0.62431 4.45138524e-01
0.62647 4.44410400e-01
0.62864 4.43098009e-01
0.63081 4.42605209e-01
0.63300 4.41896498e-01
0.63519 4.40249227e-01
0.63739 4.39263502e-01
0.63959 4.38576569e-01
0.64181 4.38159493e-01
0.64403 4.36746489e-01
0.64626 4.35922418e-01
0.64849 4.34625147e-01
0.65074 4.34376258e-01
0.65299 4.33003822e-01
0.65525 4.32114542e-01
0.65752 4.31060809e-01
0.65980 4.30583689e-01
0.66208 4.29642827e-01
0.66437 4.28680809e-01
0.66667 4.27166569e-01
0.66898 4.26360107e-01
0.67130 4.26283698e-01
0.67362 4.24676560e-01
0.67595 4.24057262e-01
0.67829 4.22664169e-01
0.68064 4.22366747e-01
0.68299 4.21063378e-01
0.68536 4.20693156e-01
0.68773 4.18662160e-01
0.69011 4.18563787e-01
0.69250 4.18227476e-01
0.69490 4.17039404e-01
0.69730 4.15306640e-01
0.69972 4.14906862e-01
0.70214 4.14315564e-01
0.70457 4.13572756e-01
0.70701 4.12448960e-01
0.70946 4.11419742e-01
0.71191 4.10868578e-01
0.71438 4.09862942e-01
0.71685 4.09542809e-01
0.71933 4.08278764e-01
0.72182 4.06776533e-01
0.72432 4.06061662e-01
0.72683 4.06352489e-01
0.72934 4.05432409e-01
0.73187 4.03037289e-01
0.73440 4.02588853e-01
0.73694 4.02470942e-01
0.73949 4.01621049e-01
0.74205 4.00394400e-01
0.74462 3.99533680e-01
0.74720 3.98725227e-01
0.74979 3.97094320e-01
0.75238 3.96632693e-01
0.75499 3.97027369e-01
0.75760 3.95512756e-01
0.76022 3.93287876e-01
0.76285 3.92347076e-01
0.76549 3.93730027e-01
0.76814 3.93134809e-01
0.77080 3.89897013e-01
0.77347 3.88863689e-01
0.77615 3.88822498e-01
0.77884 3.89515280e-01
0.78153 3.87430836e-01
0.78424 3.85791093e-01
0.78695 3.85575929e-01
0.78968 3.84556978e-01
0.79241 3.83395164e-01
0.79515 3.82428542e-01
0.79790 3.83214969e-01
0.80067 3.81661591e-01
0.80344 3.79026044e-01
0.80622 3.77724667e-01
0.80901 3.78667520e-01
0.81181 3.79282462e-01
0.81462 3.76774284e-01
0.81744 3.73778222e-01
0.82027 3.73058249e-01
0.82311 3.74551956e-01
0.82596 3.74391920e-01
0.82882 3.72335538e-01
0.83169 3.69695511e-01
0.83457 3.69400391e-01
0.83745 3.68988667e-01
0.84035 3.68708791e-01
0.84326 3.67192933e-01
0.84618 3.67122996e-01
0.84911 3.65799093e-01
0.85205 3.63936658e-01
0.85500 3.61992089e-01
0.85796 3.62182364e-01
0.86093 3.64282676e-01
0.86391 3.62717600e-01
0.86690 3.58623378e-01
0.86990 3.57114987e-01
0.87291 3.57486889e-01
0.87593 3.59141813e-01
0.87897 3.58847191e-01
0.88201 3.54971556e-01
0.88506 3.52356604e-01
0.88813 3.53276747e-01
0.89120 3.53397956e-01
0.89428 3.53775147e-01
0.89738 3.52559449e-01
0.90049 3.49687707e-01
0.90360 3.48206071e-01
0.90673 3.48199040e-01
0.90987 3.48242969e-01
0.91302 3.47855200e-01
0.91618 3.47865093e-01
0.91935 3.45461200e-01
0.92253 3.43414711e-01
0.92573 3.43308311e-01
0.92893 3.43675920e-01
0.93215 3.42914444e-01
0.93537 3.42726409e-01
0.93861 3.41024444e-01
0.94186 3.39224107e-01
0.94512 3.39043476e-01
0.94839 3.37833316e-01
0.95168 3.38250267e-01
0.95497 3.39072098e-01
0.95828 3.38033733e-01
0.96159 3.35061316e-01
0.96492 3.32678827e-01
0.96826 3.32805449e-01
0.97161 3.34990196e-01
0.97498 3.36663849e-01
0.97835 3.33977964e-01
0.98174 3.29740258e-01
0.98514 3.27732222e-01
0.98855 3.29554773e-01
0.99197 3.31905591e-01
0.99540 3.31872302e-01
0.99885 3.29314471e-01
1.00231 3.26204107e-01
1.00578 3.25422160e-01
1.00926 3.27054871e-01
1.01275 3.27797929e-01
1.01626 3.25853858e-01
1.01978 3.24757067e-01
1.02330 3.24317218e-01
1.02685 3.23376107e-01
1.03040 3.23568996e-01
1.03397 3.22323618e-01
1.03755 3.21389476e-01
1.04114 3.21596613e-01
1.04474 3.23104631e-01
1.04836 3.21965778e-01
1.05199 3.18650702e-01
1.05563 3.16249111e-01
1.05928 3.17434133e-01
1.06295 3.19672204e-01
1.06663 3.21321342e-01
1.07032 3.19595920e-01
1.07403 3.14177982e-01
1.07775 3.11220498e-01
1.08148 3.13848329e-01
1.08522 3.17956613e-01
1.08898 3.18643236e-01
1.09275 3.15757680e-01
1.09653 3.09817013e-01
1.10032 3.08466916e-01
1.10413 3.11476107e-01
1.10796 3.14957876e-01
1.11179 3.15362756e-01
1.11564 3.11222862e-01
1.11950 3.06329582e-01
1.12338 3.06106827e-01
1.12726 3.08276142e-01
1.13117 3.11280853e-01
1.13508 3.11198596e-01
1.13901 3.07608996e-01
1.14295 3.03625840e-01
1.14691 3.02966284e-01
1.15088 3.05394818e-01
1.15487 3.07600907e-01
1.15886 3.07398684e-01
1.16287 3.03523858e-01
1.16690 3.00203369e-01
1.17094 2.99893191e-01
1.17499 3.01127058e-01
1.17906 3.03795084e-01
1.18314 3.04580889e-01
1.18724 3.00936471e-01
1.19135 2.96688747e-01
1.19547 2.95027662e-01
1.19961 2.96808524e-01
1.20376 2.98791360e-01
1.20793 2.99660604e-01
1.21211 2.99128480e-01
1.21630 2.95014533e-01
1.22052 2.92220133e-01
1.22474 2.91083893e-01
1.22898 2.93047938e-01
1.23323 2.94647671e-01
1.23750 2.94921822e-01
1.24179 2.93006560e-01
1.24609 2.89808960e-01
1.25040 2.87623653e-01
1.25473 2.87103289e-01
1.25907 2.88191182e-01
1.26343 2.89641458e-01
1.26780 2.89635671e-01
1.27219 2.87778960e-01
1.27659 2.85635467e-01
1.28101 2.83190818e-01
1.28545 2.81960747e-01
1.28990 2.82342791e-01
1.29436 2.84171751e-01
1.29884 2.83932009e-01
1.30334 2.82863093e-01
1.30785 2.81112596e-01
1.31238 2.79377716e-01
1.31692 2.77839333e-01
1.32148 2.76895982e-01
1.32605 2.76803396e-01
1.33064 2.77799324e-01
1.33525 2.77900809e-01
1.33987 2.75922702e-01
1.34451 2.74463218e-01
1.34916 2.73359520e-01
1.35383 2.72448089e-01
1.35852 2.71866187e-01
1.36322 2.71384338e-01
1.36794 2.70989662e-01
1.37268 2.70848480e-01
1.37743 2.70068338e-01
1.38220 2.68602196e-01
1.38698 2.67316000e-01
1.39178 2.66465547e-01
1.39660 2.66030800e-01
1.40144 2.65461653e-01
1.40629 2.65022489e-01
1.41115 2.63464818e-01
1.41604 2.63354249e-01
1.42094 2.63533200e-01
1.42586 2.62520347e-01
1.43080 2.60757467e-01
1.43575 2.59421369e-01
1.44072 2.58863982e-01
1.44571 2.59340169e-01
1.45071 2.58834116e-01
1.45573 2.57015982e-01
1.46077 2.56029324e-01
1.46583 2.56919164e-01
1.47090 2.56673324e-01
1.47599 2.53579387e-01
1.48110 2.52478676e-01
1.48623 2.51704569e-01
1.49137 2.53765244e-01
1.49654 2.53622071e-01
1.50172 2.50979742e-01
1.50692 2.50104400e-01
1.51213 2.49221404e-01
1.51737 2.48942027e-01
1.52262 2.48785040e-01
1.52789 2.46843644e-01
1.53318 2.46665564e-01
1.53849 2.46356009e-01
1.54381 2.46794862e-01
1.54916 2.47203849e-01
1.55452 2.44745884e-01
1.55990 2.42401351e-01
1.56530 2.41299209e-01
1.57072 2.43391307e-01
1.57615 2.43247387e-01
1.58161 2.43183173e-01
1.58709 2.40734356e-01
1.59258 2.38706658e-01
1.59809 2.39394773e-01
1.60362 2.41285956e-01
1.60918 2.39373742e-01
1.61475 2.37174747e-01
1.62034 2.35548071e-01
1.62594 2.37363653e-01
1.63157 2.39241022e-01
1.63722 2.38732231e-01
1.64289 2.34950302e-01
1.64857 2.32627858e-01
1.65428 2.32876187e-01
1.66001 2.34498942e-01
1.66575 2.36576604e-01
1.67152 2.34576284e-01
1.67731 2.31231529e-01
1.68311 2.31020658e-01
1.68894 2.31827991e-01
1.69478 2.33429093e-01
1.70065 2.33585893e-01
1.70654 2.29300151e-01
1.71245 2.28293458e-01
1.71837 2.28260542e-01
1.72432 2.30156453e-01
1.73029 2.32438578e-01
1.73628 2.30375227e-01
1.74229 2.28407138e-01
1.74832 2.25290364e-01
1.75437 2.25559227e-01
1.76045 2.28938702e-01
1.76654 2.31416018e-01
1.77266 2.27033707e-01
1.77879 2.24666276e-01
1.78495 2.22962009e-01
1.79113 2.26101991e-01
1.79733 2.28902489e-01
1.80355 2.27130213e-01
1.80979 2.24661236e-01
1.81606 2.22579404e-01
1.82234 2.21804676e-01
1.82865 2.23786329e-01
1.83498 2.26166391e-01
1.84133 2.28308018e-01
1.84771 2.23815822e-01
1.85410 2.19607422e-01
1.86052 2.20233191e-01
1.86696 2.22897858e-01
1.87342 2.25594320e-01
1.87991 2.25448596e-01
1.88642 2.21083520e-01
1.89295 2.18777627e-01
1.89950 2.20410898e-01
1.90607 2.21120853e-01
1.91267 2.24129236e-01
1.91929 2.23111218e-01
1.92594 2.21182764e-01
1.93260 2.17828924e-01
1.93929 2.18392471e-01
1.94601 2.19328107e-01
1.95274 2.21652293e-01
1.95950 2.23504089e-01
1.96629 2.22221689e-01
1.97309 2.16076871e-01
1.97992 2.14503333e-01
1.98678 2.17605671e-01
1.99365 2.22622400e-01
2.00055 2.22400391e-01
2.00748 2.18440071e-01
2.01443 2.18102391e-01
2.02140 2.15605724e-01
2.02840 2.15331573e-01
2.03542 2.18319422e-01
2.04247 2.21040276e-01
2.04954 2.20415627e-01
2.05663 2.16993778e-01
2.06375 2.13583502e-01
2.07090 2.14159867e-01
2.07806 2.16034000e-01
2.08526 2.17301031e-01
2.09247 2.20153796e-01
2.09972 2.19646498e-01
2.10699 2.14459716e-01
2.11428 2.10143173e-01
2.12160 2.11871209e-01
2.12894 2.16945307e-01
2.13631 2.18803449e-01
2.14371 2.17608098e-01
2.15113 2.15175396e-01
2.15857 2.14465751e-01
2.16605 2.10558507e-01
2.17354 2.09460907e-01
2.18107 2.13955902e-01
2.18862 2.19032738e-01
2.19619 2.17538782e-01
2.20380 2.13363671e-01
2.21143 2.07825769e-01
2.21908 2.09964347e-01
2.22676 2.10890711e-01
2.23447 2.13760711e-01
2.24220 2.14429787e-01
2.24997 2.14996756e-01
2.25775 2.12372036e-01
2.26557 2.09066169e-01
2.27341 2.06402747e-01
2.28128 2.08895556e-01
2.28918 2.11053920e-01
2.29710 2.12393689e-01
2.30505 2.12721164e-01
2.31303 2.12548249e-01
2.32104 2.09083716e-01
2.32908 2.04011982e-01
2.33714 2.02614098e-01
2.34523 2.08130222e-01
2.35335 2.13528249e-01
2.36149 2.13356827e-01
2.36967 2.09335964e-01
2.37787 2.03537662e-01
2.38610 2.00953822e-01
2.39436 2.02830382e-01
2.40265 2.07583413e-01
2.41097 2.11088018e-01
2.41931 2.10095822e-01
2.42769 2.06223733e-01
2.43609 2.02826338e-01
2.44452 2.00399236e-01
2.45298 2.01352791e-01
2.46148 2.05059556e-01
2.47000 2.07074871e-01
2.47855 2.06058098e-01
2.48713 2.02472853e-01
2.49574 2.00418462e-01
2.50438 1.99648649e-01
2.51304 1.99634400e-01
2.52174 2.00546267e-01
2.53047 2.02279840e-01
2.53923 2.02506204e-01
2.54802 2.01249253e-01
2.55684 1.99715849e-01
2.56569 1.99088960e-01
2.57457 1.99030471e-01
2.58349 1.98088427e-01
2.59243 1.96615191e-01
2.60140 1.96631058e-01
2.61041 1.98053445e-01
2.61944 1.99624936e-01
2.62851 1.99757662e-01
2.63761 1.97524382e-01
2.64674 1.93982444e-01
2.65590 1.91190708e-01
2.66510 1.91162471e-01
2.67432 1.93863787e-01
2.68358 1.97164794e-01
2.69287 1.97840820e-01
2.70219 1.95220604e-01
2.71154 1.90748015e-01
2.72093 1.87368869e-01
2.73035 1.87262836e-01
2.73980 1.90548948e-01
2.74928 1.94557515e-01
2.75880 1.95565110e-01
2.76835 1.93128401e-01
2.77793 1.89705662e-01
2.78755 1.87087121e-01
2.79720 1.85370223e-01
2.80688 1.85535187e-01
2.81660 1.87522123e-01
2.82635 1.89359700e-01
2.83613 1.88883128e-01
2.84595 1.86537350e-01
2.85580 1.84673664e-01
2.86569 1.83536055e-01
2.87561 1.82565127e-01
2.88556 1.82430516e-01
2.89555 1.83672894e-01
2.90557 1.85153926e-01
2.91563 1.85206772e-01
2.92572 1.83710794e-01
2.93585 1.81788140e-01
2.94601 1.79982227e-01
2.95621 1.78930982e-01
2.96644 1.79217715e-01
2.97671 1.80380735e-01
2.98702 1.81366503e-01
2.99736 1.81230996e-01
3.00773 1.79801253e-01
3.01814 1.77815052e-01
3.02859 1.76118077e-01
3.03907 1.75422893e-01
3.04960 1.75643813e-01
3.06015 1.75952087e-01
3.07074 1.75689814e-01
3.08137 1.74812419e-01
3.09204 1.73575453e-01
3.10274 1.72429407e-01
3.11348 1.71785756e-01
3.12426 1.71683780e-01
3.13508 1.71707356e-01
3.14593 1.71603818e-01
3.15682 1.71405111e-01
3.16775 1.71126822e-01
3.17871 1.70775223e-01
3.18972 1.70432895e-01
3.20076 1.70178444e-01
3.21184 1.69840670e-01
3.22295 1.69071660e-01
3.23411 1.67948580e-01
3.24531 1.66919710e-01
3.25654 1.66253428e-01
3.26781 1.65867613e-01
3.27912 1.65508635e-01
3.29047 1.64940894e-01
3.30187 1.64039724e-01
3.31330 1.63001098e-01
3.32476 1.62276097e-01
3.33627 1.62039752e-01
3.34782 1.62001429e-01
3.35941 1.61817177e-01
3.37104 1.61396667e-01
3.38271 1.60800596e-01
3.39442 1.60090952e-01
3.40617 1.59403782e-01
3.41796 1.58931242e-01
3.42979 1.58692408e-01
3.44166 1.58515286e-01
3.45358 1.58231086e-01
3.46553 1.57769733e-01
3.47753 1.57146777e-01
3.48957 1.56462469e-01
3.50164 1.55883884e-01
3.51377 1.55503575e-01
3.52593 1.55214142e-01
3.53814 1.54787690e-01
3.55038 1.54077429e-01
3.56267 1.53135497e-01
3.57500 1.52160686e-01
3.58738 1.51370732e-01
3.59980 1.50857660e-01
3.61226 1.50497474e-01
3.62476 1.50047172e-01
3.63731 1.49365477e-01
3.64990 1.48533261e-01
3.66254 1.47766161e-01
3.67521 1.47241715e-01
3.68794 1.46994419e-01
3.70070 1.46909180e-01
3.71351 1.46798120e-01
3.72637 1.46525680e-01
3.73927 1.46094897e-01
3.75221 1.45620521e-01
3.76520 1.45226163e-01
3.77823 1.44959068e-01
3.79131 1.44761213e-01
3.80443 1.44500807e-01
3.81760 1.44056267e-01
3.83082 1.43398721e-01
3.84408 1.42606122e-01
3.85739 1.41805919e-01
3.87074 1.41097301e-01
3.88414 1.40498811e-01
3.89758 1.39948754e-01
3.91107 1.39360007e-01
3.92461 1.38689675e-01
3.93820 1.37968625e-01
3.95183 1.37273758e-01
3.96551 1.36673681e-01
3.97924 1.36188012e-01
3.99301 1.35779784e-01
4.00683 1.35380684e-01
4.02070 1.34934638e-01
4.03462 1.34433028e-01
4.04859 1.33916396e-01
4.06260 1.33441168e-01
4.07667 1.33038155e-01
4.09078 1.32693705e-01
4.10494 1.32364344e-01
4.11915 1.32010256e-01
4.13341 1.31621604e-01
4.14771 1.31218908e-01
4.16207 1.30830292e-01
4.17648 1.30466716e-01
4.19094 1.30114718e-01
4.20545 1.29748298e-01
4.22000 1.29346653e-01
4.23461 1.28903948e-01
4.24927 1.28427028e-01
4.26398 1.27926052e-01
4.27874 1.27406552e-01
4.29355 1.26868516e-01
4.30841 1.26311167e-01
4.32332 1.25737372e-01
4.33829 1.25153778e-01
4.35331 1.24567576e-01
4.36838 1.23983484e-01
4.38350 1.23403218e-01
4.39867 1.22827731e-01
4.41390 1.22260202e-01
4.42918 1.21707308e-01
4.44451 1.21177672e-01
4.45990 1.20678563e-01
4.47533 1.20213016e-01
4.49083 1.19779053e-01
4.50637 1.19371740e-01
4.52197 1.18986753e-01
4.53762 1.18622915e-01
4.55333 1.18281564e-01
4.56909 1.17963129e-01
4.58491 1.17663740e-01
4.60078 1.17374432e-01
4.61670 1.17083804e-01
4.63269 1.16782064e-01
4.64872 1.16463592e-01
4.66481 1.16126366e-01
4.68096 1.15769217e-01
4.69717 1.15389549e-01
4.71343 1.14983251e-01
4.72974 1.14546861e-01
4.74611 1.14080052e-01
4.76254 1.13586580e-01
4.77903 1.13072985e-01
4.79557 1.12546199e-01
4.81217 1.12011623e-01
4.82883 1.11472804e-01
4.84555 1.10932422e-01
4.86232 1.10393565e-01
4.87915 1.09860097e-01
4.89604 1.09336099e-01
4.91299 1.08824794e-01
4.92999 1.08327856e-01
4.94706 1.07845634e-01
4.96418 1.07377897e-01
4.98137 1.06924633e-01
4.99861 1.06486302e-01
5.01591 1.06063589e-01
5.03328 1.05656899e-01
5.05070 1.05266025e-01
5.06818 1.04890358e-01
5.08573 1.04529052e-01
5.10333 1.04181292e-01
5.12100 1.03846263e-01
5.13873 1.03523000e-01
5.15651 1.03210271e-01
5.17436 1.02906465e-01
5.19228 1.02609665e-01
5.21025 1.02317625e-01
5.22828 1.02027844e-01
5.24638 1.01737558e-01
5.26454 1.01443944e-01
5.28277 1.01144226e-01
5.30105 1.00835871e-01
5.31940 1.00516715e-01
5.33782 1.00185039e-01
5.35629 9.98395129e-02
5.37484 9.94792960e-02
5.39344 9.91040276e-02
5.41211 9.87138631e-02
5.43084 9.83094622e-02
5.44965 9.78918951e-02
5.46851 9.74625369e-02
5.48744 9.70229307e-02
5.50643 9.65747129e-02
5.52550 9.61196258e-02
5.54462 9.56594676e-02
5.56381 9.51961422e-02
5.58308 9.47315476e-02
5.60240 9.42676249e-02
5.62179 9.38062409e-02
5.64125 9.33492373e-02
5.66078 9.28983378e-02
5.68038 9.24551787e-02
5.70004 9.20213342e-02
5.71977 9.15981920e-02
5.73957 9.11870338e-02
5.75944 9.07889173e-02
5.77938 9.04046827e-02
5.79938 9.00348960e-02
5.81946 8.96798622e-02
5.83960 8.93396000e-02
5.85982 8.90138231e-02
5.88010 8.87019529e-02
5.90045 8.84031182e-02
5.92088 8.81161493e-02
5.94137 8.78396151e-02
5.96194 8.75718418e-02
5.98258 8.73109627e-02
6.00329 8.70549929e-02
6.02407 8.68018356e-02
6.04492 8.65493813e-02
6.06585 8.62955582e-02
6.08684 8.60384000e-02
6.10791 8.57761147e-02
6.12906 8.55071093e-02
6.15027 8.52300898e-02
6.17156 8.49440356e-02
6.19293 8.46482560e-02
6.21436 8.43423467e-02
6.23588 8.40262516e-02
6.25746 8.37001324e-02
6.27912 8.33644436e-02
6.30086 8.30198320e-02
6.32267 8.26671129e-02
6.34455 8.23072569e-02
6.36652 8.19412969e-02
6.38856 8.15703467e-02
6.41067 8.11955387e-02
6.43286 8.08180116e-02
6.45513 8.04388667e-02
6.47747 8.00592053e-02
6.49990 7.96800480e-02
6.52240 7.93023716e-02
6.54497 7.89270844e-02
6.56763 7.85550267e-02
6.59037 7.81869698e-02
6.61318 7.78236231e-02
6.63607 7.74656027e-02
6.65904 7.71134871e-02
6.68209 7.67677742e-02
6.70522 7.67299369e-02
6.72843 7.77228418e-02
6.75172 7.87801591e-02
6.77510 7.98546560e-02
6.79855 8.10301396e-02
6.82208 8.21382613e-02
6.84570 8.33403698e-02
6.86939 8.46324516e-02
6.89317 8.58908960e-02
6.91704 8.72144062e-02
6.94098 8.86057387e-02
6.96500 8.99844587e-02
6.98911 9.13959324e-02
7.01331 9.28598036e-02
7.03759 9.43537093e-02
7.06195 9.58613040e-02
7.08639 9.74045769e-02
7.11092 9.89873796e-02
7.13554 1.00552779e-01
7.16024 1.02209968e-01
7.18502 1.03821916e-01
7.20990 1.05456493e-01
7.23485 1.07196364e-01
7.25990 1.08930372e-01
7.28503 1.10743640e-01
7.31025 1.12604016e-01
7.33555 1.14473601e-01
7.36094 1.16419651e-01
7.38642 1.18446832e-01
7.41199 1.20546664e-01
7.43765 1.22664982e-01
7.46340 1.24959900e-01
7.48923 1.27260330e-01
7.51516 1.29686125e-01
7.54117 1.32197694e-01
7.56727 1.34845754e-01
7.59347 1.37597270e-01
7.61975 1.40429209e-01
7.64613 1.43403338e-01
7.67260 1.46475927e-01
7.69916 1.49700258e-01
7.72581 1.53011077e-01
7.75255 1.56492971e-01
7.77939 1.60069554e-01
7.80632 1.63809980e-01
7.83334 1.67724349e-01
7.86046 1.71795636e-01
7.88767 1.76042421e-01
7.91497 1.80462389e-01
7.94237 1.85120780e-01
7.96986 1.89987342e-01
7.99745 1.95140636e-01
8.02513 2.00575524e-01
8.05291 2.06313172e-01
8.08079 2.12353761e-01
8.10876 2.18792772e-01
8.13683 2.25643656e-01
8.16500 2.32978617e-01
8.19326 2.40784992e-01
8.22162 2.49211013e-01
8.25008 2.58280276e-01
8.27864 2.68117671e-01
8.30730 2.78819893e-01
8.33605 2.90582693e-01
8.36491 3.03551236e-01
8.39386 3.17989467e-01
8.42292 3.34187653e-01
8.45208 3.52577804e-01
8.48133 3.73749040e-01
8.51069 3.98554240e-01
8.54016 4.28234613e-01
8.56972 4.64799751e-01
8.59938 5.11244720e-01
8.62915 5.72126862e-01
8.65902 6.52752862e-01
8.68899 7.54334560e-01
8.71907 8.57297280e-01
8.74925 9.05342044e-01
8.77954 9.21136782e-01
8.80993 9.66447253e-01
8.84043 1.04068832e+00
8.87103 1.10805688e+00
8.90174 1.12415060e+00
8.93255 1.07427662e+00
8.96347 9.92004409e-01
8.99450 9.28963280e-01
9.02563 9.09311262e-01
9.05688 9.26311742e-01
9.08823 9.51348720e-01
9.11969 9.65096907e-01
9.15126 9.72814453e-01
9.18294 9.83149378e-01
9.21472 9.95770471e-01
9.24662 1.00499031e+00
9.27863 1.01152470e+00
9.31075 1.02650974e+00
9.34298 1.06337541e+00
9.37532 1.11515040e+00
9.40777 1.16787770e+00
9.44034 1.21765734e+00
9.47302 1.27845188e+00
9.50581 1.35150157e+00
9.53871 1.42282846e+00
9.57173 1.49347526e+00
9.60487 1.57581362e+00
9.63811 1.66002156e+00
9.67148 1.71058963e+00
9.70495 1.69577806e+00
9.73855 1.64197836e+00
9.77226 1.58673766e+00
9.80609 1.54516413e+00
9.84003 1.53358414e+00
9.87409 1.55746372e+00
9.90827 1.59205007e+00
9.94257 1.62097936e+00
9.97699 1.60559678e+00
10.01153 1.54266205e+00
10.04618 1.48496308e+00
10.08096 1.44372100e+00
10.11585 1.41373524e+00
10.15087 1.40315230e+00
10.18601 1.41940332e+00
10.22127 1.45210595e+00
10.25665 1.47668603e+00
10.29215 1.45714308e+00
10.32778 1.39246078e+00
10.36353 1.33691644e+00
10.39941 1.29761259e+00
10.43540 1.26815410e+00
10.47153 1.24648589e+00
10.50777 1.23580022e+00
10.54415 1.24061243e+00
10.58065 1.26519008e+00
10.61727 1.31025720e+00
10.65403 1.36843635e+00
10.69091 1.43079614e+00
10.72791 1.48791676e+00
10.76505 1.54017640e+00
10.80231 1.58499762e+00
10.83971 1.61410181e+00
10.87723 1.62199196e+00
10.91488 1.62067105e+00
10.95266 1.61719911e+00
10.99058 1.60875294e+00
11.02862 1.59211920e+00
11.06680 1.56355117e+00
11.10511 1.52328531e+00
11.14355 1.48125301e+00
11.18212 1.44868186e+00
11.22083 1.43291313e+00
11.25967 1.43124750e+00
11.29865 1.43159663e+00
11.33776 1.42688859e+00
11.37701 1.41345624e+00
11.41639 1.38158297e+00
11.45591 1.32674951e+00
11.49556 1.25871468e+00
11.53536 1.19417468e+00
11.57529 1.14576641e+00
11.61536 1.11663571e+00
11.65556 1.10525147e+00
11.69591 1.10925590e+00
11.73640 1.12152644e+00
11.77702 1.12917056e+00
11.81779 1.12093153e+00
11.85870 1.09459641e+00
11.89975 1.05524484e+00
11.94094 1.01057015e+00
11.98227 9.67467324e-01
12.02375 9.30579004e-01
12.06537 9.01233449e-01
12.10714 8.80031040e-01
12.14905 8.65860924e-01
12.19110 8.53754471e-01
12.23330 8.39846871e-01
12.27565 8.24838996e-01
12.31814 8.08912347e-01
12.36078 7.90147369e-01
12.40357 7.66466400e-01
12.44651 7.38050880e-01
12.48959 7.08527804e-01
12.53283 6.82372631e-01
12.57621 6.61797111e-01
12.61974 6.45910596e-01
12.66343 6.32018053e-01
12.70726 6.17889751e-01
12.75125 6.02368853e-01
12.79539 5.85573147e-01
12.83968 5.68315067e-01
12.88413 5.51942596e-01
12.92873 5.37511396e-01
12.97348 5.26008747e-01
13.01839 5.18073236e-01
13.06345 5.14132764e-01
13.10867 5.14548036e-01
13.15405 5.20060862e-01
13.19959 5.31915627e-01
13.24528 5.52783218e-01
13.29113 5.87832373e-01
13.33713 6.45904684e-01
13.38330 7.30396613e-01
13.42963 7.96905760e-01
13.47612 7.81940009e-01
13.52277 7.37242551e-01
13.56958 7.27480942e-01
13.61655 7.60559893e-01
13.66368 8.23445280e-01
13.71098 8.95694987e-01
13.75844 9.44190551e-01
13.80607 9.52975458e-01
13.85386 9.38651031e-01
13.90182 9.12447822e-01
13.94994 8.72494498e-01
13.99823 8.22797796e-01
14.04668 7.77769378e-01
14.09531 7.51580107e-01
14.14410 7.47196240e-01
14.19306 7.62626293e-01
14.24219 7.94240098e-01
14.29149 8.35401218e-01
14.34096 8.76728098e-01
14.39060 9.09365084e-01
14.44042 9.25152853e-01
14.49041 9.21812204e-01
14.54057 9.04685600e-01
14.59090 8.76384258e-01
14.64141 8.41053422e-01
14.69209 8.16109342e-01
14.74295 8.27010862e-01
14.79398 8.12144480e-01
14.84519 7.35482782e-01
14.89658 7.03028853e-01
14.94814 7.03054800e-01
14.99989 7.24344756e-01
15.05181 7.63632116e-01
15.10392 8.20661022e-01
15.15620 8.94305253e-01
15.20866 9.80290142e-01
15.26131 1.06929629e+00
15.31414 1.14833388e+00
15.36715 1.20445105e+00
15.42034 1.23178745e+00
15.47372 1.22923273e+00
15.52729 1.19750145e+00
15.58103 1.14885786e+00
15.63497 1.10110579e+00
15.68909 1.06060746e+00
15.74340 1.02325894e+00
15.79790 9.83013733e-01
15.85258 9.40137956e-01
15.90746 8.99291120e-01
15.96252 8.61903404e-01
16.01778 8.28153449e-01
16.07323 8.00159671e-01
16.12886 7.80200462e-01
16.18470 7.69653111e-01
16.24072 7.66895422e-01
16.29694 7.70043991e-01
16.35335 7.77316960e-01
16.40996 7.85580756e-01
16.46677 7.89229093e-01
16.52377 7.83523751e-01
16.58097 7.68857787e-01
16.63836 7.52021947e-01
16.69596 7.41672898e-01
16.75375 7.42828364e-01
16.81175 7.57018329e-01
16.86994 7.83757644e-01
16.92834 8.21818293e-01
16.98694 8.69831511e-01
17.04574 9.26416960e-01
17.10474 9.89104107e-01
17.16395 1.05527831e+00
17.22337 1.12391141e+00
17.28299 1.19492053e+00
17.34281 1.26753356e+00
17.40285 1.33793352e+00
17.46309 1.40179940e+00
17.52354 1.46881660e+00
17.58420 1.56296865e+00
17.64507 1.68870228e+00
17.70615 1.80906880e+00
17.76744 1.88139149e+00
17.82894 1.90277379e+00
17.89066 1.88081880e+00
17.95259 1.83879484e+00
18.01473 1.79868142e+00
18.07709 1.76611979e+00
18.13967 1.74458698e+00
18.20246 1.73933860e+00
18.26547 1.74219839e+00
18.32870 1.72701051e+00
18.39214 1.68444858e+00
18.45581 1.63542307e+00
18.51969 1.60414153e+00
18.58380 1.59263477e+00
18.64813 1.59220115e+00
18.71268 1.59985367e+00
18.77746 1.61533462e+00
18.84246 1.63357127e+00
18.90768 1.64621091e+00
18.97313 1.65221336e+00
19.03881 1.65819211e+00
19.10472 1.66464903e+00
19.17085 1.65985388e+00
19.23721 1.63498714e+00
19.30380 1.59211136e+00
19.37062 1.53457870e+00
19.43768 1.46646080e+00
19.50496 1.39860728e+00
19.57248 1.34060335e+00
19.64023 1.29621172e+00
19.70822 1.26495196e+00
19.77644 1.24735072e+00
19.84490 1.24486749e+00
19.91359 1.25772758e+00
19.98252 1.27607611e+00
20.05169 1.28280818e+00
20.12110 1.26873693e+00
20.19076 1.23796313e+00
20.26065 1.20097438e+00
20.33078 1.16395583e+00
20.40116 1.13080875e+00
20.47178 1.10344914e+00
20.54264 1.08343455e+00
20.61375 1.07317442e+00
20.68511 1.07485286e+00
20.75671 1.08908937e+00
20.82856 1.11598530e+00
20.90066 1.15456787e+00
20.97301 1.20123372e+00
21.04561 1.25280338e+00
21.11846 1.30412607e+00
21.19157 1.35087568e+00
21.26492 1.39130681e+00
21.33853 1.42239658e+00
21.41240 1.44320487e+00
21.48652 1.45668787e+00
21.56090 1.46606059e+00
21.63553 1.47128464e+00
21.71043 1.46962461e+00
21.78558 1.46358732e+00
21.86099 1.46480874e+00
21.93666 1.48189409e+00
22.01260 1.51795809e+00
22.08880 1.56619145e+00
22.16526 1.61683020e+00
22.24199 1.65794720e+00
22.31898 1.67593670e+00
22.39624 1.67113794e+00
22.47377 1.65634236e+00
22.55156 1.65497540e+00
22.62962 1.67260501e+00
22.70796 1.69872503e+00
22.78656 1.71922744e+00
22.86544 1.74104460e+00
22.94459 1.76531469e+00
23.02402 1.78086353e+00
23.10372 1.78084132e+00
23.18369 1.77582141e+00
23.26394 1.77017027e+00
23.34447 1.75587882e+00
23.42528 1.73213886e+00
23.50637 1.71354027e+00
23.58774 1.70987575e+00
23.66939 1.72617748e+00
23.75133 1.75606604e+00
23.83354 1.79273559e+00
23.91604 1.82823032e+00
23.99883 1.86076340e+00
24.08191 1.89134151e+00
24.16527 1.92175219e+00
24.24892 1.94884741e+00
24.33286 1.96294560e+00
24.41709 1.95153025e+00
24.50161 1.91039980e+00
24.58642 1.84500612e+00
24.67153 1.77115307e+00
24.75693 1.70284564e+00
24.84263 1.64894582e+00
24.92863 1.60713684e+00
25.01492 1.57496080e+00
25.10151 1.54564860e+00
25.18840 1.51490472e+00
25.27559 1.48402234e+00
25.36309 1.45255388e+00
25.45088 1.42252208e+00
25.53898 1.39564059e+00
25.62739 1.37056086e+00
25.71610 1.34801806e+00
25.80512 1.33226041e+00
25.89444 1.32822611e+00
25.98408 1.34218392e+00
26.07403 1.37823740e+00
26.16428 1.43750494e+00
26.25485 1.52279867e+00
26.34574 1.63301780e+00
26.43694 1.75484898e+00
26.52845 1.86578772e+00
26.62028 1.93348456e+00
26.71243 1.94461394e+00
26.80489 1.90696439e+00
26.89768 1.84453354e+00
26.99079 1.78325398e+00
27.08422 1.73651209e+00
27.17798 1.70888144e+00
27.27205 1.70065821e+00
27.36646 1.70833152e+00
27.46119 1.72997073e+00
27.55625 1.76523884e+00
27.65164 1.81195697e+00
27.74736 1.86347342e+00
27.84341 1.91193887e+00
27.93979 1.95027286e+00
28.03650 1.97422705e+00
28.13355 1.98245868e+00
28.23094 1.97644179e+00
28.32867 1.95897302e+00
28.42673 1.93384682e+00
28.52513 1.90441452e+00
28.62387 1.87469601e+00
28.72295 1.84866086e+00
28.82238 1.83022815e+00
28.92215 1.82331800e+00
29.02227 1.82625321e+00
29.12273 1.83631106e+00
29.22354 1.84865340e+00
29.32470 1.85744944e+00
29.42621 1.85700424e+00
29.52807 1.84417178e+00
29.63029 1.81876657e+00
29.73286 1.78371947e+00
29.83578 1.74436416e+00
29.93906 1.70617067e+00
30.04269 1.67311996e+00
30.14669 1.64662773e+00
30.25104 1.62579144e+00
30.35576 1.60845552e+00
30.46084 1.59435472e+00
30.56628 1.58600381e+00
30.67209 1.58604463e+00
30.77826 1.59550434e+00
30.88481 1.61205862e+00
30.99172 1.63161301e+00
31.09900 1.64950433e+00
31.20665 1.66109583e+00
31.31467 1.66327280e+00
31.42307 1.65523742e+00
31.53184 1.63750708e+00
31.64099 1.61036481e+00
31.75052 1.57434685e+00
31.86043 1.53253588e+00
31.97072 1.49004831e+00
32.08139 1.45105980e+00
32.19244 1.41778236e+00
32.30388 1.39112948e+00
32.41570 1.37140528e+00
32.52791 1.35808164e+00
32.64051 1.34934134e+00
32.75349 1.34223650e+00
32.86687 1.33406877e+00
32.98064 1.32415988e+00
33.09481 1.31425467e+00
33.20937 1.30769850e+00
33.32433 1.30750592e+00
33.43968 1.31471387e+00
33.55544 1.32816762e+00
33.67159 1.34567042e+00
33.78815 1.36709564e+00
33.90511 1.39275995e+00
34.02247 1.42232210e+00
34.14024 1.45290513e+00
34.25842 1.48048544e+00
34.37701 1.50185927e+00
34.49601 1.51619216e+00
34.61542 1.52522272e+00
34.73525 1.53197047e+00
34.85549 1.53899468e+00
34.97614 1.54677892e+00
35.09721 1.55313611e+00
35.21871 1.55414324e+00
35.34062 1.54605068e+00
35.46295 1.52754591e+00
35.58571 1.50150772e+00
35.70889 1.47438082e+00
35.83250 1.45399277e+00
35.95654 1.44595553e+00
36.08101 1.45250081e+00
36.20590 1.47207903e+00
36.33123 1.49978186e+00
36.45700 1.52824859e+00
36.58320 1.54995431e+00
36.70983 1.55999212e+00
36.83691 1.55792479e+00
36.96442 1.54753667e+00
37.09238 1.53465698e+00
37.22077 1.52454008e+00
37.34962 1.52014949e+00
37.47890 1.52174412e+00
37.60864 1.52729982e+00
37.73883 1.53311611e+00
37.86946 1.53453185e+00
38.00055 1.52603777e+00
38.13209 1.50216621e+00
38.26409 1.45741126e+00
38.39654 1.38869360e+00
38.52946 1.29856857e+00
38.66283 1.19530376e+00
38.79667 1.08923379e+00
38.93096 9.88737991e-01
39.06573 8.98622231e-01
39.20096 8.21179956e-01
39.33665 7.55716142e-01
39.47282 7.01110418e-01
39.60946 6.56207876e-01
39.74657 6.19901022e-01
39.88416 5.91239600e-01
40.02222 5.69461013e-01
40.16076 5.54035689e-01
40.29978 5.45390720e-01
40.43928 5.42837369e-01
40.57926 5.46523911e-01
40.71973 5.56767182e-01
40.86069 5.74013564e-01
41.00213 5.98757973e-01
41.14406 6.32087120e-01
41.28648 6.74918284e-01
41.42940 7.23977458e-01
41.57281 7.75771982e-01
41.71672 8.26231778e-01
41.86113 8.71955218e-01
42.00603 9.11349538e-01
42.15144 9.53209289e-01
42.29735 1.00975566e+00
42.44377 1.08107807e+00
42.59069 1.15247564e+00
42.73812 1.20361640e+00
42.88606 1.21540490e+00
43.03451 1.24193988e+00
43.18348 1.29861169e+00
43.33297 1.39245468e+00
43.48297 1.52020736e+00
43.63349 1.69792180e+00
43.78453 1.83277180e+00
43.93609 1.87046795e+00
44.08818 1.77810379e+00
44.24079 1.61817967e+00
44.39394 1.48317811e+00
44.54761 1.35830744e+00
44.70182 1.24224508e+00
44.85655 1.13561548e+00
45.01183 1.04237187e+00
45.16764 9.62607209e-01
45.32399 8.95921724e-01
45.48089 8.41405413e-01
45.63832 8.00435689e-01
45.79630 7.73007200e-01
45.95483 7.54296107e-01
46.11391 7.43405351e-01
46.27353 7.42359956e-01
46.43371 7.50025298e-01
46.59445 7.64057529e-01
46.75574 7.85473428e-01
46.91759 8.15019564e-01
47.08000 8.51889609e-01
47.24297 8.95948107e-01
47.40650 9.45285868e-01
47.57060 9.93451667e-01
47.73527 1.03510421e+00
47.90051 1.06256878e+00
48.06633 1.06793975e+00
48.23271 1.04896871e+00
48.39967 1.00729622e+00
48.56721 9.48981799e-01
48.73533 8.86416459e-01
48.90403 8.26588933e-01
49.07332 7.73003747e-01
49.24319 7.29489656e-01
49.41365 6.96866470e-01
49.58470 6.70402787e-01
49.75634 6.49189346e-01
49.92858 6.28656224e-01
50.10141 6.06901269e-01
50.27484 5.83867057e-01
50.44887 5.55228638e-01
50.62350 5.23486631e-01
50.79874 4.89761944e-01
50.97458 4.53998950e-01
51.15104 4.19814876e-01
51.32810 3.87886582e-01
51.50578 3.60954571e-01
51.68407 3.43237888e-01
51.86298 3.34326160e-01
52.04250 3.40726089e-01
52.22265 3.71604427e-01
52.40343 4.00021876e-01
52.58482 4.07314133e-01
52.76685 3.58715404e-01
52.94951 2.91745689e-01
53.13280 2.36924551e-01
53.31672 1.99444796e-01
53.50128 1.72203260e-01
53.68648 1.55501553e-01
53.87232 1.42509970e-01
54.05880 1.32256108e-01
54.24593 1.25666520e-01
54.43371 1.20688898e-01
54.62214 1.17541100e-01
54.81122 1.18254814e-01
55.00095 1.22108852e-01
55.19134 1.32098313e-01
55.38239 1.58675247e-01
55.57410 1.95861363e-01
55.76647 2.69296104e-01
55.95951 2.91342091e-01
56.15322 2.68310299e-01
56.34760 2.04326646e-01
56.54265 1.40213516e-01
56.73838 1.09954588e-01
56.93479 9.00971307e-02
57.13187 7.73149627e-02
57.32964 7.01086649e-02
57.52809 6.40221369e-02
57.72723 5.97024213e-02
57.92705 5.61605582e-02
58.12757 5.31083342e-02
58.32879 5.06977769e-02
58.53070 4.84600978e-02
58.73331 4.65437342e-02
58.93662 4.47984942e-02
59.14063 4.31918872e-02
59.34535 4.17635630e-02
59.55078 4.04000346e-02
59.75692 3.91682480e-02
59.96377 3.79944749e-02
60.17134 3.69050404e-02
60.37963 3.58514284e-02
60.58864 3.48324928e-02
60.79837 3.38469164e-02
61.00883 3.28934287e-02
61.22002 3.19708219e-02
61.43194 3.10779336e-02
61.64459 3.02136414e-02
61.85797 2.93769044e-02
62.07210 2.85666957e-02
62.28697 2.77820536e-02
62.50258 2.70220347e-02
62.71894 2.62857485e-02
62.93605 2.55723484e-02
63.15390 2.48810084e-02
63.37252 2.42109467e-02
63.59189 2.35614145e-02
63.81201 2.29316833e-02
64.03290 2.23210618e-02
64.25456 2.17288854e-02
64.47698 2.11545096e-02
64.70017 2.05973289e-02
64.92414 2.00567559e-02
65.14888 1.95322207e-02
65.37440 1.90231770e-02
65.60070 1.85291108e-02
65.82778 1.80495118e-02
66.05565 1.75838980e-02
66.28430 1.71318112e-02
66.51375 1.66927930e-02
66.74400 1.62664283e-02
66.97504 1.58522915e-02
67.20688 1.54499831e-02
67.43952 1.50591311e-02
67.67297 1.46793540e-02
67.90722 1.43103041e-02
68.14229 1.39516378e-02
68.37817 1.36030185e-02
68.61486 1.32641301e-02
68.85238 1.29346647e-02
69.09072 1.26143348e-02
69.32988 1.23028397e-02
69.56987 1.19999183e-02
69.81069 1.17053029e-02
70.05235 1.14187304e-02
70.29484 1.11399531e-02
70.53817 1.08687388e-02
70.78235 1.06048532e-02
71.02737 1.03480745e-02
71.27323 1.00981882e-02
71.51995 9.85498578e-03
71.76752 9.61826756e-03
72.01595 9.38783938e-03
72.26524 9.16351333e-03
72.51539 8.94510960e-03
72.76641 8.73245271e-03
73.01830 8.52537342e-03
73.27106 8.32370809e-03
73.52469 8.12729929e-03
73.77920 7.93599333e-03
74.03460 7.74964213e-03
74.29087 7.56810382e-03
74.54804 7.39123840e-03
74.80609 7.21891333e-03
75.06504 7.05099733e-03
75.32488 6.88736533e-03
75.58563 6.72789662e-03
75.84727 6.57247236e-03
76.10982 6.42097929e-03
76.37328 6.27330667e-03
76.63766 6.12934747e-03
76.90295 5.98899840e-03
77.16915 5.85215929e-03
77.43628 5.71873307e-03
77.70433 5.58862391e-03
77.97331 5.46174160e-03
78.24322 5.33799778e-03
78.51407 5.21730658e-03
78.78585 5.09958400e-03
79.05857 4.98475040e-03
79.33224 4.87272676e-03
79.60686 4.76343840e-03
79.88242 4.65681004e-03
80.15894 4.55277076e-03
80.43642 4.45125209e-03
80.71486 4.35218684e-03
80.99426 4.25550844e-03
81.27463 4.16115404e-03
81.55596 4.06906267e-03
81.83828 3.97917458e-03
82.12157 3.89143197e-03
82.40584 3.80577811e-03
82.69109 3.72215841e-03
82.97733 3.64052117e-03
83.26457 3.56081301e-03
83.55279 3.48298502e-03
83.84202 3.40698885e-03
84.13225 3.33277647e-03
84.42348 3.26030283e-03
84.71572 3.18952306e-03
85.00897 3.12039404e-03
85.30323 3.05287273e-03
85.59852 2.98691972e-03
85.89482 2.92249496e-03
86.19215 2.85955892e-03
86.49052 2.79807565e-03
86.78991 2.73800676e-03
87.09034 2.67931788e-03
87.39181 2.62197401e-03
87.69432 2.56594240e-03
87.99789 2.51118958e-03
88.30250 2.45768407e-03
88.60816 2.40539538e-03
88.91489 2.35429289e-03
89.22267 2.30434767e-03
89.53153 2.25553073e-03
89.84145 2.20781574e-03
90.15244 2.16117459e-03
90.46451 2.11558125e-03
90.77766 2.07101079e-03
91.09190 2.02743756e-03
91.40722 1.98483799e-03
91.72363 1.94318886e-03
92.04114 1.90246678e-03
92.35975 1.86264873e-03
92.67946 1.82371436e-03
93.00028 1.78564251e-03
93.32221 1.74841109e-03
93.64525 1.71200132e-03
93.96941 1.67639360e-03
94.29469 1.64156863e-03
94.62110 1.60750788e-03
94.94864 1.57419372e-03
95.27731 1.54160764e-03
95.60712 1.50973368e-03
95.93807 1.47855388e-03
96.27017 1.44805354e-03
96.60342 1.41821493e-03
96.93782 1.38902437e-03
97.27338 1.36046543e-03
97.61010 1.33252473e-03
97.94798 1.30518684e-03
98.28704 1.27843875e-03
98.62727 1.25226609e-03
98.96867 1.22665567e-03
99.31126 1.20159455e-03
99.65504 1.17707134e-03
100.00000 1.15307198e-03
