        2000  5.000000 2.800000
0.10000 1.77055604e+00
0.10035 1.76914702e+00
0.10069 1.76797196e+00
0.10104 1.76679639e+00
0.10139 1.76550472e+00
0.10174 1.76402931e+00
0.10210 1.76292076e+00
0.10245 1.76141716e+00
0.10280 1.76016008e+00
0.10316 1.75894961e+00
0.10352 1.75756156e+00
0.10387 1.75613132e+00
0.10423 1.75520047e+00
0.10459 1.75382698e+00
0.10496 1.75281207e+00
0.10532 1.75156327e+00
0.10568 1.75035709e+00
0.10605 1.74949432e+00
0.10642 1.74843741e+00
0.10679 1.74715514e+00
0.10716 1.74620600e+00
0.10753 1.74493536e+00
0.10790 1.74372756e+00
0.10827 1.74261124e+00
0.10865 1.74124303e+00
0.10902 1.74026328e+00
0.10940 1.73916101e+00
0.10978 1.73824373e+00
0.11016 1.73725490e+00
0.11054 1.73647171e+00
0.11092 1.73565286e+00
0.11131 1.73480135e+00
0.11169 1.73411305e+00
0.11208 1.73340477e+00
0.11247 1.73263614e+00
0.11286 1.73193527e+00
0.11325 1.73095372e+00
0.11364 1.72988878e+00
0.11403 1.72911156e+00
0.11443 1.72779084e+00
0.11482 1.72674712e+00
0.11522 1.72592124e+00
0.11562 1.72465452e+00
0.11602 1.72353148e+00
0.11642 1.72246443e+00
0.11682 1.72130871e+00
0.11723 1.72016258e+00
0.11763 1.71866109e+00
0.11804 1.71758776e+00
0.11845 1.71621663e+00
0.11886 1.71498612e+00
0.11927 1.71359776e+00
0.11968 1.71196847e+00
0.12010 1.71029239e+00
0.12051 1.70874891e+00
0.12093 1.70741735e+00
0.12135 1.70569187e+00
0.12177 1.70401753e+00
0.12219 1.70235862e+00
0.12262 1.70068540e+00
0.12304 1.69887866e+00
0.12347 1.69717657e+00
0.12389 1.69531706e+00
0.12432 1.69355256e+00
0.12475 1.69143464e+00
0.12518 1.68955173e+00
0.12562 1.68767156e+00
0.12605 1.68535428e+00
0.12649 1.68369021e+00
0.12693 1.68188813e+00
0.12737 1.67997517e+00
0.12781 1.67807652e+00
0.12825 1.67650460e+00
0.12869 1.67486287e+00
0.12914 1.67310733e+00
0.12959 1.67132778e+00
0.13003 1.66966234e+00
0.13048 1.66795434e+00
0.13094 1.66673634e+00
0.13139 1.66536751e+00
0.13184 1.66374612e+00
0.13230 1.66219710e+00
0.13276 1.66116726e+00
0.13322 1.66005523e+00
0.13368 1.65877824e+00
0.13414 1.65750685e+00
0.13461 1.65621761e+00
0.13507 1.65532572e+00
0.13554 1.65436942e+00
0.13601 1.65294391e+00
0.13648 1.65198028e+00
0.13695 1.65073963e+00
0.13743 1.64961378e+00
0.13790 1.64820482e+00
0.13838 1.64700524e+00
0.13886 1.64547214e+00
0.13934 1.64386046e+00
0.13982 1.64206361e+00
0.14031 1.64023645e+00
0.14079 1.63844651e+00
0.14128 1.63636636e+00
0.14177 1.63441370e+00
0.14226 1.63219236e+00
0.14275 1.63010369e+00
0.14324 1.62789884e+00
0.14374 1.62571982e+00
0.14424 1.62369424e+00
0.14474 1.62167171e+00
0.14524 1.61986620e+00
0.14574 1.61786912e+00
0.14625 1.61617108e+00
0.14675 1.61409124e+00
0.14726 1.61271619e+00
0.14777 1.61090795e+00
0.14828 1.60951355e+00
0.14879 1.60790361e+00
0.14931 1.60656950e+00
0.14983 1.60499117e+00
0.15034 1.60346094e+00
0.15087 1.60175867e+00
0.15139 1.60037646e+00
0.15191 1.59866068e+00
0.15244 1.59669689e+00
0.15297 1.59494490e+00
0.15349 1.59300997e+00
0.15403 1.59091831e+00
0.15456 1.58932318e+00
0.15509 1.58756540e+00
0.15563 1.58570104e+00
0.15617 1.58391893e+00
0.15671 1.58252435e+00
0.15725 1.58095299e+00
0.15780 1.57956064e+00
0.15834 1.57828347e+00
0.15889 1.57652239e+00
0.15944 1.57510204e+00
0.15999 1.57381193e+00
0.16055 1.57272939e+00
0.16110 1.57149204e+00
0.16166 1.56964198e+00
0.16222 1.56858850e+00
0.16278 1.56716156e+00
0.16335 1.56598008e+00
0.16391 1.56448413e+00
0.16448 1.56334260e+00
0.16505 1.56226261e+00
0.16562 1.56094692e+00
0.16619 1.55975350e+00
0.16677 1.55859685e+00
0.16734 1.55731203e+00
0.16792 1.55642953e+00
0.16851 1.55529603e+00
0.16909 1.55416806e+00
0.16967 1.55327866e+00
0.17026 1.55202780e+00
0.17085 1.55076556e+00
0.17144 1.54975694e+00
0.17204 1.54832925e+00
0.17263 1.54693523e+00
0.17323 1.54582244e+00
0.17383 1.54478196e+00
0.17443 1.54360180e+00
0.17503 1.54267170e+00
0.17564 1.54120748e+00
0.17625 1.54022736e+00
0.17686 1.53901160e+00
0.17747 1.53798039e+00
0.17808 1.53664280e+00
0.17870 1.53556337e+00
0.17932 1.53418141e+00
0.17994 1.53302458e+00
0.18056 1.53126941e+00
0.18119 1.53029881e+00
0.18182 1.52884791e+00
0.18244 1.52758810e+00
0.18308 1.52586031e+00
0.18371 1.52469831e+00
0.18435 1.52352443e+00
0.18498 1.52209717e+00
0.18562 1.52072586e+00
0.18627 1.51975986e+00
0.18691 1.51843801e+00
0.18756 1.51713445e+00
0.18821 1.51559806e+00
0.18886 1.51460556e+00
0.18951 1.51309524e+00
0.19017 1.51135382e+00
0.19083 1.51002855e+00
0.19149 1.50858929e+00
0.19215 1.50707741e+00
0.19282 1.50531534e+00
0.19348 1.50377696e+00
0.19415 1.50240060e+00
0.19483 1.50131383e+00
0.19550 1.49975989e+00
0.19618 1.49829699e+00
0.19686 1.49656316e+00
0.19754 1.49494800e+00
0.19822 1.49334628e+00
0.19891 1.49162191e+00
0.19960 1.48983564e+00
0.20029 1.48781671e+00
0.20098 1.48586237e+00
0.20168 1.48412034e+00
0.20237 1.48231869e+00
0.20307 1.48061673e+00
0.20378 1.47855251e+00
0.20448 1.47682173e+00
0.20519 1.47473561e+00
0.20590 1.47269621e+00
0.20661 1.47091031e+00
0.20733 1.46875157e+00
0.20805 1.46668965e+00
0.20877 1.46459438e+00
0.20949 1.46258380e+00
0.21021 1.46035699e+00
0.21094 1.45800038e+00
0.21167 1.45637669e+00
0.21240 1.45447388e+00
0.21314 1.45235863e+00
0.21388 1.45024189e+00
0.21462 1.44838960e+00
0.21536 1.44634834e+00
0.21611 1.44448298e+00
0.21685 1.44247942e+00
0.21760 1.44041470e+00
0.21836 1.43839802e+00
0.21911 1.43649949e+00
0.21987 1.43444896e+00
0.22063 1.43260152e+00
0.22140 1.43031180e+00
0.22216 1.42821112e+00
0.22293 1.42652720e+00
0.22370 1.42470838e+00
0.22448 1.42257292e+00
0.22526 1.42050633e+00
0.22604 1.41896042e+00
0.22682 1.41692513e+00
0.22760 1.41466845e+00
0.22839 1.41253417e+00
0.22918 1.41041258e+00
0.22998 1.40839994e+00
0.23077 1.40646408e+00
0.23157 1.40485240e+00
0.23237 1.40292183e+00
0.23318 1.40095741e+00
0.23398 1.39918346e+00
0.23479 1.39747098e+00
0.23561 1.39578700e+00
0.23642 1.39440380e+00
0.23724 1.39261111e+00
0.23806 1.39133444e+00
0.23889 1.38948034e+00
0.23971 1.38815749e+00
0.24054 1.38669004e+00
0.24137 1.38568410e+00
0.24221 1.38416096e+00
0.24305 1.38311656e+00
0.24389 1.38184194e+00
0.24473 1.38031052e+00
0.24558 1.37864004e+00
0.24643 1.37762756e+00
0.24728 1.37619515e+00
0.24814 1.37463113e+00
0.24900 1.37351188e+00
0.24986 1.37174588e+00
0.25073 1.37048968e+00
0.25159 1.36868405e+00
0.25246 1.36750600e+00
0.25334 1.36600078e+00
0.25422 1.36429969e+00
0.25510 1.36282857e+00
0.25598 1.36167758e+00
0.25687 1.36002403e+00
0.25775 1.35884691e+00
0.25865 1.35735500e+00
0.25954 1.35551553e+00
0.26044 1.35419455e+00
0.26134 1.35251754e+00
0.26225 1.35175600e+00
0.26315 1.34994907e+00
0.26406 1.34854596e+00
0.26498 1.34765524e+00
0.26590 1.34619016e+00
0.26682 1.34471823e+00
0.26774 1.34287316e+00
0.26867 1.34110206e+00
0.26960 1.33952031e+00
0.27053 1.33811098e+00
0.27147 1.33673182e+00
0.27241 1.33464700e+00
0.27335 1.33302276e+00
0.27430 1.33110046e+00
0.27525 1.32876825e+00
0.27620 1.32716111e+00
0.27715 1.32520590e+00
0.27811 1.32326015e+00
0.27908 1.32089882e+00
0.28004 1.31907913e+00
0.28101 1.31710787e+00
0.28198 1.31502087e+00
0.28296 1.31315968e+00
0.28394 1.31117566e+00
0.28492 1.30878042e+00
0.28591 1.30700609e+00
0.28690 1.30480697e+00
0.28789 1.30246219e+00
0.28889 1.30056447e+00
0.28989 1.29840492e+00
0.29089 1.29591429e+00
0.29190 1.29356354e+00
0.29291 1.29198888e+00
0.29392 1.28917550e+00
0.29494 1.28771148e+00
0.29596 1.28519434e+00
0.29699 1.28343040e+00
0.29801 1.28124086e+00
0.29905 1.27931596e+00
0.30008 1.27766433e+00
0.30112 1.27618923e+00
0.30216 1.27466926e+00
0.30321 1.27291404e+00
0.30426 1.27188724e+00
0.30531 1.26992681e+00
0.30637 1.26882591e+00
0.30743 1.26724111e+00
0.30849 1.26612590e+00
0.30956 1.26481059e+00
0.31063 1.26349141e+00
0.31171 1.26247153e+00
0.31279 1.26066385e+00
0.31387 1.25971228e+00
0.31496 1.25814117e+00
0.31605 1.25692205e+00
0.31714 1.25570113e+00
0.31824 1.25427350e+00
0.31934 1.25300056e+00
0.32044 1.25174056e+00
0.32155 1.25049114e+00
0.32267 1.24907396e+00
0.32378 1.24762363e+00
0.32490 1.24648645e+00
0.32603 1.24479830e+00
0.32716 1.24364159e+00
0.32829 1.24179017e+00
0.32943 1.24084464e+00
0.33057 1.23901792e+00
0.33171 1.23732740e+00
0.33286 1.23610132e+00
0.33401 1.23407212e+00
0.33517 1.23270411e+00
0.33633 1.23076259e+00
0.33749 1.22908564e+00
0.33866 1.22692870e+00
0.33983 1.22552584e+00
0.34101 1.22348806e+00
0.34219 1.22164523e+00
0.34337 1.21984980e+00
0.34456 1.21804480e+00
0.34576 1.21599097e+00
0.34695 1.21418920e+00
0.34815 1.21224861e+00
0.34936 1.21009940e+00
0.35057 1.20836091e+00
0.35178 1.20603660e+00
0.35300 1.20457537e+00
0.35422 1.20200596e+00
0.35545 1.19986900e+00
0.35668 1.19819753e+00
0.35791 1.19579220e+00
0.35915 1.19387004e+00
0.36039 1.19165835e+00
0.36164 1.18989012e+00
0.36289 1.18722060e+00
0.36415 1.18584648e+00
0.36541 1.18346051e+00
0.36668 1.18162526e+00
0.36795 1.17961275e+00
0.36922 1.17775535e+00
0.37050 1.17581271e+00
0.37178 1.17396048e+00
0.37307 1.17205393e+00
0.37436 1.16995623e+00
0.37565 1.16841580e+00
0.37695 1.16603318e+00
0.37826 1.16425363e+00
0.37957 1.16255017e+00
0.38088 1.16066950e+00
0.38220 1.15880875e+00
0.38352 1.15639807e+00
0.38485 1.15507940e+00
0.38618 1.15341396e+00
0.38752 1.15138943e+00
0.38886 1.14964335e+00
0.39021 1.14852528e+00
0.39156 1.14593808e+00
0.39291 1.14467211e+00
0.39427 1.14294214e+00
0.39564 1.14136885e+00
0.39701 1.13936293e+00
0.39838 1.13760491e+00
0.39976 1.13643980e+00
0.40115 1.13433905e+00
0.40253 1.13259608e+00
0.40393 1.13120019e+00
0.40533 1.12927242e+00
0.40673 1.12773254e+00
0.40814 1.12595012e+00
0.40955 1.12426683e+00
0.41097 1.12301541e+00
0.41239 1.12108341e+00
0.41382 1.11972952e+00
0.41525 1.11853056e+00
0.41669 1.11613413e+00
0.41813 1.11555074e+00
0.41958 1.11356964e+00
0.42103 1.11180440e+00
0.42249 1.11050414e+00
0.42395 1.10903576e+00
0.42542 1.10699817e+00
0.42689 1.10581632e+00
0.42837 1.10392246e+00
0.42985 1.10209680e+00
0.43134 1.10135505e+00
0.43283 1.09885726e+00
0.43433 1.09755259e+00
0.43583 1.09591421e+00
0.43734 1.09388502e+00
0.43886 1.09278008e+00
0.44037 1.09091074e+00
0.44190 1.08878834e+00
0.44343 1.08719252e+00
0.44496 1.08564251e+00
0.44650 1.08312655e+00
0.44805 1.08185697e+00
0.44960 1.07987314e+00
0.45116 1.07781439e+00
0.45272 1.07570867e+00
0.45429 1.07406575e+00
0.45586 1.07192811e+00
0.45744 1.07015801e+00
0.45902 1.06816789e+00
0.46061 1.06621648e+00
0.46220 1.06422251e+00
0.46380 1.06265289e+00
0.46541 1.06056676e+00
0.46702 1.05870066e+00
0.46864 1.05742361e+00
0.47026 1.05519033e+00
0.47189 1.05363384e+00
0.47352 1.05151723e+00
0.47516 1.05036020e+00
0.47680 1.04857281e+00
0.47845 1.04642907e+00
0.48011 1.04495589e+00
0.48177 1.04424706e+00
0.48344 1.04208938e+00
0.48511 1.04022240e+00
0.48679 1.03910756e+00
0.48848 1.03785584e+00
0.49017 1.03587052e+00
0.49186 1.03427595e+00
0.49357 1.03335941e+00
0.49528 1.03171096e+00
0.49699 1.03004365e+00
0.49871 1.02829844e+00
0.50044 1.02792293e+00
0.50217 1.02535975e+00
0.50391 1.02450556e+00
0.50565 1.02277149e+00
0.50740 1.02140727e+00
0.50916 1.01941890e+00
0.51092 1.01824495e+00
0.51269 1.01657254e+00
0.51446 1.01507784e+00
0.51625 1.01344364e+00
0.51803 1.01235537e+00
0.51983 1.01015812e+00
0.52163 1.00845484e+00
0.52343 1.00731288e+00
0.52524 1.00494234e+00
0.52706 1.00371924e+00
0.52889 1.00228346e+00
0.53072 1.00014762e+00
0.53255 9.98052533e-01
0.53440 9.97033520e-01
0.53625 9.94918213e-01
0.53810 9.93041156e-01
0.53997 9.91319529e-01
0.54183 9.89355298e-01
0.54371 9.88210160e-01
0.54559 9.85803404e-01
0.54748 9.83871404e-01
0.54938 9.82387840e-01
0.55128 9.80707031e-01
0.55319 9.78431627e-01
0.55510 9.76896293e-01
0.55702 9.75407191e-01
0.55895 9.72900258e-01
0.56089 9.71593404e-01
0.56283 9.69809680e-01
0.56478 9.68239067e-01
0.56673 9.66223129e-01
0.56869 9.64248569e-01
0.57066 9.63036293e-01
0.57264 9.61195387e-01
0.57462 9.59641262e-01
0.57661 9.57801911e-01
0.57860 9.55889324e-01
0.58061 9.54759058e-01
0.58262 9.53033387e-01
0.58463 9.51607316e-01
0.58666 9.49707173e-01
0.58869 9.47916729e-01
0.59073 9.46982898e-01
0.59277 9.44673893e-01
0.59482 9.43527138e-01
0.59688 9.42193653e-01
0.59895 9.40140818e-01
0.60102 9.38659244e-01
0.60310 9.37144133e-01
0.60519 9.35829751e-01
0.60728 9.33924507e-01
0.60939 9.32099964e-01
0.61150 9.31092338e-01
0.61361 9.29146151e-01
0.61574 9.27251609e-01
0.61787 9.26199929e-01
0.62001 9.24435618e-01
0.62215 9.22524711e-01
0.62431 9.20921867e-01
0.62647 9.19365876e-01
0.62864 9.17918960e-01
0.63081 9.16445413e-01
0.63300 9.14215867e-01
0.63519 9.12567351e-01
0.63739 9.11582747e-01
0.63959 9.09721929e-01
0.64181 9.08265244e-01
0.64403 9.06734329e-01
0.64626 9.04868160e-01
0.64849 9.03161591e-01
0.65074 9.02161680e-01
0.65299 9.00584036e-01
0.65525 8.98875662e-01
0.65752 8.97575716e-01
0.65980 8.95620009e-01
0.66208 8.94479787e-01
0.66437 8.93184507e-01
0.66667 8.91374711e-01
0.66898 8.90329689e-01
0.67130 8.88851911e-01
0.67362 8.86788000e-01
0.67595 8.85700978e-01
0.67829 8.84554782e-01
0.68064 8.82559067e-01
0.68299 8.81364338e-01
0.68536 8.79752222e-01
0.68773 8.78296658e-01
0.69011 8.76844516e-01
0.69250 8.75228729e-01
0.69490 8.73907876e-01
0.69730 8.72214124e-01
0.69972 8.70494489e-01
0.70214 8.68912613e-01
0.70457 8.67453129e-01
0.70701 8.66007582e-01
0.70946 8.64331502e-01
0.71191 8.63033609e-01
0.71438 8.60960427e-01
0.71685 8.59133022e-01
0.71933 8.57967849e-01
0.72182 8.56642951e-01
0.72432 8.54824942e-01
0.72683 8.52953298e-01
0.72934 8.51812080e-01
0.73187 8.49799751e-01
0.73440 8.48736373e-01
0.73694 8.46757831e-01
0.73949 8.45499262e-01
0.74205 8.43481956e-01
0.74462 8.42456409e-01
0.74720 8.40748409e-01
0.74979 8.39519956e-01
0.75238 8.37687324e-01
0.75499 8.36090578e-01
0.75760 8.34708436e-01
0.76022 8.32874187e-01
0.76285 8.31956471e-01
0.76549 8.29926720e-01
0.76814 8.28988098e-01
0.77080 8.27142276e-01
0.77347 8.25738667e-01
0.77615 8.24051138e-01
0.77884 8.23032000e-01
0.78153 8.21143244e-01
0.78424 8.19298356e-01
0.78695 8.17933698e-01
0.78968 8.16430907e-01
0.79241 8.15062951e-01
0.79515 8.13840596e-01
0.79790 8.12676231e-01
0.80067 8.10209929e-01
0.80344 8.08550587e-01
0.80622 8.07479556e-01
0.80901 8.06397884e-01
0.81181 8.04971689e-01
0.81462 8.03063956e-01
0.81744 8.01411520e-01
0.82027 7.99827031e-01
0.82311 7.99300756e-01
0.82596 7.97783716e-01
0.82882 7.96095067e-01
0.83169 7.94935120e-01
0.83457 7.92780178e-01
0.83745 7.91892827e-01
0.84035 7.91001058e-01
0.84326 7.89323236e-01
0.84618 7.87885280e-01
0.84911 7.86534062e-01
0.85205 7.85677013e-01
0.85500 7.84144107e-01
0.85796 7.82834142e-01
0.86093 7.80749760e-01
0.86391 7.79619680e-01
0.86690 7.78517227e-01
0.86990 7.77792960e-01
0.87291 7.75978311e-01
0.87593 7.74733182e-01
0.87897 7.72945600e-01
0.88201 7.71764809e-01
0.88506 7.69941884e-01
0.88813 7.69121671e-01
0.89120 7.67036044e-01
0.89428 7.65836898e-01
0.89738 7.64723493e-01
0.90049 7.62992658e-01
0.90360 7.61759787e-01
0.90673 7.60372667e-01
0.90987 7.58800684e-01
0.91302 7.57222418e-01
0.91618 7.55865289e-01
0.91935 7.53775804e-01
0.92253 7.53171938e-01
0.92573 7.51398729e-01
0.92893 7.50126844e-01
0.93215 7.48461404e-01
0.93537 7.47143476e-01
0.93861 7.46314240e-01
0.94186 7.44447884e-01
0.94512 7.42704169e-01
0.94839 7.41738293e-01
0.95168 7.39959111e-01
0.95497 7.38727547e-01
0.95828 7.38237236e-01
0.96159 7.36580133e-01
0.96492 7.34502596e-01
0.96826 7.33064142e-01
0.97161 7.32189360e-01
0.97498 7.31244702e-01
0.97835 7.29943947e-01
0.98174 7.28116293e-01
0.98514 7.26650711e-01
0.98855 7.24841289e-01
0.99197 7.24270960e-01
0.99540 7.23963458e-01
0.99885 7.22148684e-01
1.00231 7.19771422e-01
1.00578 7.18471164e-01
1.00926 7.18733182e-01
1.01275 7.17213653e-01
1.01626 7.14573129e-01
1.01978 7.12985342e-01
1.02330 7.12759849e-01
1.02685 7.11219476e-01
1.03040 7.10387938e-01
1.03397 7.09857058e-01
1.03755 7.08150676e-01
1.04114 7.06018631e-01
1.04474 7.04637049e-01
1.04836 7.03370516e-01
1.05199 7.02896942e-01
1.05563 7.02055200e-01
1.05928 7.00038764e-01
1.06295 6.98681324e-01
1.06663 6.98220880e-01
1.07032 6.96278862e-01
1.07403 6.94884213e-01
1.07775 6.94351280e-01
1.08148 6.92338391e-01
1.08522 6.90964462e-01
1.08898 6.91050453e-01
1.09275 6.89370951e-01
1.09653 6.87190373e-01
1.10032 6.86646924e-01
1.10413 6.85644276e-01
1.10796 6.83719369e-01
1.11179 6.82814782e-01
1.11564 6.81609973e-01
1.11950 6.79862400e-01
1.12338 6.79143547e-01
1.12726 6.77876516e-01
1.13117 6.75958640e-01
1.13508 6.75274693e-01
1.13901 6.74741698e-01
1.14295 6.72490373e-01
1.14691 6.71021929e-01
1.15088 6.71206542e-01
1.15487 6.69657458e-01
1.15886 6.67371538e-01
1.16287 6.66813467e-01
1.16690 6.65767076e-01
1.17094 6.63650462e-01
1.17499 6.62816684e-01
1.17906 6.62125147e-01
1.18314 6.60375084e-01
1.18724 6.59541120e-01
1.19135 6.59058089e-01
1.19547 6.57325698e-01
1.19961 6.55145120e-01
1.20376 6.54502116e-01
1.20793 6.54183040e-01
1.21211 6.52326578e-01
1.21630 6.50843573e-01
1.22052 6.49959084e-01
1.22474 6.48626160e-01
1.22898 6.47122809e-01
1.23323 6.47086036e-01
1.23750 6.45984889e-01
1.24179 6.43923653e-01
1.24609 6.42522347e-01
1.25040 6.41631884e-01
1.25473 6.40573671e-01
1.25907 6.39032053e-01
1.26343 6.38146071e-01
1.26780 6.37332204e-01
1.27219 6.35937867e-01
1.27659 6.34533262e-01
1.28101 6.34398862e-01
1.28545 6.33971831e-01
1.28990 6.31449591e-01
1.29436 6.29490524e-01
1.29884 6.28553333e-01
1.30334 6.28348249e-01
1.30785 6.27091360e-01
1.31238 6.25527716e-01
1.31692 6.24450338e-01
1.32148 6.24500178e-01
1.32605 6.23483840e-01
1.33064 6.21638204e-01
1.33525 6.20054587e-01
1.33987 6.19340151e-01
1.34451 6.17769724e-01
1.34916 6.16700062e-01
1.35383 6.16334444e-01
1.35852 6.16292756e-01
1.36322 6.15822231e-01
1.36794 6.13829751e-01
1.37268 6.10842711e-01
1.37743 6.09170302e-01
1.38220 6.09630000e-01
1.38698 6.09534178e-01
1.39178 6.08517529e-01
1.39660 6.07151938e-01
1.40144 6.06319529e-01
1.40629 6.04824204e-01
1.41115 6.03047076e-01
1.41604 6.01912453e-01
1.42094 6.01774133e-01
1.42586 6.01686773e-01
1.43080 6.00584693e-01
1.43575 5.98781680e-01
1.44072 5.97299609e-01
1.44571 5.96596871e-01
1.45071 5.95796880e-01
1.45573 5.94614284e-01
1.46077 5.93597822e-01
1.46583 5.92986427e-01
1.47090 5.92058382e-01
1.47599 5.90758747e-01
1.48110 5.89117636e-01
1.48623 5.87879413e-01
1.49137 5.87669911e-01
1.49654 5.87332293e-01
1.50172 5.86171227e-01
1.50692 5.84383271e-01
1.51213 5.83765716e-01
1.51737 5.84333680e-01
1.52262 5.83222204e-01
1.52789 5.80516533e-01
1.53318 5.78276844e-01
1.53849 5.77495271e-01
1.54381 5.78375093e-01
1.54916 5.78578436e-01
1.55452 5.76621796e-01
1.55990 5.74671067e-01
1.56530 5.73048747e-01
1.57072 5.72560800e-01
1.57615 5.72782000e-01
1.58161 5.71694169e-01
1.58709 5.70343076e-01
1.59258 5.68600667e-01
1.59809 5.67484773e-01
1.60362 5.67925929e-01
1.60918 5.67749031e-01
1.61475 5.65910800e-01
1.62034 5.63332311e-01
1.62594 5.61948987e-01
1.63157 5.61909973e-01
1.63722 5.62323004e-01
1.64289 5.61405413e-01
1.64857 5.59863236e-01
1.65428 5.57958116e-01
1.66001 5.56405671e-01
1.66575 5.56037813e-01
1.67152 5.55734356e-01
1.67731 5.54975804e-01
1.68311 5.53586693e-01
1.68894 5.52162987e-01
1.69478 5.50904604e-01
1.70065 5.50525360e-01
1.70654 5.50428293e-01
1.71245 5.49792320e-01
1.71837 5.48695093e-01
1.72432 5.47085591e-01
1.73029 5.44936871e-01
1.73628 5.43319902e-01
1.74229 5.42800596e-01
1.74832 5.42493280e-01
1.75437 5.41714569e-01
1.76045 5.40847067e-01
1.76654 5.39584329e-01
1.77266 5.39141618e-01
1.77879 5.38955947e-01
1.78495 5.37282231e-01
1.79113 5.34981627e-01
1.79733 5.34061858e-01
1.80355 5.34649360e-01
1.80979 5.34371662e-01
1.81606 5.33085093e-01
1.82234 5.30445378e-01
1.82865 5.28191253e-01
1.83498 5.26651813e-01
1.84133 5.26845076e-01
1.84771 5.28383831e-01
1.85410 5.28209858e-01
1.86052 5.26311644e-01
1.86696 5.23230524e-01
1.87342 5.21392791e-01
1.87991 5.21796924e-01
1.88642 5.22537244e-01
1.89295 5.22103742e-01
1.89950 5.20704738e-01
1.90607 5.18695644e-01
1.91267 5.16451849e-01
1.91929 5.14849067e-01
1.92594 5.14143280e-01
1.93260 5.14063884e-01
1.93929 5.13914116e-01
1.94601 5.13904284e-01
1.95274 5.14183911e-01
1.95950 5.12876622e-01
1.96629 5.10456987e-01
1.97309 5.08383804e-01
1.97992 5.07217013e-01
1.98678 5.06799564e-01
1.99365 5.06696276e-01
2.00055 5.06239627e-01
2.00748 5.06391884e-01
2.01443 5.06603191e-01
2.02140 5.06950391e-01
2.02840 5.07403431e-01
2.03542 5.07441138e-01
2.04247 5.07487680e-01
2.04954 5.07947938e-01
2.05663 5.09190827e-01
2.06375 5.09928284e-01
2.07090 5.09830222e-01
2.07806 5.09584756e-01
2.08526 5.09233511e-01
2.09247 5.09639760e-01
2.09972 5.11939991e-01
2.10699 5.14347680e-01
2.11428 5.14406293e-01
2.12160 5.13084071e-01
2.12894 5.11518311e-01
2.13631 5.10312071e-01
2.14371 5.10942444e-01
2.15113 5.12753858e-01
2.15857 5.14486000e-01
2.16605 5.15533262e-01
2.17354 5.17142578e-01
2.18107 5.19036996e-01
2.18862 5.20037529e-01
2.19619 5.20466613e-01
2.20380 5.20182133e-01
2.21143 5.18044302e-01
2.21908 5.15065164e-01
2.22676 5.13641333e-01
2.23447 5.14605653e-01
2.24220 5.18234578e-01
2.24997 5.23636711e-01
2.25775 5.28003467e-01
2.26557 5.29126204e-01
2.27341 5.27693600e-01
2.28128 5.24620009e-01
2.28918 5.21567449e-01
2.29710 5.20705298e-01
2.30505 5.21907120e-01
2.31303 5.23471138e-01
2.32104 5.25055627e-01
2.32908 5.27721849e-01
2.33714 5.30795067e-01
2.34523 5.33593698e-01
2.35335 5.34967378e-01
2.36149 5.34491378e-01
2.36967 5.33356258e-01
2.37787 5.31313751e-01
2.38610 5.29000764e-01
2.39436 5.28250053e-01
2.40265 5.29242560e-01
2.41097 5.32048409e-01
2.41931 5.36277467e-01
2.42769 5.40822053e-01
2.43609 5.44070427e-01
2.44452 5.44463173e-01
2.45298 5.42236738e-01
2.46148 5.39126996e-01
2.47000 5.36377893e-01
2.47855 5.35733209e-01
2.48713 5.37745600e-01
2.49574 5.41393129e-01
2.50438 5.45501351e-01
2.51304 5.48701440e-01
2.52174 5.49951484e-01
2.53047 5.49239911e-01
2.53923 5.47689333e-01
2.54802 5.46950133e-01
2.55684 5.47946000e-01
2.56569 5.49970587e-01
2.57457 5.52240827e-01
2.58349 5.54475849e-01
2.59243 5.55782516e-01
2.60140 5.55773929e-01
2.61041 5.54810044e-01
2.61944 5.53025138e-01
2.62851 5.51779698e-01
2.63761 5.52332356e-01
2.64674 5.54406844e-01
2.65590 5.57702196e-01
2.66510 5.61968836e-01
2.67432 5.65844098e-01
2.68358 5.68037929e-01
2.69287 5.68204747e-01
2.70219 5.66612729e-01
2.71154 5.64950213e-01
2.72093 5.64224267e-01
2.73035 5.64228871e-01
2.73980 5.64704249e-01
2.74928 5.65517307e-01
2.75880 5.66988862e-01
2.76835 5.69323378e-01
2.77793 5.72025938e-01
2.78755 5.74405876e-01
2.79720 5.76110827e-01
2.80688 5.77278364e-01
2.81660 5.78085076e-01
2.82635 5.78481556e-01
2.83613 5.78473653e-01
2.84595 5.77997591e-01
2.85580 5.77277120e-01
2.86569 5.77141227e-01
2.87561 5.77842160e-01
2.88556 5.78980329e-01
2.89555 5.80489964e-01
2.90557 5.82582996e-01
2.91563 5.85173680e-01
2.92572 5.87724480e-01
2.93585 5.89747822e-01
2.94601 5.90878836e-01
2.95621 5.91330507e-01
2.96644 5.91444498e-01
2.97671 5.91341022e-01
2.98702 5.90868009e-01
2.99736 5.89870213e-01
3.00773 5.88485271e-01
3.01814 5.87520142e-01
3.02859 5.88090782e-01
3.03907 5.90810764e-01
3.04960 5.95412160e-01
3.06015 6.00763893e-01
3.07074 6.05193369e-01
3.08137 6.07196178e-01
3.09204 6.06533387e-01
3.10274 6.04197253e-01
3.11348 6.01323084e-01
3.12426 5.98786844e-01
3.13508 5.97117360e-01
3.14593 5.96535769e-01
3.15682 5.97130489e-01
3.16775 5.98907742e-01
3.17871 6.01650871e-01
3.18972 6.04912809e-01
3.20076 6.08230996e-01
3.21184 6.11144924e-01
3.22295 6.13112951e-01
3.23411 6.13859991e-01
3.24531 6.13553733e-01
3.25654 6.12549404e-01
3.26781 6.11093716e-01
3.27912 6.09374516e-01
3.29047 6.07893813e-01
3.30187 6.07293244e-01
3.31330 6.07841858e-01
3.32476 6.09498587e-01
3.33627 6.12066622e-01
3.34782 6.15154836e-01
3.35941 6.18269991e-01
3.37104 6.20878844e-01
3.38271 6.22428676e-01
3.39442 6.22632764e-01
3.40617 6.21727680e-01
3.41796 6.20098640e-01
3.42979 6.18124578e-01
3.44166 6.16341227e-01
3.45358 6.15250098e-01
3.46553 6.15043644e-01
3.47753 6.15658462e-01
3.48957 6.17051244e-01
3.50164 6.19170533e-01
3.51377 6.21797120e-01
3.52593 6.24455627e-01
3.53814 6.26574169e-01
3.55038 6.27638916e-01
3.56267 6.27559831e-01
3.57500 6.26751876e-01
3.58738 6.25809956e-01
3.59980 6.25114996e-01
3.61226 6.24670667e-01
3.62476 6.24368204e-01
3.63731 6.24246000e-01
3.64990 6.24350284e-01
3.66254 6.24621884e-01
3.67521 6.25022471e-01
3.68794 6.25588569e-01
3.70070 6.26393973e-01
3.71351 6.27508809e-01
3.72637 6.28877200e-01
3.73927 6.30250009e-01
3.75221 6.31293787e-01
3.76520 6.31761013e-01
3.77823 6.31571484e-01
3.79131 6.30809387e-01
3.80443 6.29698720e-01
3.81760 6.28533920e-01
3.83082 6.27576756e-01
3.84408 6.27026898e-01
3.85739 6.27049236e-01
3.87074 6.27723102e-01
3.88414 6.28957156e-01
3.89758 6.30498462e-01
3.91107 6.32008160e-01
3.92461 6.33147884e-01
3.93820 6.33709813e-01
3.95183 6.33744409e-01
3.96551 6.33504231e-01
3.97924 6.33226969e-01
3.99301 6.32996062e-01
4.00683 6.32922578e-01
4.02070 6.32962462e-01
4.03462 6.32968996e-01
4.04859 6.32945040e-01
4.06260 6.32839076e-01
4.07667 6.32608293e-01
4.09078 6.32306578e-01
4.10494 6.32084444e-01
4.11915 6.32122338e-01
4.13341 6.32555280e-01
4.14771 6.33406356e-01
4.16207 6.34559333e-01
4.17648 6.35795502e-01
4.19094 6.36871076e-01
4.20545 6.37586818e-01
4.22000 6.37841244e-01
4.23461 6.37661422e-01
4.24927 6.37199049e-01
4.26398 6.36687956e-01
4.27874 6.36365769e-01
4.29355 6.36388480e-01
4.30841 6.36781600e-01
4.32332 6.37443831e-01
4.33829 6.38193733e-01
4.35331 6.38838853e-01
4.36838 6.39245787e-01
4.38350 6.39387964e-01
4.39867 6.39341484e-01
4.41390 6.39228738e-01
4.42918 6.39145920e-01
4.44451 6.39125511e-01
4.45990 6.39146604e-01
4.47533 6.39169378e-01
4.49083 6.39162471e-01
4.50637 6.39173484e-01
4.52197 6.39220898e-01
4.53762 6.39213244e-01
4.55333 6.39171929e-01
4.56909 6.39137644e-01
4.58491 6.39161413e-01
4.60078 6.39293013e-01
4.61670 6.39569467e-01
4.63269 6.40004027e-01
4.64872 6.40576844e-01
4.66481 6.41236773e-01
4.68096 6.41911511e-01
4.69717 6.42524649e-01
4.71343 6.43013156e-01
4.72974 6.43341129e-01
4.74611 6.43508631e-01
4.76254 6.43550942e-01
4.77903 6.43525618e-01
4.79557 6.43491022e-01
4.81217 6.43485733e-01
4.82883 6.43517031e-01
4.84555 6.43563636e-01
4.86232 6.43589147e-01
4.87915 6.43560400e-01
4.89604 6.43462773e-01
4.91299 6.43306284e-01
4.92999 6.43120302e-01
4.94706 6.42941662e-01
4.96418 6.42800293e-01
4.98137 6.42711813e-01
4.99861 6.42676098e-01
5.01591 6.42646604e-01
5.03328 6.42640880e-01
5.05070 6.42650027e-01
5.06818 6.42666951e-01
5.08573 6.42689227e-01
5.10333 6.42716169e-01
5.12100 6.42748462e-01
5.13873 6.42787787e-01
5.15651 6.42837316e-01
5.17436 6.42902089e-01
5.19228 6.42988453e-01
5.21025 6.43100764e-01
5.22828 6.43241138e-01
5.24638 6.43406649e-01
5.26454 6.43590453e-01
5.28277 6.43782036e-01
5.30105 6.43969387e-01
5.31940 6.44140622e-01
5.33782 6.44285787e-01
5.35629 6.44397662e-01
5.37484 6.44472640e-01
5.39344 6.44509724e-01
5.41211 6.44509538e-01
5.43084 6.44472142e-01
5.44965 6.44397289e-01
5.46851 6.44283236e-01
5.48744 6.44128427e-01
5.50643 6.44029182e-01
5.52550 6.44076596e-01
5.54462 6.44084560e-01
5.56381 6.44062347e-01
5.58308 6.44020844e-01
5.60240 6.43971440e-01
5.62179 6.43924524e-01
5.64125 6.43888871e-01
5.66078 6.43871262e-01
5.68038 6.43876924e-01
5.70004 6.43909218e-01
5.71977 6.43970507e-01
5.73957 6.44061787e-01
5.75944 6.44183182e-01
5.77938 6.44333449e-01
5.79938 6.44510782e-01
5.81946 6.44712631e-01
5.83960 6.44936196e-01
5.85982 6.45178551e-01
5.88010 6.45436836e-01
5.90045 6.45708000e-01
5.92088 6.45989182e-01
5.94137 6.46277520e-01
5.96194 6.46569964e-01
5.98258 6.46863404e-01
6.00329 6.47074524e-01
6.02407 6.46854258e-01
6.04492 6.46624471e-01
6.06585 6.46381991e-01
6.08684 6.46123893e-01
6.10791 6.45847627e-01
6.12906 6.45551449e-01
6.15027 6.45233991e-01
6.17156 6.44894756e-01
6.19293 6.44533680e-01
6.21436 6.43610613e-01
6.23588 6.42402133e-01
6.25746 6.41176916e-01
6.27912 6.39937324e-01
6.30086 6.38685849e-01
6.32267 6.37425476e-01
6.34455 6.36159253e-01
6.36652 6.34890231e-01
6.38856 6.33621707e-01
6.41067 6.32413289e-01
6.43286 6.31272693e-01
6.45513 6.30142364e-01
6.47747 6.29025289e-01
6.49990 6.27923831e-01
6.52240 6.26839920e-01
6.54497 6.25774551e-01
6.56763 6.24728471e-01
6.59037 6.23701680e-01
6.61318 6.22616898e-01
6.63607 6.21494284e-01
6.65904 6.20388907e-01
6.68209 6.19299147e-01
6.70522 6.18222951e-01
6.72843 6.17158080e-01
6.75172 6.16102107e-01
6.77510 6.15052480e-01
6.79855 6.14006773e-01
6.82208 6.12642862e-01
6.84570 6.11257484e-01
6.86939 6.09869369e-01
6.89317 6.08476089e-01
6.91704 6.07075840e-01
6.94098 6.05667440e-01
6.96500 6.04249831e-01
6.98911 6.02822764e-01
7.01331 6.01186569e-01
7.03759 5.99381813e-01
7.06195 5.97574818e-01
7.08639 5.95767636e-01
7.11092 5.94726347e-01
7.13554 5.94637307e-01
7.16024 5.94547893e-01
7.18502 5.94460471e-01
7.20990 5.94068844e-01
7.23485 5.93220942e-01
7.25990 5.92389404e-01
7.28503 5.91577218e-01
7.31025 5.91278800e-01
7.33555 5.91721076e-01
7.36094 5.92183324e-01
7.38642 5.92666356e-01
7.41199 5.93617236e-01
7.43765 5.95107644e-01
7.46340 5.96635013e-01
7.48923 5.98198222e-01
7.51516 6.01028338e-01
7.54117 6.04788613e-01
7.56727 6.08605636e-01
7.59347 6.12478098e-01
7.61975 6.14138249e-01
7.64613 6.15078613e-01
7.67260 6.16045858e-01
7.69916 6.17038987e-01
7.72581 6.17219991e-01
7.75255 6.17406844e-01
7.77939 6.17626987e-01
7.80632 6.16857982e-01
7.83334 6.12810800e-01
7.86046 6.08845689e-01
7.88767 6.04963520e-01
7.91497 6.02519431e-01
7.94237 6.01276107e-01
7.96986 6.00115911e-01
7.99745 5.99039964e-01
8.02513 6.50536756e-01
8.05291 6.40523769e-01
8.08079 6.30874284e-01
8.10876 6.47385013e-01
8.13683 6.37079644e-01
8.16500 6.36628222e-01
8.19326 6.69950276e-01
8.22162 6.06304844e-01
8.25008 6.89533040e-01
8.27864 5.81955858e-01
8.30730 6.83223831e-01
8.33605 6.88263893e-01
8.36491 6.90620311e-01
8.39386 7.08931938e-01
8.42292 6.45707316e-01
8.45208 6.75729600e-01
8.48133 7.22651067e-01
8.51069 7.17986267e-01
8.54016 7.38412453e-01
8.56972 7.17179929e-01
8.59938 7.60713458e-01
8.62915 7.66585680e-01
8.65902 8.32353200e-01
8.68899 9.58002516e-01
8.71907 1.05077902e+00
8.74925 1.06283837e+00
8.77954 1.17368919e+00
8.80993 1.34599534e+00
8.84043 1.45391493e+00
8.87103 1.39624806e+00
8.90174 1.33171609e+00
8.93255 1.29747663e+00
8.96347 1.26331252e+00
8.99450 1.27721421e+00
9.02563 1.24017028e+00
9.05688 1.31172652e+00
9.08823 1.36330762e+00
9.11969 1.41401170e+00
9.15126 1.47177284e+00
9.18294 1.54310383e+00
9.21472 1.61683698e+00
9.24662 1.69919736e+00
9.27863 1.76562904e+00
9.31075 1.82759876e+00
9.34298 1.87966103e+00
9.37532 1.92597409e+00
9.40777 1.96339260e+00
9.44034 1.99737172e+00
9.47302 2.03751041e+00
9.50581 2.07558966e+00
9.53871 2.11215001e+00
9.57173 2.16176781e+00
9.60487 2.19872738e+00
9.63811 2.18379280e+00
9.67148 2.12708919e+00
9.70495 2.08175315e+00
9.73855 2.06599288e+00
9.77226 2.07468302e+00
9.80609 2.09580964e+00
9.84003 2.13119909e+00
9.87409 2.17986148e+00
9.90827 2.21269564e+00
9.94257 2.17265129e+00
9.97699 2.07339502e+00
10.01153 1.97950990e+00
10.04618 1.91442490e+00
10.08096 1.87924638e+00
10.11585 1.85868810e+00
10.15087 1.84831783e+00
10.18601 1.86994590e+00
10.22127 1.90222007e+00
10.25665 1.91113969e+00
10.29215 1.88926204e+00
10.32778 1.86385982e+00
10.36353 1.85123394e+00
10.39941 1.85642209e+00
10.43540 1.86542029e+00
10.47153 1.88781438e+00
10.50777 1.91620676e+00
10.54415 1.95121385e+00
10.58065 1.98498440e+00
10.61727 2.01352555e+00
10.65403 2.04710949e+00
10.69091 2.08050267e+00
10.72791 2.10011760e+00
10.76505 2.10174036e+00
10.80231 2.09140338e+00
10.83971 2.06969653e+00
10.87723 2.04006507e+00
10.91488 2.00912619e+00
10.95266 1.93348730e+00
10.99058 1.89239269e+00
11.02862 1.84158875e+00
11.06680 1.79205152e+00
11.10511 1.77473402e+00
11.14355 1.74660988e+00
11.18212 1.72494448e+00
11.22083 1.71396860e+00
11.25967 1.73568565e+00
11.29865 1.80644937e+00
11.33776 1.85418819e+00
11.37701 1.80879608e+00
11.41639 1.77306615e+00
11.45591 1.73996909e+00
11.49556 1.73328095e+00
11.53536 1.71333568e+00
11.57529 1.68847417e+00
11.61536 1.64530514e+00
11.65556 1.59631204e+00
11.69591 1.55783899e+00
11.73640 1.51699383e+00
11.77702 1.43621109e+00
11.81779 1.32144158e+00
11.85870 1.27279413e+00
11.89975 1.16105117e+00
11.94094 1.14977769e+00
11.98227 1.10137938e+00
12.02375 1.01319761e+00
12.06537 1.02662647e+00
12.10714 9.51232489e-01
12.14905 9.00679858e-01
12.19110 8.88884640e-01
12.23330 8.27067796e-01
12.27565 8.68832284e-01
12.31814 8.24947324e-01
12.36078 7.54300836e-01
12.40357 7.86309751e-01
12.44651 7.65168382e-01
12.48959 7.22437582e-01
12.53283 6.55583040e-01
12.57621 7.06991849e-01
12.61974 6.73135369e-01
12.66343 6.82773156e-01
12.70726 6.55453369e-01
12.75125 6.35530187e-01
12.79539 6.52139538e-01
12.83968 6.36587467e-01
12.88413 5.87231431e-01
12.92873 5.87574836e-01
12.97348 6.55059938e-01
13.01839 6.28945644e-01
13.06345 6.32845422e-01
13.10867 6.27027831e-01
13.15405 6.26693822e-01
13.19959 6.95059867e-01
13.24528 6.95553476e-01
13.29113 6.52460231e-01
13.33713 7.30862222e-01
13.38330 8.38619973e-01
13.42963 9.22587556e-01
13.47612 9.02145813e-01
13.52277 8.52329084e-01
13.56958 8.25844133e-01
13.61655 8.40687244e-01
13.66368 9.41809369e-01
13.71098 1.03124653e+00
13.75844 1.11681086e+00
13.80607 1.17033037e+00
13.85386 1.12766273e+00
13.90182 1.07721656e+00
13.94994 9.39909538e-01
13.99823 8.64156471e-01
14.04668 8.25309396e-01
14.09531 8.02722853e-01
14.14410 8.17513200e-01
14.19306 8.29599929e-01
14.24219 9.21160800e-01
14.29149 1.01952013e+00
14.34096 1.09082748e+00
14.39060 1.16295237e+00
14.44042 1.16700404e+00
14.49041 1.13831947e+00
14.54057 1.14140743e+00
14.59090 1.11430642e+00
14.64141 1.14268174e+00
14.69209 1.17557652e+00
14.74295 1.18067793e+00
14.79398 1.16062439e+00
14.84519 1.13962159e+00
14.89658 1.11719017e+00
14.94814 1.06248756e+00
14.99989 9.92019093e-01
15.05181 9.48927840e-01
15.10392 1.04581487e+00
15.15620 1.09434988e+00
15.20866 1.19171858e+00
15.26131 1.30204748e+00
15.31414 1.36095108e+00
15.36715 1.37815521e+00
15.42034 1.37298236e+00
15.47372 1.36724373e+00
15.52729 1.36235437e+00
15.58103 1.34097892e+00
15.63497 1.28497799e+00
15.68909 1.18377249e+00
15.74340 1.12484456e+00
15.79790 1.07613669e+00
15.85258 1.01884098e+00
15.90746 1.01616337e+00
15.96252 9.69240160e-01
16.01778 9.22750764e-01
16.07323 9.04767609e-01
16.12886 9.19971049e-01
16.18470 9.73698444e-01
16.24072 1.04808754e+00
16.29694 1.03418280e+00
16.35335 1.04396644e+00
16.40996 1.08873414e+00
16.46677 1.05808416e+00
16.52377 1.05742958e+00
16.58097 1.06559849e+00
16.63836 9.82603004e-01
16.69596 9.58344924e-01
16.75375 9.72003884e-01
16.81175 1.03215087e+00
16.86994 1.03764932e+00
16.92834 1.02577658e+00
16.98694 1.06860774e+00
17.04574 1.11363622e+00
17.10474 1.15606898e+00
17.16395 1.24315364e+00
17.22337 1.33125340e+00
17.28299 1.43947583e+00
17.34281 1.52321680e+00
17.40285 1.58103076e+00
17.46309 1.64381834e+00
17.52354 1.73563756e+00
17.58420 1.85723104e+00
17.64507 1.97047468e+00
17.70615 2.02889095e+00
17.76744 2.02415920e+00
17.82894 2.00633129e+00
17.89066 2.01906575e+00
17.95259 2.06327607e+00
18.01473 2.10702066e+00
18.07709 2.13726956e+00
18.13967 2.15109963e+00
18.20246 2.15665259e+00
18.26547 2.15559493e+00
18.32870 2.12937698e+00
18.39214 2.07653451e+00
18.45581 2.04198157e+00
18.51969 2.02985098e+00
18.58380 2.02319202e+00
18.64813 2.00312137e+00
18.71268 1.96635581e+00
18.77746 1.91826507e+00
18.84246 1.88090224e+00
18.90768 1.86759297e+00
18.97313 1.90392577e+00
19.03881 1.96330755e+00
19.10472 2.03876767e+00
19.17085 2.09398068e+00
19.23721 2.11427502e+00
19.30380 2.11257623e+00
19.37062 2.10504429e+00
19.43768 2.09251946e+00
19.50496 2.08269040e+00
19.57248 2.07676373e+00
19.64023 2.06864205e+00
19.70822 2.06524248e+00
19.77644 2.06801983e+00
19.84490 2.08314008e+00
19.91359 2.10170837e+00
19.98252 2.11827908e+00
20.05169 2.11478836e+00
20.12110 2.11195500e+00
20.19076 2.11168776e+00
20.26065 2.10751601e+00
20.33078 2.11164147e+00
20.40116 2.10807912e+00
20.47178 2.10880420e+00
20.54264 2.10695072e+00
20.61375 2.11476994e+00
20.68511 2.09894907e+00
20.75671 2.08681561e+00
20.82856 2.07801956e+00
20.90066 2.06486299e+00
20.97301 2.05268479e+00
21.04561 2.05001838e+00
21.11846 2.06626423e+00
21.19157 2.08254175e+00
21.26492 2.10736948e+00
21.33853 2.14809796e+00
21.41240 2.20479616e+00
21.48652 2.24617232e+00
21.56090 2.26517449e+00
21.63553 2.27283772e+00
21.71043 2.27820140e+00
21.78558 2.28703832e+00
21.86099 2.30618640e+00
21.93666 2.34076453e+00
22.01260 2.37398871e+00
22.08880 2.40230791e+00
22.16526 2.42053031e+00
22.24199 2.44501227e+00
22.31898 2.44311822e+00
22.39624 2.44165476e+00
22.47377 2.42113449e+00
22.55156 2.39185831e+00
22.62962 2.35627218e+00
22.70796 2.33133289e+00
22.78656 2.33329973e+00
22.86544 2.34625004e+00
22.94459 2.34129840e+00
23.02402 2.31649227e+00
23.10372 2.28352693e+00
23.18369 2.23386987e+00
23.26394 2.15184293e+00
23.34447 2.08293506e+00
23.42528 2.06026420e+00
23.50637 2.06000430e+00
23.58774 2.07244738e+00
23.66939 2.08849088e+00
23.75133 2.08535718e+00
23.83354 2.07648778e+00
23.91604 2.06745280e+00
23.99883 2.07510999e+00
24.08191 2.11651801e+00
24.16527 2.18494584e+00
24.24892 2.26361893e+00
24.33286 2.29748400e+00
24.41709 2.24800178e+00
24.50161 2.14876586e+00
24.58642 2.06635228e+00
24.67153 2.02498732e+00
24.75693 2.00079942e+00
24.84263 1.97775368e+00
24.92863 1.93791883e+00
25.01492 1.88476649e+00
25.10151 1.84161513e+00
25.18840 1.83506854e+00
25.27559 1.83264324e+00
25.36309 1.81932290e+00
25.45088 1.79447831e+00
25.53898 1.76948669e+00
25.62739 1.74016982e+00
25.71610 1.71949556e+00
25.80512 1.72000478e+00
25.89444 1.73911466e+00
25.98408 1.76483515e+00
26.07403 1.79572344e+00
26.16428 1.84633674e+00
26.25485 1.91681740e+00
26.34574 2.01906525e+00
26.43694 2.12271422e+00
26.52845 2.17460444e+00
26.62028 2.15127111e+00
26.71243 2.10024596e+00
26.80489 2.05386023e+00
26.89768 2.02777699e+00
26.99079 2.03473785e+00
27.08422 2.03830654e+00
27.17798 2.07261731e+00
27.27205 2.11245396e+00
27.36646 2.12716286e+00
27.46119 2.13544427e+00
27.55625 2.16323924e+00
27.65164 2.21568723e+00
27.74736 2.27770978e+00
27.84341 2.32246859e+00
27.93979 2.37058068e+00
28.03650 2.40870591e+00
28.13355 2.44366422e+00
28.23094 2.47878518e+00
28.32867 2.51204738e+00
28.42673 2.54961218e+00
28.52513 2.59063218e+00
28.62387 2.63311004e+00
28.72295 2.66093831e+00
28.82238 2.66670444e+00
28.92215 2.65434213e+00
29.02227 2.62522276e+00
29.12273 2.58755591e+00
29.22354 2.55371760e+00
29.32470 2.52452107e+00
29.42621 2.48628427e+00
29.52807 2.42796058e+00
29.63029 2.36967516e+00
29.73286 2.31960587e+00
29.83578 2.28079252e+00
29.93906 2.24488625e+00
30.04269 2.22674692e+00
30.14669 2.19736471e+00
30.25104 2.16361015e+00
30.35576 2.12944990e+00
30.46084 2.09421439e+00
30.56628 2.10226159e+00
30.67209 2.09843013e+00
30.77826 2.08799796e+00
30.88481 2.07747058e+00
30.99172 2.04488567e+00
31.09900 1.99412229e+00
31.20665 1.94947125e+00
31.31467 1.92916901e+00
31.42307 1.91582098e+00
31.53184 1.87362946e+00
31.64099 1.82749908e+00
31.75052 1.79076862e+00
31.86043 1.74440062e+00
31.97072 1.69747679e+00
32.08139 1.66163741e+00
32.19244 1.64518828e+00
32.30388 1.61733146e+00
32.41570 1.58913826e+00
32.52791 1.55874395e+00
32.64051 1.54115621e+00
32.75349 1.49421085e+00
32.86687 1.49170734e+00
32.98064 1.54791149e+00
33.09481 1.59918410e+00
33.20937 1.63112258e+00
33.32433 1.64390053e+00
33.43968 1.62206159e+00
33.55544 1.60176464e+00
33.67159 1.60313676e+00
33.78815 1.63590037e+00
33.90511 1.72474543e+00
34.02247 1.82205924e+00
34.14024 1.89751837e+00
34.25842 1.91213860e+00
34.37701 1.88209106e+00
34.49601 1.80963689e+00
34.61542 1.66847956e+00
34.73525 1.54135769e+00
34.85549 1.42856641e+00
34.97614 1.34332632e+00
35.09721 1.30501821e+00
35.21871 1.29799594e+00
35.34062 1.32672394e+00
35.46295 1.42413737e+00
35.58571 1.53138390e+00
35.70889 1.64179854e+00
35.83250 1.71917704e+00
35.95654 1.79423496e+00
36.08101 1.87672277e+00
36.20590 1.88342205e+00
36.33123 1.87471250e+00
36.45700 1.90231390e+00
36.58320 1.90676012e+00
36.70983 1.89886331e+00
36.83691 1.86756827e+00
36.96442 1.83207092e+00
37.09238 1.79430869e+00
37.22077 1.73746434e+00
37.34962 1.66210290e+00
37.47890 1.56623961e+00
37.60864 1.48612862e+00
37.73883 1.42522445e+00
37.86946 1.39774824e+00
38.00055 1.35638502e+00
38.13209 1.30025317e+00
38.26409 1.24434072e+00
38.39654 1.16915139e+00
38.52946 1.07626381e+00
38.66283 9.96263209e-01
38.79667 9.18599858e-01
38.93096 8.11034933e-01
39.06573 7.13909902e-01
39.20096 6.30534551e-01
39.33665 6.38440693e-01
39.47282 6.58118720e-01
39.60946 6.12690898e-01
39.74657 5.72900222e-01
39.88416 5.43807289e-01
40.02222 5.26975182e-01
40.16076 5.20477751e-01
40.29978 5.76264516e-01
40.43928 6.33484507e-01
40.57926 6.85976729e-01
40.71973 7.44033236e-01
40.86069 8.10893751e-01
41.00213 9.06618533e-01
41.14406 1.01682392e+00
41.28648 1.13690727e+00
41.42940 1.22348284e+00
41.57281 1.26725368e+00
41.71672 1.29262684e+00
41.86113 1.32134495e+00
42.00603 1.32185206e+00
42.15144 1.32638439e+00
42.29735 1.30807208e+00
42.44377 1.28803080e+00
42.59069 1.25475044e+00
42.73812 1.26054700e+00
42.88606 1.29947683e+00
43.03451 1.32811436e+00
43.18348 1.36534975e+00
43.33297 1.40944956e+00
43.48297 1.45700228e+00
43.63349 1.47667781e+00
43.78453 1.49026478e+00
43.93609 1.50916012e+00
44.08818 1.51465260e+00
44.24079 1.51038944e+00
44.39394 1.49755903e+00
44.54761 1.48044182e+00
44.70182 1.45656734e+00
44.85655 1.42537018e+00
45.01183 1.39443522e+00
45.16764 1.36246787e+00
45.32399 1.35882799e+00
45.48089 1.35902474e+00
45.63832 1.35370492e+00
45.79630 1.34550335e+00
45.95483 1.32782801e+00
46.11391 1.31377126e+00
46.27353 1.31146468e+00
46.43371 1.30991187e+00
46.59445 1.30577857e+00
46.75574 1.30161640e+00
46.91759 1.27528906e+00
47.08000 1.24277191e+00
47.24297 1.22998076e+00
47.40650 1.21082659e+00
47.57060 1.18417693e+00
47.73527 1.16259043e+00
47.90051 1.10329476e+00
48.06633 1.03131348e+00
48.23271 1.00672077e+00
48.39967 9.91841013e-01
48.56721 1.00524947e+00
48.73533 1.03240094e+00
48.90403 1.06848398e+00
49.07332 1.11983517e+00
49.24319 1.14296908e+00
49.41365 1.17330995e+00
49.58470 1.15569919e+00
49.75634 1.12647105e+00
49.92858 1.06208797e+00
50.10141 9.84836720e-01
50.27484 9.09693867e-01
50.44887 8.37981200e-01
50.62350 7.98278258e-01
50.79874 7.97754098e-01
50.97458 8.03752942e-01
51.15104 8.13234053e-01
51.32810 8.29946569e-01
51.50578 8.27838542e-01
51.68407 8.27024924e-01
51.86298 8.25753724e-01
52.04250 8.30494560e-01
52.22265 8.29121067e-01
52.40343 8.25320409e-01
52.58482 8.01418924e-01
52.76685 7.55792116e-01
52.94951 7.15719947e-01
53.13280 6.81634800e-01
53.31672 6.49928782e-01
53.50128 5.92170009e-01
53.68648 5.43223458e-01
53.87232 5.09752196e-01
54.05880 4.82367698e-01
54.24593 4.60401387e-01
54.43371 4.46007582e-01
54.62214 4.34890524e-01
54.81122 4.25309360e-01
55.00095 4.16264676e-01
55.19134 3.92159164e-01
55.38239 3.66716311e-01
55.57410 3.52789236e-01
55.76647 3.52003618e-01
55.95951 3.52872862e-01
56.15322 3.49997076e-01
56.34760 3.48884418e-01
56.54265 3.32050258e-01
56.73838 3.12788336e-01
56.93479 3.01321540e-01
57.13187 3.00188342e-01
57.32964 3.00557438e-01
57.52809 3.00419697e-01
57.72723 3.00709746e-01
57.92705 3.01556982e-01
58.12757 3.02705001e-01
58.32879 3.04170409e-01
58.53070 2.87671521e-01
58.73331 2.73263262e-01
58.93662 2.62972995e-01
59.14063 2.56981331e-01
59.34535 2.53375621e-01
59.55078 2.46694666e-01
59.75692 2.42300047e-01
59.96377 2.43706313e-01
60.17134 2.50120578e-01
60.37963 2.56983844e-01
60.58864 2.59342054e-01
60.79837 2.61476227e-01
61.00883 2.58106489e-01
61.22002 2.44127109e-01
61.43194 2.30937417e-01
61.64459 2.22470005e-01
61.85797 2.15918372e-01
62.07210 2.09967458e-01
62.28697 2.05490805e-01
62.50258 2.01780525e-01
62.71894 2.01911186e-01
62.93605 2.06530601e-01
63.15390 2.12616040e-01
63.37252 2.14546659e-01
63.59189 2.15552966e-01
63.81201 2.16532730e-01
64.03290 2.15618978e-01
64.25456 2.14893299e-01
64.47698 2.11828014e-01
64.70017 2.06301797e-01
64.92414 2.02247503e-01
65.14888 1.92059006e-01
65.37440 1.79250450e-01
65.60070 1.67502938e-01
65.82778 1.66952084e-01
66.05565 1.67974103e-01
66.28430 1.70273451e-01
66.51375 1.82180463e-01
66.74400 1.95100074e-01
66.97504 2.00143932e-01
67.20688 1.83295616e-01
67.43952 1.68639794e-01
67.67297 1.67536706e-01
67.90722 1.85002104e-01
68.14229 2.05852640e-01
68.37817 2.28511684e-01
68.61486 2.52168299e-01
68.85238 2.78457716e-01
69.09072 2.81924956e-01
69.32988 2.73025723e-01
69.56987 2.66650104e-01
69.81069 2.50587269e-01
70.05235 2.32144298e-01
70.29484 2.16385848e-01
70.53817 2.09606948e-01
70.78235 2.05899612e-01
71.02737 2.02529955e-01
71.27323 2.02959761e-01
71.51995 2.06196163e-01
71.76752 2.11157122e-01
72.01595 2.22947698e-01
72.26524 2.38014261e-01
72.51539 2.54115288e-01
72.76641 2.45777765e-01
73.01830 2.26311394e-01
73.27106 2.09847213e-01
73.52469 1.92849446e-01
73.77920 1.76426980e-01
74.03460 1.63194827e-01
74.29087 1.57593719e-01
74.54804 1.59186670e-01
74.80609 1.60808368e-01
75.06504 1.59709001e-01
75.32488 1.51777752e-01
75.58563 1.45969612e-01
75.84727 1.41580476e-01
76.10982 1.27964430e-01
76.37328 1.16445877e-01
76.63766 1.06608843e-01
76.90295 1.07055586e-01
77.16915 1.09901612e-01
77.43628 1.13127716e-01
77.70433 1.16873307e-01
77.97331 1.21627918e-01
78.24322 1.27597643e-01
78.51407 1.31307132e-01
78.78585 1.24507756e-01
79.05857 1.18325866e-01
79.33224 1.12695464e-01
79.60686 1.07869023e-01
79.88242 1.07111598e-01
80.15894 1.09194344e-01
80.43642 1.07597251e-01
80.71486 1.01704985e-01
80.99426 9.66848338e-02
81.27463 9.31483964e-02
81.55596 9.66376444e-02
81.83828 1.00836954e-01
82.12157 1.05896149e-01
82.40584 1.02116174e-01
82.69109 9.86610252e-02
82.97733 9.91673169e-02
83.26457 9.85329215e-02
83.55279 7.98352763e-02
83.84202 6.88902542e-02
84.13225 6.56045600e-02
84.42348 7.07543947e-02
84.71572 7.89223058e-02
85.00897 9.01777333e-02
85.30323 1.06018746e-01
85.59852 1.09567628e-01
85.89482 1.12886231e-01
86.19215 1.16493017e-01
86.49052 1.13305117e-01
86.78991 9.74160507e-02
87.09034 8.38056364e-02
87.39181 7.21419751e-02
87.69432 6.77510027e-02
87.99789 6.77374457e-02
88.30250 6.86124538e-02
88.60816 7.01376611e-02
88.91489 7.32179230e-02
89.22267 7.73790055e-02
89.53153 8.30592809e-02
89.84145 8.92234311e-02
90.15244 8.37869324e-02
90.46451 7.87048267e-02
90.77766 7.39520507e-02
91.09190 7.15903067e-02
91.40722 7.47686116e-02
91.72363 7.86191156e-02
92.04114 8.32629218e-02
92.35975 8.44610791e-02
92.67946 7.99176311e-02
93.00028 7.57937662e-02
93.32221 7.20443858e-02
93.64525 7.16889849e-02
93.96941 7.50211591e-02
94.29469 7.85886453e-02
94.62110 8.24119893e-02
94.94864 7.78798844e-02
95.27731 6.67354613e-02
95.60712 5.83670329e-02
95.93807 5.19775760e-02
96.27017 5.04796631e-02
96.60342 5.54698604e-02
96.93782 6.35605662e-02
97.27338 7.64237911e-02
97.61010 8.70210631e-02
97.94798 8.12332080e-02
98.28704 7.60086463e-02
98.62727 7.12673428e-02
98.96867 6.69434914e-02
99.31126 6.29827663e-02
99.65504 5.93400876e-02
100.00000 5.59778290e-02
