        2000  1.000000 2.800000
0.10000 1.01389991e+00
0.10035 1.01227902e+00
0.10069 1.01121913e+00
0.10104 1.00946745e+00
0.10139 1.00795396e+00
0.10174 1.00632933e+00
0.10210 1.00479717e+00
0.10245 1.00367829e+00
0.10280 1.00172452e+00
0.10316 9.99836818e-01
0.10352 9.98631200e-01
0.10387 9.96996249e-01
0.10423 9.95153973e-01
0.10459 9.93503840e-01
0.10496 9.92028427e-01
0.10532 9.90467271e-01
0.10568 9.88643662e-01
0.10605 9.86826400e-01
0.10642 9.85439964e-01
0.10679 9.83828284e-01
0.10716 9.82136338e-01
0.10753 9.80625084e-01
0.10790 9.78796249e-01
0.10827 9.77357547e-01
0.10865 9.76015413e-01
0.10902 9.74239342e-01
0.10940 9.72739911e-01
0.10978 9.71381476e-01
0.11016 9.69736818e-01
0.11054 9.68452427e-01
0.11092 9.66950507e-01
0.11131 9.65177173e-01
0.11169 9.63974916e-01
0.11208 9.62679573e-01
0.11247 9.60889316e-01
0.11286 9.59608533e-01
0.11325 9.58309209e-01
0.11364 9.56775680e-01
0.11403 9.55102649e-01
0.11443 9.53537636e-01
0.11482 9.52121831e-01
0.11522 9.51065920e-01
0.11562 9.49299929e-01
0.11602 9.47437867e-01
0.11642 9.46277796e-01
0.11682 9.44867840e-01
0.11723 9.42909831e-01
0.11763 9.41295787e-01
0.11804 9.39978791e-01
0.11845 9.38231342e-01
0.11886 9.36835573e-01
0.11927 9.35356178e-01
0.11968 9.33464498e-01
0.12010 9.31652338e-01
0.12051 9.30413493e-01
0.12093 9.28791733e-01
0.12135 9.27232693e-01
0.12177 9.25933618e-01
0.12219 9.24036089e-01
0.12262 9.22159964e-01
0.12304 9.21105049e-01
0.12347 9.20000604e-01
0.12389 9.18228889e-01
0.12432 9.16240889e-01
0.12475 9.14976160e-01
0.12518 9.13902080e-01
0.12562 9.12486151e-01
0.12605 9.10918649e-01
0.12649 9.09292409e-01
0.12693 9.07581422e-01
0.12737 9.06659164e-01
0.12781 9.05525102e-01
0.12825 9.03659431e-01
0.12869 9.02089316e-01
0.12914 9.01195058e-01
0.12959 8.99654062e-01
0.13003 8.97942080e-01
0.13048 8.96042311e-01
0.13094 8.95091556e-01
0.13139 8.94375129e-01
0.13184 8.92440267e-01
0.13230 8.90324338e-01
0.13276 8.89184551e-01
0.13322 8.88076249e-01
0.13368 8.86309387e-01
0.13414 8.84728942e-01
0.13461 8.83395644e-01
0.13507 8.81912516e-01
0.13554 8.80527324e-01
0.13601 8.79101938e-01
0.13648 8.77423929e-01
0.13695 8.75755627e-01
0.13743 8.74698844e-01
0.13790 8.73503307e-01
0.13838 8.71854791e-01
0.13886 8.70107467e-01
0.13934 8.69068480e-01
0.13982 8.67599289e-01
0.14031 8.66277440e-01
0.14079 8.64823058e-01
0.14128 8.63330098e-01
0.14177 8.62153973e-01
0.14226 8.61099556e-01
0.14275 8.59530187e-01
0.14324 8.57583378e-01
0.14374 8.56560942e-01
0.14424 8.55915573e-01
0.14474 8.54235324e-01
0.14524 8.52367040e-01
0.14574 8.51075307e-01
0.14625 8.49862347e-01
0.14675 8.48655360e-01
0.14726 8.47601689e-01
0.14777 8.46238649e-01
0.14828 8.44180960e-01
0.14879 8.42609973e-01
0.14931 8.41869529e-01
0.14983 8.40670756e-01
0.15034 8.38874898e-01
0.15087 8.37523182e-01
0.15139 8.36320551e-01
0.15191 8.34869653e-01
0.15244 8.33571573e-01
0.15297 8.32238276e-01
0.15349 8.30885067e-01
0.15403 8.29585369e-01
0.15456 8.28139076e-01
0.15509 8.26638649e-01
0.15563 8.25542542e-01
0.15617 8.24486382e-01
0.15671 8.23083147e-01
0.15725 8.21723342e-01
0.15780 8.20329440e-01
0.15834 8.18773884e-01
0.15889 8.17863449e-01
0.15944 8.16762987e-01
0.15999 8.15140853e-01
0.16055 8.13903253e-01
0.16110 8.12582773e-01
0.16166 8.11132249e-01
0.16222 8.10036640e-01
0.16278 8.08723253e-01
0.16335 8.07257422e-01
0.16391 8.06119751e-01
0.16448 8.04964533e-01
0.16505 8.03389938e-01
0.16562 8.01976249e-01
0.16619 8.00770009e-01
0.16677 7.99417422e-01
0.16734 7.97952711e-01
0.16792 7.96836320e-01
0.16851 7.95858062e-01
0.16909 7.94276871e-01
0.16967 7.92285013e-01
0.17026 7.91086987e-01
0.17085 7.90297013e-01
0.17144 7.89390062e-01
0.17204 7.88328178e-01
0.17263 7.86424178e-01
0.17323 7.84437298e-01
0.17383 7.83345049e-01
0.17443 7.82499324e-01
0.17503 7.81264213e-01
0.17564 7.80162507e-01
0.17625 7.78708622e-01
0.17686 7.77206204e-01
0.17747 7.76140711e-01
0.17808 7.74842880e-01
0.17870 7.73213529e-01
0.17932 7.71924533e-01
0.17994 7.71002027e-01
0.18056 7.69926827e-01
0.18119 7.68505547e-01
0.18182 7.66691271e-01
0.18244 7.65185618e-01
0.18308 7.64143022e-01
0.18371 7.63108267e-01
0.18435 7.61651271e-01
0.18498 7.60051289e-01
0.18562 7.58890098e-01
0.18627 7.57860818e-01
0.18691 7.56555147e-01
0.18756 7.54919324e-01
0.18821 7.53376462e-01
0.18886 7.52223484e-01
0.18951 7.51171058e-01
0.19017 7.49902222e-01
0.19083 7.48367573e-01
0.19149 7.46641031e-01
0.19215 7.45165618e-01
0.19282 7.44718738e-01
0.19348 7.44112196e-01
0.19415 7.42062222e-01
0.19483 7.39960604e-01
0.19550 7.39122347e-01
0.19618 7.38492036e-01
0.19686 7.37027573e-01
0.19754 7.35326916e-01
0.19822 7.33895431e-01
0.19891 7.32670773e-01
0.19960 7.31548782e-01
0.20029 7.30379129e-01
0.20098 7.29048071e-01
0.20168 7.27633636e-01
0.20237 7.26064142e-01
0.20307 7.24676338e-01
0.20378 7.23802862e-01
0.20448 7.23068640e-01
0.20519 7.21491680e-01
0.20590 7.19583573e-01
0.20661 7.18090613e-01
0.20733 7.17110613e-01
0.20805 7.15905369e-01
0.20877 7.14267307e-01
0.20949 7.12872160e-01
0.21021 7.12003040e-01
0.21094 7.11142631e-01
0.21167 7.09762169e-01
0.21240 7.07767822e-01
0.21314 7.06027218e-01
0.21388 7.05252551e-01
0.21462 7.04515964e-01
0.21536 7.03190756e-01
0.21611 7.01876124e-01
0.21685 7.00555147e-01
0.21760 6.98853369e-01
0.21836 6.97163040e-01
0.21911 6.96052498e-01
0.21987 6.95074489e-01
0.22063 6.93896249e-01
0.22140 6.92574898e-01
0.22216 6.91214347e-01
0.22293 6.89727236e-01
0.22370 6.88324747e-01
0.22448 6.87272444e-01
0.22526 6.86399342e-01
0.22604 6.85401173e-01
0.22682 6.83898631e-01
0.22760 6.81975591e-01
0.22839 6.80183093e-01
0.22918 6.79105156e-01
0.22998 6.78224960e-01
0.23077 6.76716693e-01
0.23157 6.75177689e-01
0.23237 6.74088302e-01
0.23318 6.73313636e-01
0.23398 6.72386773e-01
0.23479 6.70818524e-01
0.23561 6.68851182e-01
0.23642 6.67285547e-01
0.23724 6.66514987e-01
0.23806 6.65766080e-01
0.23889 6.64240267e-01
0.23971 6.62232978e-01
0.24054 6.60773742e-01
0.24137 6.59971449e-01
0.24221 6.59131324e-01
0.24305 6.57815573e-01
0.24389 6.56174151e-01
0.24473 6.54512444e-01
0.24558 6.53242489e-01
0.24643 6.52232249e-01
0.24728 6.51137636e-01
0.24814 6.50018133e-01
0.24900 6.48987236e-01
0.24986 6.47717902e-01
0.25073 6.46199182e-01
0.25159 6.44782258e-01
0.25246 6.43432160e-01
0.25334 6.41946044e-01
0.25422 6.40736444e-01
0.25510 6.39801742e-01
0.25598 6.38573102e-01
0.25687 6.36991164e-01
0.25775 6.35456142e-01
0.25865 6.34322453e-01
0.25954 6.33821813e-01
0.26044 6.33338098e-01
0.26134 6.32052213e-01
0.26225 6.30275271e-01
0.26315 6.28444444e-01
0.26406 6.26582631e-01
0.26498 6.25431893e-01
0.26590 6.25125760e-01
0.26682 6.24729031e-01
0.26774 6.23552533e-01
0.26867 6.21519858e-01
0.26960 6.19715911e-01
0.27053 6.18396924e-01
0.27147 6.17364036e-01
0.27241 6.16654080e-01
0.27335 6.16272782e-01
0.27430 6.15323893e-01
0.27525 6.13600462e-01
0.27620 6.11871680e-01
0.27715 6.10666062e-01
0.27811 6.09586382e-01
0.27908 6.08643716e-01
0.28004 6.08036053e-01
0.28101 6.07286649e-01
0.28198 6.05819573e-01
0.28296 6.03990116e-01
0.28394 6.02355040e-01
0.28492 6.01173564e-01
0.28591 6.00615307e-01
0.28690 5.99973796e-01
0.28789 5.98988071e-01
0.28889 5.97604373e-01
0.28989 5.96754667e-01
0.29089 5.95944409e-01
0.29190 5.94465013e-01
0.29291 5.92795716e-01
0.29392 5.91453084e-01
0.29494 5.91275502e-01
0.29596 5.91030222e-01
0.29699 5.89643164e-01
0.29801 5.87492889e-01
0.29905 5.85830933e-01
0.30008 5.85135164e-01
0.30112 5.84683431e-01
0.30216 5.84162631e-01
0.30321 5.82486987e-01
0.30426 5.80765173e-01
0.30531 5.80258436e-01
0.30637 5.79851876e-01
0.30743 5.79037138e-01
0.30849 5.77005707e-01
0.30956 5.74966809e-01
0.31063 5.74404071e-01
0.31171 5.74399840e-01
0.31279 5.74146720e-01
0.31387 5.72554329e-01
0.31496 5.70308978e-01
0.31605 5.69364196e-01
0.31714 5.68742720e-01
0.31824 5.67695147e-01
0.31934 5.66454809e-01
0.32044 5.64966204e-01
0.32155 5.63916516e-01
0.32267 5.63053244e-01
0.32378 5.62393316e-01
0.32490 5.61728782e-01
0.32603 5.60419876e-01
0.32716 5.59042773e-01
0.32829 5.58131218e-01
0.32943 5.57141760e-01
0.33057 5.56122809e-01
0.33171 5.54809920e-01
0.33286 5.53498276e-01
0.33401 5.52827271e-01
0.33517 5.51935004e-01
0.33633 5.50445529e-01
0.33749 5.49255093e-01
0.33866 5.47970702e-01
0.33983 5.46747413e-01
0.34101 5.46121707e-01
0.34219 5.45409138e-01
0.34337 5.43898382e-01
0.34456 5.42671360e-01
0.34576 5.41758436e-01
0.34695 5.40858329e-01
0.34815 5.40033511e-01
0.34936 5.39233084e-01
0.35057 5.37683876e-01
0.35178 5.36016569e-01
0.35300 5.34939876e-01
0.35422 5.33965724e-01
0.35545 5.32863769e-01
0.35668 5.32171360e-01
0.35791 5.31556356e-01
0.35915 5.30239484e-01
0.36039 5.28794684e-01
0.36164 5.27815431e-01
0.36289 5.26816142e-01
0.36415 5.25187289e-01
0.36541 5.24171200e-01
0.36668 5.23036391e-01
0.36795 5.22054400e-01
0.36922 5.21220373e-01
0.37050 5.20627769e-01
0.37178 5.19619769e-01
0.37307 5.18088604e-01
0.37436 5.17331609e-01
0.37565 5.16467467e-01
0.37695 5.15060373e-01
0.37826 5.13393938e-01
0.37957 5.12424018e-01
0.38088 5.11896622e-01
0.38220 5.11098933e-01
0.38352 5.10176551e-01
0.38485 5.08643893e-01
0.38618 5.07032089e-01
0.38752 5.05674898e-01
0.38886 5.05040729e-01
0.39021 5.04531378e-01
0.39156 5.03876427e-01
0.39291 5.03261422e-01
0.39427 5.01896391e-01
0.39564 5.00900089e-01
0.39701 5.00442631e-01
0.39838 5.00106756e-01
0.39976 4.99399164e-01
0.40115 4.97722649e-01
0.40253 4.95722702e-01
0.40393 4.93457316e-01
0.40533 4.91011236e-01
0.40673 4.89882524e-01
0.40814 4.90459822e-01
0.40955 4.92584960e-01
0.41097 4.94477884e-01
0.41239 4.93280978e-01
0.41382 4.90757867e-01
0.41525 4.87911573e-01
0.41669 4.84737244e-01
0.41813 4.82606133e-01
0.41958 4.81670684e-01
0.42103 4.81995360e-01
0.42249 4.84446791e-01
0.42395 4.87037476e-01
0.42542 4.87223147e-01
0.42689 4.84892178e-01
0.42837 4.81103467e-01
0.42985 4.77341262e-01
0.43134 4.74257529e-01
0.43283 4.73106916e-01
0.43433 4.74373636e-01
0.43583 4.76991324e-01
0.43734 4.79493280e-01
0.43886 4.81323236e-01
0.44037 4.80061493e-01
0.44190 4.75379644e-01
0.44343 4.70878613e-01
0.44496 4.68445227e-01
0.44650 4.67799733e-01
0.44805 4.68632018e-01
0.44960 4.70528924e-01
0.45116 4.72395591e-01
0.45272 4.72856160e-01
0.45429 4.71467982e-01
0.45586 4.68929067e-01
0.45744 4.66833049e-01
0.45902 4.66319840e-01
0.46061 4.66271182e-01
0.46220 4.65887893e-01
0.46380 4.65849316e-01
0.46541 4.65945013e-01
0.46702 4.65514560e-01
0.46864 4.64412978e-01
0.47026 4.63315378e-01
0.47189 4.62177831e-01
0.47352 4.61893227e-01
0.47516 4.61813209e-01
0.47680 4.61249600e-01
0.47845 4.61161493e-01
0.48011 4.61275858e-01
0.48177 4.61652924e-01
0.48344 4.62449120e-01
0.48511 4.62518187e-01
0.48679 4.61358489e-01
0.48848 4.59533262e-01
0.49017 4.57841067e-01
0.49186 4.56248053e-01
0.49357 4.54491396e-01
0.49528 4.53846649e-01
0.49699 4.55858044e-01
0.49871 4.59137280e-01
0.50044 4.61000960e-01
0.50217 4.60470578e-01
0.50391 4.58788089e-01
0.50565 4.57174916e-01
0.50740 4.55429333e-01
0.50916 4.52831804e-01
0.51092 4.51361742e-01
0.51269 4.52014329e-01
0.51446 4.53208249e-01
0.51625 4.54193849e-01
0.51803 4.55461564e-01
0.51983 4.57145173e-01
0.52163 4.57805600e-01
0.52343 4.56399751e-01
0.52524 4.54361600e-01
0.52706 4.52699893e-01
0.52889 4.51298027e-01
0.53072 4.50150276e-01
0.53255 4.49573476e-01
0.53440 4.48706222e-01
0.53625 4.48517440e-01
0.53810 4.50256053e-01
0.53997 4.52809778e-01
0.54183 4.55149956e-01
0.54371 4.56709618e-01
0.54559 4.56624373e-01
0.54748 4.54740907e-01
0.54938 4.51910293e-01
0.55128 4.49875627e-01
0.55319 4.48152196e-01
0.55510 4.45901244e-01
0.55702 4.44536089e-01
0.55895 4.44862258e-01
0.56089 4.46817404e-01
0.56283 4.49914827e-01
0.56478 4.52309013e-01
0.56673 4.53834329e-01
0.56869 4.55047787e-01
0.57066 4.54846933e-01
0.57264 4.53188213e-01
0.57462 4.50257049e-01
0.57661 4.45845991e-01
0.57860 4.41880818e-01
0.58061 4.40006187e-01
0.58262 4.40151289e-01
0.58463 4.42161440e-01
0.58666 4.45958613e-01
0.58869 4.50769013e-01
0.59073 4.55525653e-01
0.59277 4.57697458e-01
0.59482 4.55915289e-01
0.59688 4.50780711e-01
0.59895 4.43690613e-01
0.60102 4.37989938e-01
0.60310 4.35937600e-01
0.60519 4.36699573e-01
0.60728 4.39148391e-01
0.60939 4.43286791e-01
0.61150 4.47956693e-01
0.61361 4.51049138e-01
0.61574 4.52017316e-01
0.61787 4.51119449e-01
0.62001 4.48734596e-01
0.62215 4.45437689e-01
0.62431 4.41959467e-01
0.62647 4.39232267e-01
0.62864 4.37638133e-01
0.63081 4.36899058e-01
0.63300 4.36961031e-01
0.63519 4.38197387e-01
0.63739 4.40843449e-01
0.63959 4.43475947e-01
0.64181 4.44574418e-01
0.64403 4.44601298e-01
0.64626 4.43484907e-01
0.64849 4.41273031e-01
0.65074 4.39655253e-01
0.65299 4.38745067e-01
0.65525 4.37132889e-01
0.65752 4.35102951e-01
0.65980 4.34275520e-01
0.66208 4.34889653e-01
0.66437 4.35574098e-01
0.66667 4.35776444e-01
0.66898 4.36247218e-01
0.67130 4.36991520e-01
0.67362 4.37544800e-01
0.67595 4.37746773e-01
0.67829 4.36947467e-01
0.68064 4.34880569e-01
0.68299 4.32769991e-01
0.68536 4.31131556e-01
0.68773 4.29614453e-01
0.69011 4.28600853e-01
0.69250 4.28847378e-01
0.69490 4.30363982e-01
0.69730 4.31985742e-01
0.69972 4.32652889e-01
0.70214 4.32509031e-01
0.70457 4.31573209e-01
0.70701 4.29705173e-01
0.70946 4.27451609e-01
0.71191 4.25375129e-01
0.71438 4.23688036e-01
0.71685 4.22790791e-01
0.71933 4.23003467e-01
0.72182 4.23851182e-01
0.72432 4.24183449e-01
0.72683 4.23829902e-01
0.72934 4.23278489e-01
0.73187 4.22208142e-01
0.73440 4.20582400e-01
0.73694 4.19105991e-01
0.73949 4.18254542e-01
0.74205 4.18386702e-01
0.74462 4.19440373e-01
0.74720 4.20409422e-01
0.74979 4.20333760e-01
0.75238 4.19374169e-01
0.75499 4.17883698e-01
0.75760 4.15578862e-01
0.76022 4.12740160e-01
0.76285 4.10535253e-01
0.76549 4.09519413e-01
0.76814 4.09408409e-01
0.77080 4.09939662e-01
0.77347 4.10800818e-01
0.77615 4.11412338e-01
0.77884 4.11292000e-01
0.78153 4.10199876e-01
0.78424 4.08220711e-01
0.78695 4.05836293e-01
0.78968 4.03631474e-01
0.79241 4.02091723e-01
0.79515 4.01568869e-01
0.79790 4.02026987e-01
0.80067 4.02951484e-01
0.80344 4.03700516e-01
0.80622 4.03839520e-01
0.80901 4.03151292e-01
0.81181 4.01623127e-01
0.81462 3.99511877e-01
0.81744 3.97326944e-01
0.82027 3.95627207e-01
0.82311 3.94719360e-01
0.82596 3.94535854e-01
0.82882 3.94658930e-01
0.83169 3.94530279e-01
0.83457 3.93844764e-01
0.83745 3.92611209e-01
0.84035 3.90881406e-01
0.84326 3.88765490e-01
0.84618 3.86597568e-01
0.84911 3.84819394e-01
0.85205 3.83708005e-01
0.85500 3.83229716e-01
0.85796 3.83150868e-01
0.86093 3.83228172e-01
0.86391 3.83244599e-01
0.86690 3.82956423e-01
0.86990 3.82134020e-01
0.87291 3.80742880e-01
0.87593 3.79047785e-01
0.87897 3.77424046e-01
0.88201 3.76105271e-01
0.88506 3.75172411e-01
0.88813 3.74654025e-01
0.89120 3.74507131e-01
0.89428 3.74542647e-01
0.89738 3.74451940e-01
0.90049 3.73949321e-01
0.90360 3.72917764e-01
0.90673 3.71422651e-01
0.90987 3.69641627e-01
0.91302 3.67831047e-01
0.91618 3.66266171e-01
0.91935 3.65102640e-01
0.92253 3.64293017e-01
0.92573 3.63646665e-01
0.92893 3.62943355e-01
0.93215 3.62011191e-01
0.93537 3.60775557e-01
0.93861 3.59289479e-01
0.94186 3.57709296e-01
0.94512 3.56216921e-01
0.94839 3.54937458e-01
0.95168 3.53899740e-01
0.95497 3.53049038e-01
0.95828 3.52287289e-01
0.96159 3.51515559e-01
0.96492 3.50676194e-01
0.96826 3.49770599e-01
0.97161 3.48833308e-01
0.97498 3.47893989e-01
0.97835 3.46966916e-01
0.98174 3.46061719e-01
0.98514 3.45186053e-01
0.98855 3.44336795e-01
0.99197 3.43500740e-01
0.99540 3.42668231e-01
0.99885 3.41840103e-01
1.00231 3.41019342e-01
1.00578 3.40199328e-01
1.00926 3.39357188e-01
1.01275 3.38453634e-01
1.01626 3.37443568e-01
1.01978 3.36294684e-01
1.02330 3.35003163e-01
1.02685 3.33599106e-01
1.03040 3.32142272e-01
1.03397 3.30706731e-01
1.03755 3.29354443e-01
1.04114 3.28109675e-01
1.04474 3.26951284e-01
1.04836 3.25828583e-01
1.05199 3.24688398e-01
1.05563 3.23498311e-01
1.05928 3.22258347e-01
1.06295 3.20999828e-01
1.06663 3.19772158e-01
1.07032 3.18622043e-01
1.07403 3.17574980e-01
1.07775 3.16627484e-01
1.08148 3.15752267e-01
1.08522 3.14912005e-01
1.08898 3.14075017e-01
1.09275 3.13227077e-01
1.09653 3.12373961e-01
1.10032 3.11534060e-01
1.10413 3.10725819e-01
1.10796 3.09957586e-01
1.11179 3.09224633e-01
1.11564 3.08512811e-01
1.11950 3.07805182e-01
1.12338 3.07087275e-01
1.12726 3.06348423e-01
1.13117 3.05580240e-01
1.13508 3.04774475e-01
1.13901 3.03922292e-01
1.14295 3.03015403e-01
1.14691 3.02048171e-01
1.15088 3.01019239e-01
1.15487 2.99931396e-01
1.15886 2.98789767e-01
1.16287 2.97600016e-01
1.16690 2.96367804e-01
1.17094 2.95099541e-01
1.17499 2.93803701e-01
1.17906 2.92491260e-01
1.18314 2.91174900e-01
1.18724 2.89866964e-01
1.19135 2.88576985e-01
1.19547 2.87310103e-01
1.19961 2.86067090e-01
1.20376 2.84846041e-01
1.20793 2.83644916e-01
1.21211 2.82463627e-01
1.21630 2.81304912e-01
1.22052 2.80173700e-01
1.22474 2.79075253e-01
1.22898 2.78013668e-01
1.23323 2.76990672e-01
1.23750 2.76005756e-01
1.24179 2.75056743e-01
1.24609 2.74140807e-01
1.25040 2.73255260e-01
1.25473 2.72398025e-01
1.25907 2.71567968e-01
1.26343 2.70764567e-01
1.26780 2.69987561e-01
1.27219 2.69235979e-01
1.27659 2.68507618e-01
1.28101 2.67798571e-01
1.28545 2.67103561e-01
1.28990 2.66416279e-01
1.29436 2.65730242e-01
1.29884 2.65039140e-01
1.30334 2.64337111e-01
1.30785 2.63618644e-01
1.31238 2.62878398e-01
1.31692 2.62111372e-01
1.32148 2.61313099e-01
1.32605 2.60480105e-01
1.33064 2.59610325e-01
1.33525 2.58703312e-01
1.33987 2.57760060e-01
1.34451 2.56782836e-01
1.34916 2.55774661e-01
1.35383 2.54739035e-01
1.35852 2.53679714e-01
1.36322 2.52600656e-01
1.36794 2.51505819e-01
1.37268 2.50399296e-01
1.37743 2.49285095e-01
1.38220 2.48167124e-01
1.38698 2.47048990e-01
1.39178 2.45934018e-01
1.39660 2.44825131e-01
1.40144 2.43724955e-01
1.40629 2.42635854e-01
1.41115 2.41559945e-01
1.41604 2.40499205e-01
1.42094 2.39455428e-01
1.42586 2.38430254e-01
1.43080 2.37425116e-01
1.43575 2.36441221e-01
1.44072 2.35479527e-01
1.44571 2.34540768e-01
1.45071 2.33625454e-01
1.45573 2.32733872e-01
1.46077 2.31866220e-01
1.46583 2.31022487e-01
1.47090 2.30202485e-01
1.47599 2.29405879e-01
1.48110 2.28632084e-01
1.48623 2.27880302e-01
1.49137 2.27149452e-01
1.49654 2.26438252e-01
1.50172 2.25745084e-01
1.50692 2.25068044e-01
1.51213 2.24404980e-01
1.51737 2.23753314e-01
1.52262 2.23110322e-01
1.52789 2.22472992e-01
1.53318 2.21838139e-01
1.53849 2.21202489e-01
1.54381 2.20562770e-01
1.54916 2.19915733e-01
1.55452 2.19258356e-01
1.55990 2.18587824e-01
1.56530 2.17901687e-01
1.57072 2.17197929e-01
1.57615 2.16474944e-01
1.58161 2.15731600e-01
1.58709 2.14967250e-01
1.59258 2.14181744e-01
1.59809 2.13375282e-01
1.60362 2.12548498e-01
1.60918 2.11702325e-01
1.61475 2.10837922e-01
1.62034 2.09956706e-01
1.62594 2.09060258e-01
1.63157 2.08150233e-01
1.63722 2.07228436e-01
1.64289 2.06296670e-01
1.64857 2.05356804e-01
1.65428 2.04410715e-01
1.66001 2.03460270e-01
1.66575 2.02507337e-01
1.67152 2.01553781e-01
1.67731 2.00601420e-01
1.68311 1.99652059e-01
1.68894 1.98707463e-01
1.69478 1.97769376e-01
1.70065 1.96839490e-01
1.70654 1.95919397e-01
1.71245 1.95010679e-01
1.71837 1.94114816e-01
1.72432 1.93233202e-01
1.73029 1.92367131e-01
1.73628 1.91517797e-01
1.74229 1.90686284e-01
1.74832 1.89873525e-01
1.75437 1.89080316e-01
1.76045 1.88307367e-01
1.76654 1.87555150e-01
1.77266 1.86824064e-01
1.77879 1.86114270e-01
1.78495 1.85425819e-01
1.79113 1.84758572e-01
1.79733 1.84112208e-01
1.80355 1.83486265e-01
1.80979 1.82880034e-01
1.81606 1.82292706e-01
1.82234 1.81723236e-01
1.82865 1.81170466e-01
1.83498 1.80633003e-01
1.84133 1.80109353e-01
1.84771 1.79597836e-01
1.85410 1.79096661e-01
1.86052 1.78603924e-01
1.86696 1.78117620e-01
1.87342 1.77635671e-01
1.87991 1.77155975e-01
1.88642 1.76676391e-01
1.89295 1.76194791e-01
1.89950 1.75709147e-01
1.90607 1.75217429e-01
1.91267 1.74717760e-01
1.91929 1.74208384e-01
1.92594 1.73687708e-01
1.93260 1.73154277e-01
1.93929 1.72606859e-01
1.94601 1.72044407e-01
1.95274 1.71466089e-01
1.95950 1.70871257e-01
1.96629 1.70259525e-01
1.97309 1.69630658e-01
1.97992 1.68984667e-01
1.98678 1.68321689e-01
1.99365 1.67642110e-01
2.00055 1.66981957e-01
2.00748 1.66711179e-01
2.01443 1.66422928e-01
2.02140 1.66118139e-01
2.02840 1.65797931e-01
2.03542 1.65463449e-01
2.04247 1.65115963e-01
2.04954 1.64756853e-01
2.05663 1.64387515e-01
2.06375 1.64009365e-01
2.07090 1.63623911e-01
2.07806 1.63232658e-01
2.08526 1.62837124e-01
2.09247 1.62438814e-01
2.09972 1.62039248e-01
2.10699 1.61639856e-01
2.11428 1.61242119e-01
2.12160 1.60847419e-01
2.12894 1.60457148e-01
2.13631 1.60072565e-01
2.14371 1.59694939e-01
2.15113 1.59325413e-01
2.15857 1.58965122e-01
2.16605 1.58615060e-01
2.17354 1.58276185e-01
2.18107 1.57949344e-01
2.18862 1.57635296e-01
2.19619 1.57334713e-01
2.20380 1.57048180e-01
2.21143 1.56776194e-01
2.21908 1.56519129e-01
2.22676 1.56277259e-01
2.23447 1.56050795e-01
2.24220 1.55839836e-01
2.24997 1.55644347e-01
2.25775 1.55464251e-01
2.26557 1.55299362e-01
2.27341 1.55149356e-01
2.28128 1.55013874e-01
2.28918 1.54892428e-01
2.29710 1.54784460e-01
2.30505 1.54689348e-01
2.31303 1.54606380e-01
2.32104 1.54534763e-01
2.32908 1.54473623e-01
2.33714 1.54422066e-01
2.34523 1.54379108e-01
2.35335 1.54343753e-01
2.36149 1.54314919e-01
2.36967 1.54291536e-01
2.37787 1.54272484e-01
2.38610 1.54256617e-01
2.39436 1.54242816e-01
2.40265 1.54229948e-01
2.41097 1.54216882e-01
2.41931 1.54202484e-01
2.42769 1.54185733e-01
2.43609 1.54165548e-01
2.44452 1.54140933e-01
2.45298 1.54110942e-01
2.46148 1.54074716e-01
2.47000 1.54031410e-01
2.47855 1.53980276e-01
2.48713 1.53920667e-01
2.49574 1.53851948e-01
2.50438 1.53766318e-01
2.51304 1.53663428e-01
2.52174 1.53550009e-01
2.53047 1.53425826e-01
2.53923 1.53290692e-01
2.54802 1.53144494e-01
2.55684 1.52987246e-01
2.56569 1.52819047e-01
2.57457 1.52640034e-01
2.58349 1.52450455e-01
2.59243 1.52250610e-01
2.60140 1.52040871e-01
2.61041 1.51821650e-01
2.61944 1.51593456e-01
2.62851 1.51356763e-01
2.63761 1.51112192e-01
2.64674 1.50860304e-01
2.65590 1.50601758e-01
2.66510 1.50337202e-01
2.67432 1.50067269e-01
2.68358 1.49792695e-01
2.69287 1.49514139e-01
2.70219 1.49232347e-01
2.71154 1.48947941e-01
2.72093 1.48661669e-01
2.73035 1.48374203e-01
2.73980 1.48086176e-01
2.74928 1.47798286e-01
2.75880 1.47511168e-01
2.76835 1.47225431e-01
2.77793 1.46941660e-01
2.78755 1.46660441e-01
2.79720 1.46382308e-01
2.80688 1.46107783e-01
2.81660 1.45837378e-01
2.82635 1.45571515e-01
2.83613 1.45310642e-01
2.84595 1.45055182e-01
2.85580 1.44805472e-01
2.86569 1.44561847e-01
2.87561 1.44324644e-01
2.88556 1.44094110e-01
2.89555 1.43870508e-01
2.90557 1.43654037e-01
2.91563 1.43444871e-01
2.92572 1.43243184e-01
2.93585 1.43049076e-01
2.94601 1.42862633e-01
2.95621 1.42683931e-01
2.96644 1.42512981e-01
2.97671 1.42349810e-01
2.98702 1.42194379e-01
2.99736 1.42046626e-01
3.00773 1.41893036e-01
3.01814 1.41742309e-01
3.02859 1.41598937e-01
3.03907 1.41462795e-01
3.04960 1.41333671e-01
3.06015 1.41211342e-01
3.07074 1.41095634e-01
3.08137 1.40986297e-01
3.09204 1.40883058e-01
3.10274 1.40785643e-01
3.11348 1.40693778e-01
3.12426 1.40607140e-01
3.13508 1.40525404e-01
3.14593 1.40448249e-01
3.15682 1.40375337e-01
3.16775 1.40306295e-01
3.17871 1.40240788e-01
3.18972 1.40178404e-01
3.20076 1.40118820e-01
3.21184 1.40061600e-01
3.22295 1.40006396e-01
3.23411 1.39952786e-01
3.24531 1.39900432e-01
3.25654 1.39848900e-01
3.26781 1.39797840e-01
3.27912 1.39746830e-01
3.29047 1.39695497e-01
3.30187 1.39643504e-01
3.31330 1.39590466e-01
3.32476 1.39535984e-01
3.33627 1.39479748e-01
3.34782 1.39421408e-01
3.35941 1.39360642e-01
3.37104 1.39297113e-01
3.38271 1.39230510e-01
3.39442 1.39160572e-01
3.40617 1.39086988e-01
3.41796 1.39009534e-01
3.42979 1.38927911e-01
3.44166 1.38841932e-01
3.45358 1.38751349e-01
3.46553 1.38655988e-01
3.47753 1.38555648e-01
3.48957 1.38450194e-01
3.50164 1.38338418e-01
3.51377 1.38214670e-01
3.52593 1.38085298e-01
3.53814 1.37950139e-01
3.55038 1.37809156e-01
3.56267 1.37662286e-01
3.57500 1.37509493e-01
3.58738 1.37350764e-01
3.59980 1.37186075e-01
3.61226 1.37015449e-01
3.62476 1.36838900e-01
3.63731 1.36656501e-01
3.64990 1.36468254e-01
3.66254 1.36274258e-01
3.67521 1.36074587e-01
3.68794 1.35869328e-01
3.70070 1.35658594e-01
3.71351 1.35442496e-01
3.72637 1.35221134e-01
3.73927 1.34994670e-01
3.75221 1.34763216e-01
3.76520 1.34526933e-01
3.77823 1.34285972e-01
3.79131 1.34040492e-01
3.80443 1.33790633e-01
3.81760 1.33536592e-01
3.83082 1.33278519e-01
3.84408 1.33016613e-01
3.85739 1.32751012e-01
3.87074 1.32481913e-01
3.88414 1.32209504e-01
3.89758 1.31933947e-01
3.91107 1.31655440e-01
3.92461 1.31374133e-01
3.93820 1.31090238e-01
3.95183 1.30803904e-01
3.96551 1.30515317e-01
3.97924 1.30224652e-01
3.99301 1.29932096e-01
4.00683 1.29666880e-01
4.02070 1.29430124e-01
4.03462 1.29192274e-01
4.04859 1.28953527e-01
4.06260 1.28714059e-01
4.07667 1.28474018e-01
4.09078 1.28233591e-01
4.10494 1.27992953e-01
4.11915 1.27752240e-01
4.13341 1.27511589e-01
4.14771 1.27271175e-01
4.16207 1.27031122e-01
4.17648 1.26791541e-01
4.19094 1.26552608e-01
4.20545 1.26314421e-01
4.22000 1.26077106e-01
4.23461 1.25840748e-01
4.24927 1.25605499e-01
4.26398 1.25371444e-01
4.27874 1.25138670e-01
4.29355 1.24907278e-01
4.30841 1.24677392e-01
4.32332 1.24449024e-01
4.33829 1.24222299e-01
4.35331 1.23997303e-01
4.36838 1.23774087e-01
4.38350 1.23552713e-01
4.39867 1.23333268e-01
4.41390 1.23115788e-01
4.42918 1.22900325e-01
4.44451 1.22686953e-01
4.45990 1.22475696e-01
4.47533 1.22266617e-01
4.49083 1.22059740e-01
4.50637 1.21866540e-01
4.52197 1.21691771e-01
4.53762 1.21518892e-01
4.55333 1.21347943e-01
4.56909 1.21178923e-01
4.58491 1.21011868e-01
4.60078 1.20846830e-01
4.61670 1.20683771e-01
4.63269 1.20522777e-01
4.64872 1.20363812e-01
4.66481 1.20206887e-01
4.68096 1.20052066e-01
4.69717 1.19899310e-01
4.71343 1.19748633e-01
4.72974 1.19600071e-01
4.74611 1.19453588e-01
4.76254 1.19309220e-01
4.77903 1.19166942e-01
4.79557 1.19026768e-01
4.81217 1.18888697e-01
4.82883 1.18752729e-01
4.84555 1.18618827e-01
4.86232 1.18487015e-01
4.87915 1.18357294e-01
4.89604 1.18229627e-01
4.91299 1.18104012e-01
4.92999 1.17980476e-01
4.94706 1.17858969e-01
4.96418 1.17739477e-01
4.98137 1.17622002e-01
4.99861 1.17506555e-01
5.01591 1.17381301e-01
5.03328 1.17257404e-01
5.05070 1.17135884e-01
5.06818 1.17016692e-01
5.08573 1.16899838e-01
5.10333 1.16785287e-01
5.12100 1.16672988e-01
5.13873 1.16562980e-01
5.15651 1.16455186e-01
5.17436 1.16349595e-01
5.19228 1.16246194e-01
5.21025 1.16144971e-01
5.22828 1.16045863e-01
5.24638 1.15948884e-01
5.26454 1.15853982e-01
5.28277 1.15761134e-01
5.30105 1.15670340e-01
5.31940 1.15581586e-01
5.33782 1.15494786e-01
5.35629 1.15409964e-01
5.37484 1.15327097e-01
5.39344 1.15246133e-01
5.41211 1.15167074e-01
5.43084 1.15089881e-01
5.44965 1.15014530e-01
5.46851 1.14941020e-01
5.48744 1.14869291e-01
5.50643 1.14827838e-01
5.52550 1.14844240e-01
5.54462 1.14862932e-01
5.56381 1.14883876e-01
5.58308 1.14907060e-01
5.60240 1.14932434e-01
5.62179 1.14960011e-01
5.64125 1.14989728e-01
5.66078 1.15021586e-01
5.68038 1.15055522e-01
5.70004 1.15091548e-01
5.71977 1.15129591e-01
5.73957 1.15169687e-01
5.75944 1.15211774e-01
5.77938 1.15255828e-01
5.79938 1.15301835e-01
5.81946 1.15349746e-01
5.83960 1.15399586e-01
5.85982 1.15451305e-01
5.88010 1.15504878e-01
5.90045 1.15560281e-01
5.92088 1.15617500e-01
5.94137 1.15676524e-01
5.96194 1.15737303e-01
5.98258 1.15799861e-01
6.00329 1.15847175e-01
6.02407 1.15806245e-01
6.04492 1.15767120e-01
6.06585 1.15729749e-01
6.08684 1.15694108e-01
6.10791 1.15660197e-01
6.12906 1.15627979e-01
6.15027 1.15597428e-01
6.17156 1.15568532e-01
6.19293 1.15541241e-01
6.21436 1.15402199e-01
6.23588 1.15208999e-01
6.25746 1.15017616e-01
6.27912 1.14827963e-01
6.30086 1.14640052e-01
6.32267 1.14453845e-01
6.34455 1.14269319e-01
6.36652 1.14086448e-01
6.38856 1.13905182e-01
6.41067 1.13759918e-01
6.43286 1.13653319e-01
6.45513 1.13548524e-01
6.47747 1.13445472e-01
6.49990 1.13344149e-01
6.52240 1.13244507e-01
6.54497 1.13146544e-01
6.56763 1.13050199e-01
6.59037 1.12955472e-01
6.61318 1.12847703e-01
6.63607 1.12730812e-01
6.65904 1.12615515e-01
6.68209 1.12501797e-01
6.70522 1.12389623e-01
6.72843 1.12278992e-01
6.75172 1.12169842e-01
6.77510 1.12062185e-01
6.79855 1.11955972e-01
6.82208 1.11812089e-01
6.84570 1.11667385e-01
6.86939 1.11524398e-01
6.89317 1.11383079e-01
6.91704 1.11243452e-01
6.94098 1.11105444e-01
6.96500 1.10969040e-01
6.98911 1.10834242e-01
7.01331 1.10695125e-01
7.03759 1.10554578e-01
7.06195 1.10417913e-01
7.08639 1.10285044e-01
7.11092 1.10313193e-01
7.13554 1.10540404e-01
7.16024 1.10770053e-01
7.18502 1.11002155e-01
7.20990 1.11210848e-01
7.23485 1.11383253e-01
7.25990 1.11558732e-01
7.28503 1.11737260e-01
7.31025 1.12009520e-01
7.33555 1.12418133e-01
7.36094 1.12830567e-01
7.38642 1.13246784e-01
7.41199 1.13818980e-01
7.43765 1.14570462e-01
7.46340 1.15329872e-01
7.48923 1.16097259e-01
7.51516 1.17202935e-01
7.54117 1.18563225e-01
7.56727 1.19946375e-01
7.59347 1.21352747e-01
7.61975 1.22178784e-01
7.64613 1.22814844e-01
7.67260 1.23459156e-01
7.69916 1.24111780e-01
7.72581 1.24597735e-01
7.75255 1.25088656e-01
7.77939 1.25590379e-01
7.80632 1.25871250e-01
7.83334 1.25414439e-01
7.86046 1.24982492e-01
7.88767 1.24575099e-01
7.91497 1.24595122e-01
7.94237 1.24970496e-01
7.96986 1.25368171e-01
7.99745 1.25788382e-01
8.02513 1.40135806e-01
8.05291 1.38120478e-01
8.08079 1.36164124e-01
8.10876 1.41666423e-01
8.13683 1.40381186e-01
8.16500 1.41124629e-01
8.19326 1.50637909e-01
8.22162 1.35324498e-01
8.25008 1.58836732e-01
8.27864 1.30003776e-01
8.30730 1.59874176e-01
8.33605 1.63031916e-01
8.36491 1.66323783e-01
8.39386 1.71218308e-01
8.42292 1.57054078e-01
8.45208 1.67316016e-01
8.48133 1.83045084e-01
8.51069 1.84218334e-01
8.54016 1.92924928e-01
8.56972 1.91046850e-01
8.59938 2.09454896e-01
8.62915 2.18379305e-01
8.65902 2.50892382e-01
8.68899 3.18574107e-01
8.71907 3.75122023e-01
8.74925 4.38642251e-01
8.77954 5.97394386e-01
8.80993 7.43474020e-01
8.84043 7.60500658e-01
8.87103 6.66663324e-01
8.90174 6.78352516e-01
8.93255 7.49890276e-01
8.96347 7.45487867e-01
8.99450 7.35823673e-01
9.02563 7.42195689e-01
9.05688 8.32728512e-01
9.08823 9.54148620e-01
9.11969 1.11990333e+00
9.15126 1.29578617e+00
9.18294 1.45540137e+00
9.21472 1.58671150e+00
9.24662 1.67997469e+00
9.27863 1.74404797e+00
9.31075 1.80921477e+00
9.34298 1.82626827e+00
9.37532 1.73999168e+00
9.40777 1.59348709e+00
9.44034 1.46938475e+00
9.47302 1.35152914e+00
9.50581 1.30816672e+00
9.53871 1.29554606e+00
9.57173 1.23732286e+00
9.60487 1.15221394e+00
9.63811 1.04928295e+00
9.67148 9.81663324e-01
9.70495 9.94539964e-01
9.73855 1.12003584e+00
9.77226 1.31866908e+00
9.80609 1.44729548e+00
9.84003 1.52653934e+00
9.87409 1.55575193e+00
9.90827 1.43646670e+00
9.94257 1.17842704e+00
9.97699 9.61941742e-01
10.01153 8.63891840e-01
10.04618 8.48353209e-01
10.08096 8.93325938e-01
10.11585 9.84646507e-01
10.15087 1.11827470e+00
10.18601 1.29006420e+00
10.22127 1.42497686e+00
10.25665 1.49869623e+00
10.29215 1.56630335e+00
10.32778 1.65910484e+00
10.36353 1.75538424e+00
10.39941 1.83277843e+00
10.43540 1.87926675e+00
10.47153 1.89365685e+00
10.50777 1.89284306e+00
10.54415 1.88557662e+00
10.58065 1.87091794e+00
10.61727 1.85750171e+00
10.65403 1.83209563e+00
10.69091 1.78026788e+00
10.72791 1.68126261e+00
10.76505 1.53976069e+00
10.80231 1.32271639e+00
10.83971 1.15131408e+00
10.87723 1.02879367e+00
10.91488 8.98179893e-01
10.95266 7.86769511e-01
10.99058 8.21258094e-01
11.02862 9.24398533e-01
11.06680 1.01312274e+00
11.10511 1.04013697e+00
11.14355 1.00374363e+00
11.18212 9.39830105e-01
11.22083 8.59106528e-01
11.25967 7.72596645e-01
11.29865 7.15369188e-01
11.33776 7.02665973e-01
11.37701 7.06051957e-01
11.41639 7.65769026e-01
11.45591 8.48681083e-01
11.49556 9.23054508e-01
11.53536 9.69959312e-01
11.57529 9.79517467e-01
11.61536 9.58678224e-01
11.65556 9.06345228e-01
11.69591 8.31994427e-01
11.73640 7.16975205e-01
11.77702 5.31318268e-01
11.81779 3.58087097e-01
11.85870 2.71720823e-01
11.89975 2.07652642e-01
11.94094 1.81764688e-01
11.98227 1.59552587e-01
12.02375 1.36603500e-01
12.06537 1.34842375e-01
12.10714 1.20046540e-01
12.14905 1.10795540e-01
12.19110 1.07963060e-01
12.23330 9.98871253e-02
12.27565 1.07938233e-01
12.31814 1.00697607e-01
12.36078 9.06821564e-02
12.40357 9.80280124e-02
12.44651 9.62900960e-02
12.48959 9.01280178e-02
12.53283 8.20927022e-02
12.57621 9.19431396e-02
12.61974 8.77508924e-02
12.66343 9.09253084e-02
12.70726 8.70413351e-02
12.75125 8.41803449e-02
12.79539 8.89963449e-02
12.83968 8.63111698e-02
12.88413 7.93908764e-02
12.92873 7.97480818e-02
12.97348 9.20722133e-02
13.01839 8.78672231e-02
13.06345 8.99485067e-02
13.10867 9.00419147e-02
13.15405 9.10356036e-02
13.19959 1.04234443e-01
13.24528 1.06669385e-01
13.29113 1.00964341e-01
13.33713 1.23144448e-01
13.38330 1.56573486e-01
13.42963 1.84572665e-01
13.47612 1.72929406e-01
13.52277 1.54748048e-01
13.56958 1.51243095e-01
13.61655 1.65325042e-01
13.66368 2.09679394e-01
13.71098 2.72944373e-01
13.75844 3.50333399e-01
13.80607 3.58536229e-01
13.85386 2.84581796e-01
13.90182 2.18713650e-01
13.94994 1.66740846e-01
13.99823 1.46635042e-01
14.04668 1.42052002e-01
14.09531 1.41111924e-01
14.14410 1.50122025e-01
14.19306 1.67070836e-01
14.24219 2.01552500e-01
14.29149 2.49395515e-01
14.34096 2.94667669e-01
14.39060 3.28089042e-01
14.44042 3.12194972e-01
14.49041 2.72422814e-01
14.54057 2.51978683e-01
14.59090 2.36769892e-01
14.64141 2.43725540e-01
14.69209 2.52299177e-01
14.74295 2.54654811e-01
14.79398 2.47422933e-01
14.84519 2.42022268e-01
14.89658 2.35321831e-01
14.94814 2.23593589e-01
14.99989 2.11831001e-01
15.05181 2.02224126e-01
15.10392 2.37806215e-01
15.15620 2.63847895e-01
15.20866 3.09314295e-01
15.26131 3.59131012e-01
15.31414 3.92675995e-01
15.36715 4.23273449e-01
15.42034 4.53772044e-01
15.47372 4.71258604e-01
15.52729 4.48077877e-01
15.58103 3.95429477e-01
15.63497 3.32962908e-01
15.68909 2.70875833e-01
15.74340 2.43014265e-01
15.79790 2.26819164e-01
15.85258 2.11930071e-01
15.90746 2.12128796e-01
15.96252 2.01603397e-01
16.01778 1.94839742e-01
16.07323 1.96945927e-01
16.12886 2.09865301e-01
16.18470 2.36201131e-01
16.24072 2.69139447e-01
16.29694 2.79242668e-01
16.35335 2.92819794e-01
16.40996 3.07446085e-01
16.46677 3.01151486e-01
16.52377 3.02959664e-01
16.58097 3.08973044e-01
16.63836 2.94767399e-01
16.69596 2.99160836e-01
16.75375 3.16571758e-01
16.81175 3.47938341e-01
16.86994 3.65405476e-01
16.92834 3.82193902e-01
16.98694 4.17067143e-01
17.04574 4.54855682e-01
17.10474 4.96241374e-01
17.16395 5.55091289e-01
17.22337 6.20555177e-01
17.28299 6.97721484e-01
17.34281 7.60212494e-01
17.40285 8.05295705e-01
17.46309 8.55084782e-01
17.52354 9.20427449e-01
17.58420 9.95246560e-01
17.64507 1.04820551e+00
17.70615 1.05225829e+00
17.76744 1.05411724e+00
17.82894 1.10308924e+00
17.89066 1.17348124e+00
17.95259 1.22817346e+00
18.01473 1.24588850e+00
18.07709 1.23415500e+00
18.13967 1.22025070e+00
18.20246 1.21312066e+00
18.26547 1.20627211e+00
18.32870 1.17275225e+00
18.39214 1.12813954e+00
18.45581 1.09699122e+00
18.51969 1.06717781e+00
18.58380 1.02090489e+00
18.64813 9.46763627e-01
18.71268 8.81266524e-01
18.77746 8.63739893e-01
18.84246 9.13318436e-01
18.90768 1.01009452e+00
18.97313 1.13576624e+00
19.03881 1.25817278e+00
19.10472 1.37492469e+00
19.17085 1.46157972e+00
19.23721 1.50869861e+00
19.30380 1.54081748e+00
19.37062 1.56505029e+00
19.43768 1.57665710e+00
19.50496 1.58819908e+00
19.57248 1.57881945e+00
19.64023 1.56396750e+00
19.70822 1.53709148e+00
19.77644 1.49255979e+00
19.84490 1.44942821e+00
19.91359 1.40387035e+00
19.98252 1.36103346e+00
20.05169 1.31700377e+00
20.12110 1.27581104e+00
20.19076 1.23874713e+00
20.26065 1.20336546e+00
20.33078 1.17152780e+00
20.40116 1.14346506e+00
20.47178 1.10966513e+00
20.54264 1.07686544e+00
20.61375 1.04910140e+00
20.68511 1.01646808e+00
20.75671 9.69382400e-01
20.82856 9.22461966e-01
20.90066 8.73738556e-01
20.97301 8.35729676e-01
21.04561 8.15588916e-01
21.11846 8.14355957e-01
21.19157 7.96158284e-01
21.26492 7.81191164e-01
21.33853 7.83246862e-01
21.41240 8.21107840e-01
21.48652 8.63352996e-01
21.56090 8.84336569e-01
21.63553 8.78552889e-01
21.71043 8.59919947e-01
21.78558 8.36725493e-01
21.86099 8.29615484e-01
21.93666 8.49483911e-01
22.01260 8.73645049e-01
22.08880 8.79767342e-01
22.16526 8.61124569e-01
22.24199 8.31122482e-01
22.31898 7.69890327e-01
22.39624 6.93591049e-01
22.47377 6.13202501e-01
22.55156 5.46386836e-01
22.62962 5.13630980e-01
22.70796 5.20252668e-01
22.78656 5.54063067e-01
22.86544 5.83984700e-01
22.94459 5.75422699e-01
23.02402 5.24818722e-01
23.10372 4.54719303e-01
23.18369 3.97316590e-01
23.26394 3.64593476e-01
23.34447 3.62545493e-01
23.42528 3.86825675e-01
23.50637 4.24044444e-01
23.58774 4.58583938e-01
23.66939 4.79457228e-01
23.75133 4.77214354e-01
23.83354 4.60020674e-01
23.91604 4.41757070e-01
23.99883 4.36202878e-01
24.08191 4.56944556e-01
24.16527 5.07310807e-01
24.24892 5.72439106e-01
24.33286 6.17503476e-01
24.41709 6.18550539e-01
24.50161 5.85565717e-01
24.58642 5.37374756e-01
24.67153 4.86498021e-01
24.75693 4.38581024e-01
24.84263 3.94820956e-01
24.92863 3.54743138e-01
25.01492 3.24327124e-01
25.10151 3.07154064e-01
25.18840 3.01574859e-01
25.27559 3.01125241e-01
25.36309 2.98899216e-01
25.45088 2.96071950e-01
25.53898 2.93500592e-01
25.62739 2.95404380e-01
25.71610 3.01231367e-01
25.80512 3.13931756e-01
25.89444 3.33490876e-01
25.98408 3.58133440e-01
26.07403 3.89100942e-01
26.16428 4.28950841e-01
26.25485 4.80839308e-01
26.34574 5.47884039e-01
26.43694 6.08697476e-01
26.52845 6.35933710e-01
26.62028 6.32710699e-01
26.71243 6.25919678e-01
26.80489 6.22312581e-01
26.89768 6.20011740e-01
26.99079 6.18797436e-01
27.08422 6.06497721e-01
27.17798 5.85624219e-01
27.27205 5.65147308e-01
27.36646 5.63333780e-01
27.46119 5.91744135e-01
27.55625 6.52353545e-01
27.65164 7.36438665e-01
27.74736 8.18062610e-01
27.84341 8.73525109e-01
27.93979 9.12186315e-01
28.03650 9.37794156e-01
28.13355 9.53019461e-01
28.23094 9.60262862e-01
28.32867 9.61906624e-01
28.42673 9.48718972e-01
28.52513 9.24496994e-01
28.62387 8.87952452e-01
28.72295 8.33097714e-01
28.82238 7.61360830e-01
28.92215 6.83007547e-01
29.02227 6.19367753e-01
29.12273 5.78708293e-01
29.22354 5.71400144e-01
29.32470 5.89569643e-01
29.42621 6.15450615e-01
29.52807 6.34204978e-01
29.63029 6.39066537e-01
29.73286 6.35663840e-01
29.83578 6.23678832e-01
29.93906 6.00659323e-01
30.04269 5.74191607e-01
30.14669 5.32550057e-01
30.25104 4.86204668e-01
30.35576 4.41285152e-01
30.46084 3.98239532e-01
30.56628 3.72687740e-01
30.67209 3.46252978e-01
30.77826 3.18577442e-01
30.88481 2.88801532e-01
30.99172 2.51426610e-01
31.09900 2.19185829e-01
31.20665 1.95372277e-01
31.31467 1.81128453e-01
31.42307 1.80601419e-01
31.53184 1.81823077e-01
31.64099 1.83908492e-01
31.75052 1.84777040e-01
31.86043 1.70759232e-01
31.97072 1.57654859e-01
32.08139 1.46350388e-01
32.19244 1.37642811e-01
32.30388 1.30833061e-01
32.41570 1.25566697e-01
32.52791 1.22958192e-01
32.64051 1.24838958e-01
32.75349 1.22830338e-01
32.86687 1.26870476e-01
32.98064 1.38682420e-01
33.09481 1.49542823e-01
33.20937 1.56759344e-01
33.32433 1.59326608e-01
33.43968 1.55730313e-01
33.55544 1.57385573e-01
33.67159 1.64738000e-01
33.78815 1.79440588e-01
33.90511 1.95908197e-01
34.02247 2.08467840e-01
34.14024 2.15500805e-01
34.25842 2.13472448e-01
34.37701 2.04904212e-01
34.49601 1.88974290e-01
34.61542 1.60944000e-01
34.73525 1.42463714e-01
34.85549 1.29910132e-01
34.97614 1.22130661e-01
35.09721 1.20397175e-01
35.21871 1.22765900e-01
35.34062 1.31348734e-01
35.46295 1.50061470e-01
35.58571 1.74179762e-01
35.70889 2.03323580e-01
35.83250 2.32407143e-01
35.95654 2.64557017e-01
36.08101 2.94631605e-01
36.20590 3.10012715e-01
36.33123 3.21195330e-01
36.45700 3.33620348e-01
36.58320 3.36692260e-01
36.70983 3.33004722e-01
36.83691 3.20069195e-01
36.96442 2.99706612e-01
37.09238 2.74573202e-01
37.22077 2.38217243e-01
37.34962 2.04430963e-01
37.47890 1.73863199e-01
37.60864 1.48816117e-01
37.73883 1.29201651e-01
37.86946 1.17229556e-01
38.00055 1.07455293e-01
38.13209 9.95056409e-02
38.26409 9.60942702e-02
38.39654 9.22184231e-02
38.52946 8.72457849e-02
38.66283 8.31620546e-02
38.79667 7.88947836e-02
38.93096 7.15038128e-02
39.06573 6.59662080e-02
39.20096 6.20797595e-02
39.33665 6.44592828e-02
39.47282 6.77011004e-02
39.60946 6.61075595e-02
39.74657 6.54012153e-02
39.88416 6.56963714e-02
40.02222 6.58831538e-02
40.16076 6.69804788e-02
40.29978 7.69110807e-02
40.43928 8.78995314e-02
40.57926 9.98025666e-02
40.71973 1.15656875e-01
40.86069 1.36157528e-01
41.00213 1.62576440e-01
41.14406 1.93233222e-01
41.28648 2.16764035e-01
41.42940 2.29932105e-01
41.57281 2.29322518e-01
41.71672 2.19559550e-01
41.86113 2.10911989e-01
42.00603 2.06343847e-01
42.15144 2.06063723e-01
42.29735 2.02341216e-01
42.44377 1.97053733e-01
42.59069 1.90077801e-01
42.73812 1.94154676e-01
42.88606 2.10031161e-01
43.03451 2.31076857e-01
43.18348 2.63928373e-01
43.33297 3.01209938e-01
43.48297 3.41898592e-01
43.63349 3.61800631e-01
43.78453 3.77975584e-01
43.93609 3.87754229e-01
44.08818 3.88307609e-01
44.24079 3.75370742e-01
44.39394 3.59988937e-01
44.54761 3.43709259e-01
44.70182 3.17898572e-01
44.85655 2.85438583e-01
45.01183 2.53778524e-01
45.16764 2.23671161e-01
45.32399 1.98545277e-01
45.48089 1.75549670e-01
45.63832 1.63829814e-01
45.79630 1.53480270e-01
45.95483 1.42393668e-01
46.11391 1.32283389e-01
46.27353 1.21204516e-01
46.43371 1.11197622e-01
46.59445 1.02560880e-01
46.75574 9.47761061e-02
46.91759 8.70023666e-02
47.08000 8.02959833e-02
47.24297 8.02267611e-02
47.40650 8.00969780e-02
47.57060 7.61838460e-02
47.73527 7.41305600e-02
47.90051 7.21733849e-02
48.06633 7.11270684e-02
48.23271 7.62650311e-02
48.39967 8.23890169e-02
48.56721 9.00375591e-02
48.73533 1.00374313e-01
48.90403 1.12319076e-01
49.07332 1.26390830e-01
49.24319 1.29498830e-01
49.41365 1.31241737e-01
49.58470 1.23702494e-01
49.75634 1.14317504e-01
49.92858 1.04659221e-01
50.10141 9.60855218e-02
50.27484 8.86052284e-02
50.44887 8.19689298e-02
50.62350 7.95572960e-02
50.79874 8.27185209e-02
50.97458 8.65963591e-02
51.15104 8.98140320e-02
51.32810 9.37809102e-02
51.50578 9.34055858e-02
51.68407 9.31028622e-02
51.86298 9.29268107e-02
52.04250 9.38103538e-02
52.22265 9.32660587e-02
52.40343 9.20011929e-02
52.58482 8.85568942e-02
52.76685 8.27637067e-02
52.94951 7.75425404e-02
53.13280 7.29499680e-02
53.31672 6.87799218e-02
53.50128 6.25561564e-02
53.68648 5.73708427e-02
53.87232 5.43332284e-02
54.05880 5.21018898e-02
54.24593 5.03554738e-02
54.43371 4.93222489e-02
54.62214 4.85802315e-02
54.81122 4.76648057e-02
55.00095 4.68235774e-02
55.19134 4.46032670e-02
55.38239 4.22078820e-02
55.57410 4.08468405e-02
55.76647 4.07651540e-02
55.95951 4.09209099e-02
56.15322 4.08593696e-02
56.34760 4.10511397e-02
56.54265 3.93580208e-02
56.73838 3.73055847e-02
56.93479 3.61694119e-02
57.13187 3.63349703e-02
57.32964 3.66893022e-02
57.52809 3.67095692e-02
57.72723 3.67654548e-02
57.92705 3.68950201e-02
58.12757 3.70370796e-02
58.32879 3.72044972e-02
58.53070 3.55322601e-02
58.73331 3.40736679e-02
58.93662 3.28906642e-02
59.14063 3.20529353e-02
59.34535 3.15312368e-02
59.55078 3.09508628e-02
59.75692 3.06659111e-02
59.96377 3.10698578e-02
60.17134 3.20643966e-02
60.37963 3.31347682e-02
60.58864 3.33656537e-02
60.79837 3.35342971e-02
61.00883 3.30639182e-02
61.22002 3.13695138e-02
61.43194 2.97676873e-02
61.64459 2.88217340e-02
61.85797 2.81328718e-02
62.07210 2.74944196e-02
62.28697 2.69154082e-02
62.50258 2.64394393e-02
62.71894 2.65292272e-02
62.93605 2.72791692e-02
63.15390 2.82332350e-02
63.37252 2.85314574e-02
63.59189 2.86857972e-02
63.81201 2.88464997e-02
64.03290 2.87986297e-02
64.25456 2.87833554e-02
64.47698 2.84679497e-02
64.70017 2.78310704e-02
64.92414 2.73882672e-02
65.14888 2.60499220e-02
65.37440 2.43280501e-02
65.60070 2.27525337e-02
65.82778 2.29325364e-02
66.05565 2.33532644e-02
66.28430 2.39217900e-02
66.51375 2.55504194e-02
66.74400 2.73129298e-02
66.97504 2.80493609e-02
67.20688 2.59271986e-02
67.43952 2.40866976e-02
67.67297 2.42272588e-02
67.90722 2.71770178e-02
68.14229 3.07205820e-02
68.37817 3.42606158e-02
68.61486 3.76245097e-02
68.85238 4.13422016e-02
69.09072 4.15408747e-02
69.32988 3.98652949e-02
69.56987 3.85844642e-02
69.81069 3.61071698e-02
70.05235 3.33826740e-02
70.29484 3.10611442e-02
70.53817 3.01382331e-02
70.78235 2.96861637e-02
71.02737 2.92749744e-02
71.27323 2.95646375e-02
71.51995 3.03322382e-02
71.76752 3.13704969e-02
72.01595 3.31221172e-02
72.26524 3.52081744e-02
72.51539 3.74253189e-02
72.76641 3.59094823e-02
73.01830 3.27197621e-02
73.27106 3.00103751e-02
73.52469 2.74645536e-02
73.77920 2.51738007e-02
74.03460 2.33399127e-02
74.29087 2.25991248e-02
74.54804 2.28856059e-02
74.80609 2.31768059e-02
75.06504 2.30488334e-02
75.32488 2.18652274e-02
75.58563 2.10036213e-02
75.84727 2.03639794e-02
76.10982 1.84568396e-02
76.37328 1.68542379e-02
76.63766 1.54934528e-02
76.90295 1.56310100e-02
77.16915 1.61217093e-02
77.43628 1.66719554e-02
77.70433 1.72603212e-02
77.97331 1.79629408e-02
78.24322 1.88439054e-02
78.51407 1.93954444e-02
78.78585 1.84137308e-02
79.05857 1.75249349e-02
79.33224 1.67187266e-02
79.60686 1.60220791e-02
79.88242 1.59274628e-02
80.15894 1.62543670e-02
80.43642 1.60244586e-02
80.71486 1.51495671e-02
80.99426 1.44087141e-02
81.27463 1.38964460e-02
81.55596 1.44634012e-02
81.83828 1.51376960e-02
82.12157 1.59417104e-02
82.40584 1.53683152e-02
82.69109 1.48105218e-02
82.97733 1.48440571e-02
83.26457 1.47254657e-02
83.55279 1.20325979e-02
83.84202 1.04611560e-02
84.13225 1.00255892e-02
84.42348 1.08378468e-02
84.71572 1.20844292e-02
85.00897 1.38031513e-02
85.30323 1.62289742e-02
85.59852 1.67251056e-02
85.89482 1.71784057e-02
86.19215 1.76692942e-02
86.49052 1.71490082e-02
86.78991 1.47526201e-02
87.09034 1.27003209e-02
87.39181 1.09415476e-02
87.69432 1.03006546e-02
87.99789 1.03355752e-02
88.30250 1.05087764e-02
88.60816 1.07841199e-02
88.91489 1.12630080e-02
89.22267 1.19080896e-02
89.53153 1.27940674e-02
89.84145 1.37667301e-02
90.15244 1.29521417e-02
90.46451 1.21888044e-02
90.77766 1.14732439e-02
91.09190 1.11188660e-02
91.40722 1.16057275e-02
91.72363 1.21955854e-02
92.04114 1.29070380e-02
92.35975 1.31029435e-02
92.67946 1.24338418e-02
93.00028 1.18250085e-02
93.32221 1.12700660e-02
93.64525 1.12252548e-02
93.96941 1.17365945e-02
94.29469 1.22834208e-02
94.62110 1.28688174e-02
94.94864 1.21862123e-02
95.27731 1.04945730e-02
95.60712 9.21907716e-03
95.93807 8.24116284e-03
96.27017 8.01629671e-03
96.60342 8.79873120e-03
96.93782 1.00673714e-02
97.27338 1.20882446e-02
97.61010 1.37397986e-02
97.94798 1.27764643e-02
98.28704 1.19074370e-02
98.62727 1.11197511e-02
98.96867 1.04026778e-02
99.31126 9.74729404e-03
99.65504 9.14614512e-03
100.00000 8.59296231e-03
