        2000  0.100000 2.800000
0.10000 3.50904761e-01
0.10035 3.50003572e-01
0.10069 3.49033925e-01
0.10104 3.47978736e-01
0.10139 3.46824315e-01
0.10174 3.45571856e-01
0.10210 3.44242329e-01
0.10245 3.42870217e-01
0.10280 3.41488348e-01
0.10316 3.40115838e-01
0.10352 3.38757129e-01
0.10387 3.37410553e-01
0.10423 3.36078748e-01
0.10459 3.34772281e-01
0.10496 3.33504590e-01
0.10532 3.32283790e-01
0.10568 3.31109346e-01
0.10605 3.29974636e-01
0.10642 3.28871735e-01
0.10679 3.27796075e-01
0.10716 3.26748613e-01
0.10753 3.25733769e-01
0.10790 3.24754068e-01
0.10827 3.23806286e-01
0.10865 3.22882759e-01
0.10902 3.21977065e-01
0.10940 3.21089477e-01
0.10978 3.20226791e-01
0.11016 3.19397108e-01
0.11054 3.18604284e-01
0.11092 3.17846530e-01
0.11131 3.17119177e-01
0.11169 3.16417820e-01
0.11208 3.15737956e-01
0.11247 3.15071892e-01
0.11286 3.14406126e-01
0.11325 3.13722005e-01
0.11364 3.12999780e-01
0.11403 3.12222711e-01
0.11443 3.11378990e-01
0.11482 3.10461076e-01
0.11522 3.09464288e-01
0.11562 3.08386599e-01
0.11602 3.07229589e-01
0.11642 3.05999244e-01
0.11682 3.04705371e-01
0.11723 3.03359716e-01
0.11763 3.01974052e-01
0.11804 3.00559205e-01
0.11845 2.99125419e-01
0.11886 2.97683058e-01
0.11927 2.96242887e-01
0.11968 2.94815609e-01
0.12010 2.93411079e-01
0.12051 2.92037623e-01
0.12093 2.90702098e-01
0.12135 2.89410439e-01
0.12177 2.88167724e-01
0.12219 2.86978098e-01
0.12262 2.85844409e-01
0.12304 2.84767753e-01
0.12347 2.83747794e-01
0.12389 2.82782914e-01
0.12432 2.81870761e-01
0.12475 2.81008199e-01
0.12518 2.80191396e-01
0.12562 2.79416082e-01
0.12605 2.78677616e-01
0.12649 2.77971294e-01
0.12693 2.77292263e-01
0.12737 2.76635420e-01
0.12781 2.75995228e-01
0.12825 2.75365714e-01
0.12869 2.74740505e-01
0.12914 2.74112795e-01
0.12959 2.73475452e-01
0.13003 2.72821111e-01
0.13048 2.72142242e-01
0.13094 2.71431826e-01
0.13139 2.70683566e-01
0.13184 2.69892448e-01
0.13230 2.69054999e-01
0.13276 2.68169403e-01
0.13322 2.67235534e-01
0.13368 2.66254862e-01
0.13414 2.65230361e-01
0.13461 2.64166137e-01
0.13507 2.63067218e-01
0.13554 2.61939116e-01
0.13601 2.60787570e-01
0.13648 2.59618290e-01
0.13695 2.58436764e-01
0.13743 2.57248096e-01
0.13790 2.56057026e-01
0.13838 2.54867785e-01
0.13886 2.53684107e-01
0.13934 2.52509301e-01
0.13982 2.51346206e-01
0.14031 2.50197273e-01
0.14079 2.49064642e-01
0.14128 2.47950080e-01
0.14177 2.46855168e-01
0.14226 2.45781250e-01
0.14275 2.44729445e-01
0.14324 2.43700775e-01
0.14374 2.42696073e-01
0.14424 2.41716073e-01
0.14474 2.40761422e-01
0.14524 2.39832606e-01
0.14574 2.38930060e-01
0.14625 2.38054071e-01
0.14675 2.37204825e-01
0.14726 2.36382359e-01
0.14777 2.35586500e-01
0.14828 2.34816923e-01
0.14879 2.34073031e-01
0.14931 2.33353954e-01
0.14983 2.32658471e-01
0.15034 2.31985003e-01
0.15087 2.31331557e-01
0.15139 2.30695771e-01
0.15191 2.30074743e-01
0.15244 2.29465276e-01
0.15297 2.28863737e-01
0.15349 2.28266229e-01
0.15403 2.27668597e-01
0.15456 2.27066672e-01
0.15509 2.26456247e-01
0.15563 2.25833266e-01
0.15617 2.25193995e-01
0.15671 2.24535061e-01
0.15725 2.23853541e-01
0.15780 2.23147108e-01
0.15834 2.22413931e-01
0.15889 2.21652816e-01
0.15944 2.20863129e-01
0.15999 2.20044757e-01
0.16055 2.19198124e-01
0.16110 2.18324014e-01
0.16166 2.17423684e-01
0.16222 2.16498688e-01
0.16278 2.15550832e-01
0.16335 2.14582206e-01
0.16391 2.13595013e-01
0.16448 2.12591680e-01
0.16505 2.11574670e-01
0.16562 2.10546585e-01
0.16619 2.09510087e-01
0.16677 2.08467828e-01
0.16734 2.07422532e-01
0.16792 2.06376900e-01
0.16851 2.05333595e-01
0.16909 2.04295292e-01
0.16967 2.03264581e-01
0.17026 2.02243988e-01
0.17085 2.01235938e-01
0.17144 2.00242809e-01
0.17204 1.99266779e-01
0.17263 1.98309963e-01
0.17323 1.97374252e-01
0.17383 1.96461428e-01
0.17443 1.95573044e-01
0.17503 1.94710469e-01
0.17564 1.93874850e-01
0.17625 1.93067118e-01
0.17686 1.92287947e-01
0.17747 1.91537820e-01
0.17808 1.90816889e-01
0.17870 1.90125127e-01
0.17932 1.89462212e-01
0.17994 1.88827520e-01
0.18056 1.88220268e-01
0.18119 1.87639337e-01
0.18182 1.87083369e-01
0.18244 1.86550772e-01
0.18308 1.86039753e-01
0.18371 1.85548235e-01
0.18435 1.85073989e-01
0.18498 1.84614603e-01
0.18562 1.84167486e-01
0.18627 1.83729940e-01
0.18691 1.83299163e-01
0.18756 1.82872293e-01
0.18821 1.82446444e-01
0.18886 1.82018741e-01
0.18951 1.81586384e-01
0.19017 1.81146647e-01
0.19083 1.80696942e-01
0.19149 1.80234830e-01
0.19215 1.79758084e-01
0.19282 1.79264686e-01
0.19348 1.78752896e-01
0.19415 1.78221195e-01
0.19483 1.77668338e-01
0.19550 1.77093404e-01
0.19618 1.76495748e-01
0.19686 1.75874944e-01
0.19754 1.75230857e-01
0.19822 1.74563673e-01
0.19891 1.73873740e-01
0.19960 1.73161669e-01
0.20029 1.72428256e-01
0.20098 1.71674533e-01
0.20168 1.70901659e-01
0.20237 1.70110926e-01
0.20307 1.69303817e-01
0.20378 1.68481836e-01
0.20448 1.67646665e-01
0.20519 1.66799982e-01
0.20590 1.65943568e-01
0.20661 1.65079189e-01
0.20733 1.64208688e-01
0.20805 1.63333868e-01
0.20877 1.62456560e-01
0.20949 1.61578542e-01
0.21021 1.60701570e-01
0.21094 1.59827360e-01
0.21167 1.58957605e-01
0.21240 1.58093886e-01
0.21314 1.57237771e-01
0.21388 1.56390690e-01
0.21462 1.55554062e-01
0.21536 1.54729182e-01
0.21611 1.53917257e-01
0.21685 1.53119419e-01
0.21760 1.52336663e-01
0.21836 1.51569948e-01
0.21911 1.50820059e-01
0.21987 1.50087740e-01
0.22063 1.49373579e-01
0.22140 1.48678121e-01
0.22216 1.48001728e-01
0.22293 1.47344699e-01
0.22370 1.46707220e-01
0.22448 1.46089378e-01
0.22526 1.45491136e-01
0.22604 1.44912370e-01
0.22682 1.44352843e-01
0.22760 1.43812231e-01
0.22839 1.43290087e-01
0.22918 1.42785888e-01
0.22998 1.42299036e-01
0.23077 1.41828811e-01
0.23157 1.41374389e-01
0.23237 1.40934976e-01
0.23318 1.40509600e-01
0.23398 1.40097228e-01
0.23479 1.39696828e-01
0.23561 1.39307268e-01
0.23642 1.38927351e-01
0.23724 1.38555934e-01
0.23806 1.38191710e-01
0.23889 1.37833472e-01
0.23971 1.37479950e-01
0.24054 1.37129851e-01
0.24137 1.36781904e-01
0.24221 1.36434891e-01
0.24305 1.36087554e-01
0.24389 1.35738724e-01
0.24473 1.35387243e-01
0.24558 1.35032028e-01
0.24643 1.34672048e-01
0.24728 1.34306318e-01
0.24814 1.33933968e-01
0.24900 1.33554164e-01
0.24986 1.33166183e-01
0.25073 1.32769392e-01
0.25159 1.32363243e-01
0.25246 1.31947250e-01
0.25334 1.31521090e-01
0.25422 1.31084464e-01
0.25510 1.30637223e-01
0.25598 1.30179280e-01
0.25687 1.29710610e-01
0.25775 1.29231349e-01
0.25865 1.28741623e-01
0.25954 1.28241717e-01
0.26044 1.27731918e-01
0.26134 1.27212649e-01
0.26225 1.26684332e-01
0.26315 1.26147479e-01
0.26406 1.25602624e-01
0.26498 1.25050377e-01
0.26590 1.24491348e-01
0.26682 1.23926208e-01
0.26774 1.23355618e-01
0.26867 1.22780336e-01
0.26960 1.22201010e-01
0.27053 1.21618373e-01
0.27147 1.21033198e-01
0.27241 1.20446169e-01
0.27335 1.19858007e-01
0.27430 1.19269447e-01
0.27525 1.18681198e-01
0.27620 1.18093908e-01
0.27715 1.17508260e-01
0.27811 1.16924901e-01
0.27908 1.16344455e-01
0.28004 1.15767518e-01
0.28101 1.15194676e-01
0.28198 1.14626450e-01
0.28296 1.14063376e-01
0.28394 1.13505915e-01
0.28492 1.12954551e-01
0.28591 1.12409696e-01
0.28690 1.11871748e-01
0.28789 1.11341042e-01
0.28889 1.10817927e-01
0.28989 1.10302702e-01
0.29089 1.09795604e-01
0.29190 1.09296917e-01
0.29291 1.08806805e-01
0.29392 1.08325442e-01
0.29494 1.07852964e-01
0.29596 1.07389508e-01
0.29699 1.06935136e-01
0.29801 1.06489861e-01
0.29905 1.06053783e-01
0.30008 1.05626852e-01
0.30112 1.05209029e-01
0.30216 1.04800292e-01
0.30321 1.04400526e-01
0.30426 1.04009634e-01
0.30531 1.03627490e-01
0.30637 1.03253932e-01
0.30743 1.02888800e-01
0.30849 1.02531868e-01
0.30956 1.02182939e-01
0.31063 1.01841774e-01
0.31171 1.01508101e-01
0.31279 1.01181671e-01
0.31387 1.00862197e-01
0.31496 1.00549369e-01
0.31605 1.00242850e-01
0.31714 9.99423289e-02
0.31824 9.96474578e-02
0.31934 9.93578880e-02
0.32044 9.90732338e-02
0.32155 9.87931467e-02
0.32267 9.85172658e-02
0.32378 9.82451680e-02
0.32490 9.79764800e-02
0.32603 9.77108036e-02
0.32716 9.74477653e-02
0.32829 9.71869422e-02
0.32943 9.69279733e-02
0.33057 9.66704231e-02
0.33171 9.64139431e-02
0.33286 9.61581102e-02
0.33401 9.59025636e-02
0.33517 9.56469547e-02
0.33633 9.53908604e-02
0.33749 9.51339822e-02
0.33866 9.48759342e-02
0.33983 9.46163804e-02
0.34101 9.43550222e-02
0.34219 9.40915360e-02
0.34337 9.38256231e-02
0.34456 9.35570098e-02
0.34576 9.32854222e-02
0.34695 9.30106116e-02
0.34815 9.27323413e-02
0.34936 9.24503876e-02
0.35057 9.21645636e-02
0.35178 9.18746827e-02
0.35300 9.15805582e-02
0.35422 9.12820907e-02
0.35545 9.09791058e-02
0.35668 9.06715164e-02
0.35791 9.03592107e-02
0.35915 9.00421262e-02
0.36039 8.97202258e-02
0.36164 8.93934347e-02
0.36289 8.90617529e-02
0.36415 8.87251556e-02
0.36541 8.83836800e-02
0.36668 8.80373138e-02
0.36795 8.76861440e-02
0.36922 8.73301707e-02
0.37050 8.69694933e-02
0.37178 8.66041867e-02
0.37307 8.62343378e-02
0.37436 8.58600462e-02
0.37565 8.54814240e-02
0.37695 8.50986080e-02
0.37826 8.47117227e-02
0.37957 8.43209173e-02
0.38088 8.39263040e-02
0.38220 8.35280693e-02
0.38352 8.31263627e-02
0.38485 8.27213831e-02
0.38618 8.23132302e-02
0.38752 8.19021404e-02
0.38886 8.14882631e-02
0.39021 8.10717724e-02
0.39156 8.06528551e-02
0.39291 8.02316978e-02
0.39427 7.98084871e-02
0.39564 7.93833849e-02
0.39701 7.89565902e-02
0.39838 7.85282773e-02
0.39976 7.80986329e-02
0.40115 7.76678311e-02
0.40253 7.72360587e-02
0.40393 7.68034649e-02
0.40533 7.63702364e-02
0.40673 7.59365351e-02
0.40814 7.55025351e-02
0.40955 7.50683858e-02
0.41097 7.46342613e-02
0.41239 7.42002987e-02
0.41382 7.37666347e-02
0.41525 7.33334560e-02
0.41669 7.29008747e-02
0.41813 7.24690400e-02
0.41958 7.20380640e-02
0.42103 7.16080960e-02
0.42249 7.11792356e-02
0.42395 7.07516196e-02
0.42542 7.03253476e-02
0.42689 6.99005440e-02
0.42837 6.94773084e-02
0.42985 6.90557280e-02
0.43134 6.86359022e-02
0.43283 6.82179556e-02
0.43433 6.78019129e-02
0.43583 6.73878987e-02
0.43734 6.69759751e-02
0.43886 6.65662293e-02
0.44037 6.61586987e-02
0.44190 6.57534951e-02
0.44343 6.53506187e-02
0.44496 6.49501813e-02
0.44650 6.45522204e-02
0.44805 6.41567733e-02
0.44960 6.37638898e-02
0.45116 6.33736196e-02
0.45272 6.29859876e-02
0.45429 6.26010187e-02
0.45586 6.22188000e-02
0.45744 6.18393067e-02
0.45902 6.14625760e-02
0.46061 6.10886578e-02
0.46220 6.07175271e-02
0.46380 6.03492338e-02
0.46541 5.99837902e-02
0.46702 5.96212213e-02
0.46864 5.92614898e-02
0.47026 5.89046578e-02
0.47189 5.85506880e-02
0.47352 5.81996053e-02
0.47516 5.78514222e-02
0.47680 5.75061262e-02
0.47845 5.71637173e-02
0.48011 5.68241707e-02
0.48177 5.64875111e-02
0.48344 5.61537138e-02
0.48511 5.58227911e-02
0.48679 5.54946933e-02
0.48848 5.51694453e-02
0.49017 5.48470222e-02
0.49186 5.45274240e-02
0.49357 5.42106133e-02
0.49528 5.38965778e-02
0.49699 5.35853173e-02
0.49871 5.32767822e-02
0.50044 5.29709973e-02
0.50217 5.26679004e-02
0.50391 5.23674916e-02
0.50565 5.20697582e-02
0.50740 5.17746756e-02
0.50916 5.14822062e-02
0.51092 5.11923253e-02
0.51269 5.09050329e-02
0.51446 5.06202916e-02
0.51625 5.03380640e-02
0.51803 5.00583502e-02
0.51983 4.97811129e-02
0.52163 4.95063271e-02
0.52343 4.92339680e-02
0.52524 4.89640231e-02
0.52706 4.86964302e-02
0.52889 4.84311893e-02
0.53072 4.81682756e-02
0.53255 4.79076640e-02
0.53440 4.76493173e-02
0.53625 4.73932231e-02
0.53810 4.71393191e-02
0.53997 4.68876427e-02
0.54183 4.66381067e-02
0.54371 4.63907111e-02
0.54559 4.61454187e-02
0.54748 4.59022293e-02
0.54938 4.56610933e-02
0.55128 4.54219733e-02
0.55319 4.51848818e-02
0.55510 4.49497564e-02
0.55702 4.47165973e-02
0.55895 4.44853547e-02
0.56089 4.42560409e-02
0.56283 4.40285938e-02
0.56478 4.38030009e-02
0.56673 4.35792373e-02
0.56869 4.33572782e-02
0.57066 4.31370987e-02
0.57264 4.29186862e-02
0.57462 4.27020160e-02
0.57661 4.24870382e-02
0.57860 4.22737653e-02
0.58061 4.20621476e-02
0.58262 4.18521724e-02
0.58463 4.16438276e-02
0.58666 4.14370756e-02
0.58869 4.12318916e-02
0.59073 4.10282743e-02
0.59277 4.08261989e-02
0.59482 4.06256318e-02
0.59688 4.04265556e-02
0.59895 4.02289627e-02
0.60102 4.00327972e-02
0.60310 3.98380901e-02
0.60519 3.96447980e-02
0.60728 3.94528898e-02
0.60939 3.92623604e-02
0.61150 3.90732036e-02
0.61361 3.88853746e-02
0.61574 3.86988821e-02
0.61787 3.85136827e-02
0.62001 3.83297588e-02
0.62215 3.81471291e-02
0.62431 3.79657513e-02
0.62647 3.77856068e-02
0.62864 3.76066930e-02
0.63081 3.74289776e-02
0.63300 3.72524556e-02
0.63519 3.70771122e-02
0.63739 3.69029273e-02
0.63959 3.67298848e-02
0.64181 3.65579797e-02
0.64403 3.63871884e-02
0.64626 3.62175159e-02
0.64849 3.60489186e-02
0.65074 3.58814101e-02
0.65299 3.57149620e-02
0.65525 3.55495628e-02
0.65752 3.53851966e-02
0.65980 3.52218658e-02
0.66208 3.50595516e-02
0.66437 3.48982343e-02
0.66667 3.47379088e-02
0.66898 3.45785639e-02
0.67130 3.44201884e-02
0.67362 3.42627675e-02
0.67595 3.41062972e-02
0.67829 3.39507591e-02
0.68064 3.37961481e-02
0.68299 3.36424530e-02
0.68536 3.34896613e-02
0.68773 3.33377669e-02
0.69011 3.31867586e-02
0.69250 3.30366276e-02
0.69490 3.28873627e-02
0.69730 3.27389589e-02
0.69972 3.25914027e-02
0.70214 3.24446876e-02
0.70457 3.22988064e-02
0.70701 3.21537490e-02
0.70946 3.20095067e-02
0.71191 3.18660732e-02
0.71438 3.17234400e-02
0.71685 3.15815995e-02
0.71933 3.14405429e-02
0.72182 3.13002642e-02
0.72432 3.11607557e-02
0.72683 3.10220114e-02
0.72934 3.08840212e-02
0.73187 3.07467826e-02
0.73440 3.06102857e-02
0.73694 3.04745230e-02
0.73949 3.03394908e-02
0.74205 3.02051842e-02
0.74462 3.00715931e-02
0.74720 2.99387113e-02
0.74979 2.98065351e-02
0.75238 2.96750583e-02
0.75499 2.95442747e-02
0.75760 2.94141780e-02
0.76022 2.92847644e-02
0.76285 2.91560254e-02
0.76549 2.90279584e-02
0.76814 2.89005572e-02
0.77080 2.87738155e-02
0.77347 2.86477308e-02
0.77615 2.85222946e-02
0.77884 2.83975054e-02
0.78153 2.82733572e-02
0.78424 2.81498436e-02
0.78695 2.80269621e-02
0.78968 2.79047079e-02
0.79241 2.77830734e-02
0.79515 2.76620587e-02
0.79790 2.75416562e-02
0.80067 2.74218635e-02
0.80344 2.73026756e-02
0.80622 2.71840862e-02
0.80901 2.70660942e-02
0.81181 2.69486958e-02
0.81462 2.68318848e-02
0.81744 2.67156574e-02
0.82027 2.66000124e-02
0.82311 2.64849424e-02
0.82596 2.63704448e-02
0.82882 2.62565184e-02
0.83169 2.61431570e-02
0.83457 2.60303556e-02
0.83745 2.59181154e-02
0.84035 2.58064290e-02
0.84326 2.56952939e-02
0.84618 2.55847088e-02
0.84911 2.54746651e-02
0.85205 2.53651639e-02
0.85500 2.52562016e-02
0.85796 2.51477744e-02
0.86093 2.50398786e-02
0.86391 2.49325104e-02
0.86690 2.48256674e-02
0.86990 2.47193483e-02
0.87291 2.46135468e-02
0.87593 2.45082619e-02
0.87897 2.44034896e-02
0.88201 2.42992276e-02
0.88506 2.41954732e-02
0.88813 2.40922242e-02
0.89120 2.39894741e-02
0.89428 2.38872244e-02
0.89738 2.37854711e-02
0.90049 2.36842094e-02
0.90360 2.35834393e-02
0.90673 2.34831570e-02
0.90987 2.33833575e-02
0.91302 2.32840434e-02
0.91618 2.31852059e-02
0.91935 2.30868475e-02
0.92253 2.29889620e-02
0.92573 2.28915506e-02
0.92893 2.27946059e-02
0.93215 2.26981291e-02
0.93537 2.26021152e-02
0.93861 2.25065655e-02
0.94186 2.24114725e-02
0.94512 2.23168388e-02
0.94839 2.22226580e-02
0.95168 2.21289289e-02
0.95497 2.20356503e-02
0.95828 2.19428185e-02
0.96159 2.18504309e-02
0.96492 2.17584864e-02
0.96826 2.16669824e-02
0.97161 2.15759164e-02
0.97498 2.14852860e-02
0.97835 2.13950887e-02
0.98174 2.13053207e-02
0.98514 2.12159845e-02
0.98855 2.11270752e-02
0.99197 2.10385865e-02
0.99540 2.09505234e-02
0.99885 2.08628772e-02
1.00231 2.07756528e-02
1.00578 2.06888404e-02
1.00926 2.06024436e-02
1.01275 2.05164574e-02
1.01626 2.04308820e-02
1.01978 2.03457122e-02
1.02330 2.02609481e-02
1.02685 2.01765860e-02
1.03040 2.00926258e-02
1.03397 2.00090638e-02
1.03755 1.99259001e-02
1.04114 1.98431296e-02
1.04474 1.97607524e-02
1.04836 1.96787659e-02
1.05199 1.95971676e-02
1.05563 1.95159564e-02
1.05928 1.94351310e-02
1.06295 1.93546889e-02
1.06663 1.92746263e-02
1.07032 1.91949433e-02
1.07403 1.91156361e-02
1.07775 1.90367047e-02
1.08148 1.89581467e-02
1.08522 1.88799595e-02
1.08898 1.88021406e-02
1.09275 1.87246901e-02
1.09653 1.86476055e-02
1.10032 1.85708855e-02
1.10413 1.84945264e-02
1.10796 1.84185257e-02
1.11179 1.83428859e-02
1.11564 1.82675995e-02
1.11950 1.81926702e-02
1.12338 1.81180919e-02
1.12726 1.80438645e-02
1.13117 1.79699868e-02
1.13508 1.78964551e-02
1.13901 1.78232693e-02
1.14295 1.77504283e-02
1.14691 1.76779282e-02
1.15088 1.76057678e-02
1.15487 1.75339472e-02
1.15886 1.74624626e-02
1.16287 1.73913140e-02
1.16690 1.73204976e-02
1.17094 1.72500110e-02
1.17499 1.71798567e-02
1.17906 1.71100297e-02
1.18314 1.70405300e-02
1.18724 1.69713550e-02
1.19135 1.69025012e-02
1.19547 1.68339696e-02
1.19961 1.67657566e-02
1.20376 1.66978635e-02
1.20793 1.66302876e-02
1.21211 1.65630242e-02
1.21630 1.64960756e-02
1.22052 1.64294368e-02
1.22474 1.63631092e-02
1.22898 1.62970914e-02
1.23323 1.62313772e-02
1.23750 1.61659705e-02
1.24179 1.61008661e-02
1.24609 1.60360642e-02
1.25040 1.59715634e-02
1.25473 1.59073600e-02
1.25907 1.58434553e-02
1.26343 1.57798443e-02
1.26780 1.57165282e-02
1.27219 1.56535058e-02
1.27659 1.55907721e-02
1.28101 1.55283308e-02
1.28545 1.54661783e-02
1.28990 1.54043108e-02
1.29436 1.53427282e-02
1.29884 1.52814293e-02
1.30334 1.52204130e-02
1.30785 1.51596766e-02
1.31238 1.50992215e-02
1.31692 1.50390427e-02
1.32148 1.49791413e-02
1.32605 1.49195125e-02
1.33064 1.48601575e-02
1.33525 1.48010763e-02
1.33987 1.47422651e-02
1.34451 1.46837227e-02
1.34916 1.46254503e-02
1.35383 1.45674405e-02
1.35852 1.45096971e-02
1.36322 1.44522187e-02
1.36794 1.43950016e-02
1.37268 1.43380446e-02
1.37743 1.42813477e-02
1.38220 1.42249097e-02
1.38698 1.41687268e-02
1.39178 1.41128014e-02
1.39660 1.40571275e-02
1.40144 1.40017074e-02
1.40629 1.39465399e-02
1.41115 1.38916213e-02
1.41604 1.38369529e-02
1.42094 1.37825296e-02
1.42586 1.37283540e-02
1.43080 1.36744235e-02
1.43575 1.36207369e-02
1.44072 1.35672917e-02
1.44571 1.35140880e-02
1.45071 1.34611244e-02
1.45573 1.34083998e-02
1.46077 1.33559116e-02
1.46583 1.33036587e-02
1.47090 1.32516409e-02
1.47599 1.31998583e-02
1.48110 1.31483072e-02
1.48623 1.30969876e-02
1.49137 1.30458969e-02
1.49654 1.29950340e-02
1.50172 1.29444000e-02
1.50692 1.28939925e-02
1.51213 1.28438103e-02
1.51737 1.27938521e-02
1.52262 1.27441179e-02
1.52789 1.26946039e-02
1.53318 1.26453102e-02
1.53849 1.25962356e-02
1.54381 1.25473787e-02
1.54916 1.24987396e-02
1.55452 1.24503170e-02
1.55990 1.24021084e-02
1.56530 1.23541140e-02
1.57072 1.23063310e-02
1.57615 1.22587621e-02
1.58161 1.22114011e-02
1.58709 1.21642503e-02
1.59258 1.21173061e-02
1.59809 1.20705710e-02
1.60362 1.20240400e-02
1.60918 1.19777143e-02
1.61475 1.19315927e-02
1.62034 1.18856752e-02
1.62594 1.18399580e-02
1.63157 1.17944412e-02
1.63722 1.17491248e-02
1.64289 1.17040075e-02
1.64857 1.16590868e-02
1.65428 1.16143627e-02
1.66001 1.15698340e-02
1.66575 1.15255006e-02
1.67152 1.14813602e-02
1.67731 1.14374101e-02
1.68311 1.13936542e-02
1.68894 1.13500875e-02
1.69478 1.13067111e-02
1.70065 1.12635227e-02
1.70654 1.12205221e-02
1.71245 1.11777070e-02
1.71837 1.11350786e-02
1.72432 1.10926356e-02
1.73029 1.10503755e-02
1.73628 1.10082983e-02
1.74229 1.09664004e-02
1.74832 1.09246866e-02
1.75437 1.08831508e-02
1.76045 1.08417954e-02
1.76654 1.08006167e-02
1.77266 1.07596148e-02
1.77879 1.07187920e-02
1.78495 1.06781410e-02
1.79113 1.06376679e-02
1.79733 1.05973653e-02
1.80355 1.05572370e-02
1.80979 1.05172804e-02
1.81606 1.04774930e-02
1.82234 1.04378773e-02
1.82865 1.03984309e-02
1.83498 1.03591513e-02
1.84133 1.03200396e-02
1.84771 1.02810960e-02
1.85410 1.02423166e-02
1.86052 1.02037028e-02
1.86696 1.01652532e-02
1.87342 1.01269666e-02
1.87991 1.00888405e-02
1.88642 1.00508788e-02
1.89295 1.00130750e-02
1.89950 9.97543307e-03
1.90607 9.93795164e-03
1.91267 9.90062578e-03
1.91929 9.86345671e-03
1.92594 9.82644569e-03
1.93260 9.78959147e-03
1.93929 9.75289156e-03
1.94601 9.71634596e-03
1.95274 9.67995467e-03
1.95950 9.64371520e-03
1.96629 9.60762880e-03
1.97309 9.57169173e-03
1.97992 9.53590649e-03
1.98678 9.50027182e-03
1.99365 9.46478400e-03
2.00055 9.43175644e-03
2.00748 9.42526044e-03
2.01443 9.41879307e-03
2.02140 9.41235556e-03
2.02840 9.40594418e-03
2.03542 9.39956267e-03
2.04247 9.39320978e-03
2.04954 9.38688178e-03
2.05663 9.38058489e-03
2.06375 9.37431289e-03
2.07090 9.36806951e-03
2.07806 9.36185476e-03
2.08526 9.35566489e-03
2.09247 9.34950364e-03
2.09972 9.34336853e-03
2.10699 9.33726080e-03
2.11428 9.33117920e-03
2.12160 9.32512373e-03
2.12894 9.31909440e-03
2.13631 9.31309120e-03
2.14371 9.30711413e-03
2.15113 9.30116444e-03
2.15857 9.29524089e-03
2.16605 9.28934098e-03
2.17354 9.28346720e-03
2.18107 9.27761956e-03
2.18862 9.27179680e-03
2.19619 9.26600018e-03
2.20380 9.26022720e-03
2.21143 9.25447911e-03
2.21908 9.24875591e-03
2.22676 9.24305760e-03
2.23447 9.23738418e-03
2.24220 9.23173440e-03
2.24997 9.22610951e-03
2.25775 9.22050827e-03
2.26557 9.21493067e-03
2.27341 9.20937920e-03
2.28128 9.20385013e-03
2.28918 9.19834347e-03
2.29710 9.19286169e-03
2.30505 9.18740356e-03
2.31303 9.18196782e-03
2.32104 9.17655573e-03
2.32908 9.17116604e-03
2.33714 9.16580124e-03
2.34523 9.16045760e-03
2.35335 9.15513511e-03
2.36149 9.14983876e-03
2.36967 9.14456231e-03
2.37787 9.13930951e-03
2.38610 9.13407911e-03
2.39436 9.12887111e-03
2.40265 9.12368302e-03
2.41097 9.11851858e-03
2.41931 9.11337529e-03
2.42769 9.10825316e-03
2.43609 9.10315342e-03
2.44452 9.09807484e-03
2.45298 9.09301867e-03
2.46148 9.08798364e-03
2.47000 9.08296853e-03
2.47855 9.07797458e-03
2.48713 9.07300178e-03
2.49574 9.06805138e-03
2.50438 9.06277742e-03
2.51304 9.05719982e-03
2.52174 9.05165084e-03
2.53047 9.04613049e-03
2.53923 9.04063751e-03
2.54802 9.03517440e-03
2.55684 9.02973618e-03
2.56569 9.02432907e-03
2.57457 9.01894809e-03
2.58349 9.01359449e-03
2.59243 9.00827076e-03
2.60140 9.00297316e-03
2.61041 8.99770418e-03
2.61944 8.99246009e-03
2.62851 8.98724587e-03
2.63761 8.98205778e-03
2.64674 8.97689707e-03
2.65590 8.97176249e-03
2.66510 8.96665404e-03
2.67432 8.96157298e-03
2.68358 8.95651929e-03
2.69287 8.95149173e-03
2.70219 8.94649031e-03
2.71154 8.94151502e-03
2.72093 8.93656711e-03
2.73035 8.93164409e-03
2.73980 8.92674720e-03
2.74928 8.92187769e-03
2.75880 8.91703182e-03
2.76835 8.91221209e-03
2.77793 8.90741849e-03
2.78755 8.90265102e-03
2.79720 8.89790720e-03
2.80688 8.89318951e-03
2.81660 8.88849671e-03
2.82635 8.88383004e-03
2.83613 8.87918702e-03
2.84595 8.87456889e-03
2.85580 8.86997689e-03
2.86569 8.86540978e-03
2.87561 8.86086631e-03
2.88556 8.85634773e-03
2.89555 8.85185280e-03
2.90557 8.84738276e-03
2.91563 8.84293636e-03
2.92572 8.83851609e-03
2.93585 8.83411698e-03
2.94601 8.82974400e-03
2.95621 8.82539342e-03
2.96644 8.82106898e-03
2.97671 8.81676693e-03
2.98702 8.81248853e-03
2.99736 8.80823253e-03
3.00773 8.80332444e-03
3.01814 8.79820729e-03
3.02859 8.79311502e-03
3.03907 8.78804764e-03
3.04960 8.78300516e-03
3.06015 8.77798382e-03
3.07074 8.77298987e-03
3.08137 8.76801956e-03
3.09204 8.76307289e-03
3.10274 8.75814987e-03
3.11348 8.75325049e-03
3.12426 8.74837600e-03
3.13508 8.74352391e-03
3.14593 8.73869547e-03
3.15682 8.73389067e-03
3.16775 8.72910951e-03
3.17871 8.72435200e-03
3.18972 8.71961689e-03
3.20076 8.71490542e-03
3.21184 8.71021511e-03
3.22295 8.70555093e-03
3.23411 8.70090791e-03
3.24531 8.69628604e-03
3.25654 8.69168782e-03
3.26781 8.68711449e-03
3.27912 8.68255982e-03
3.29047 8.67803004e-03
3.30187 8.67352142e-03
3.31330 8.66903396e-03
3.32476 8.66457013e-03
3.33627 8.66012747e-03
3.34782 8.65570844e-03
3.35941 8.65130933e-03
3.37104 8.64693262e-03
3.38271 8.64257707e-03
3.39442 8.63824142e-03
3.40617 8.63392942e-03
3.41796 8.62963982e-03
3.42979 8.62536889e-03
3.44166 8.62112036e-03
3.45358 8.61689298e-03
3.46553 8.61268676e-03
3.47753 8.60850169e-03
3.48957 8.60433529e-03
3.50164 8.60021120e-03
3.51377 8.59623022e-03
3.52593 8.59226916e-03
3.53814 8.58832800e-03
3.55038 8.58440924e-03
3.56267 8.58050916e-03
3.57500 8.57663147e-03
3.58738 8.57277244e-03
3.59980 8.56893333e-03
3.61226 8.56511538e-03
3.62476 8.56131733e-03
3.63731 8.55754044e-03
3.64990 8.55378222e-03
3.66254 8.55004391e-03
3.67521 8.54632551e-03
3.68794 8.54262827e-03
3.70070 8.53894969e-03
3.71351 8.53528978e-03
3.72637 8.53164978e-03
3.73927 8.52802969e-03
3.75221 8.52442827e-03
3.76520 8.52084676e-03
3.77823 8.51728391e-03
3.79131 8.51374098e-03
3.80443 8.51021671e-03
3.81760 8.50671111e-03
3.83082 8.50322418e-03
3.84408 8.49975716e-03
3.85739 8.49630756e-03
3.87074 8.49287662e-03
3.88414 8.48946436e-03
3.89758 8.48607324e-03
3.91107 8.48269831e-03
3.92461 8.47934204e-03
3.93820 8.47600320e-03
3.95183 8.47268302e-03
3.96551 8.46938151e-03
3.97924 8.46609742e-03
3.99301 8.46283324e-03
4.00683 8.46309582e-03
4.02070 8.46699093e-03
4.03462 8.47092338e-03
4.04859 8.47489440e-03
4.06260 8.47890276e-03
4.07667 8.48294969e-03
4.09078 8.48703396e-03
4.10494 8.49115680e-03
4.11915 8.49531822e-03
4.13341 8.49951698e-03
4.14771 8.50375431e-03
4.16207 8.50803147e-03
4.17648 8.51234471e-03
4.19094 8.51669653e-03
4.20545 8.52108693e-03
4.22000 8.52551467e-03
4.23461 8.52997973e-03
4.24927 8.53448462e-03
4.26398 8.53902684e-03
4.27874 8.54360640e-03
4.29355 8.54822578e-03
4.30841 8.55288249e-03
4.32332 8.55757653e-03
4.33829 8.56231040e-03
4.35331 8.56708036e-03
4.36838 8.57188889e-03
4.38350 8.57673724e-03
4.39867 8.58162293e-03
4.41390 8.58654596e-03
4.42918 8.59150756e-03
4.44451 8.59650773e-03
4.45990 8.60154524e-03
4.47533 8.60662133e-03
4.49083 8.61173600e-03
4.50637 8.61777031e-03
4.52197 8.62509636e-03
4.53762 8.63243484e-03
4.55333 8.63978453e-03
4.56909 8.64714418e-03
4.58491 8.65451627e-03
4.60078 8.66189956e-03
4.61670 8.66929529e-03
4.63269 8.67669973e-03
4.64872 8.68411662e-03
4.66481 8.69154471e-03
4.68096 8.69898276e-03
4.69717 8.70643324e-03
4.71343 8.71389493e-03
4.72974 8.72136782e-03
4.74611 8.72885067e-03
4.76254 8.73634471e-03
4.77903 8.74385120e-03
4.79557 8.75136764e-03
4.81217 8.75889529e-03
4.82883 8.76643413e-03
4.84555 8.77398418e-03
4.86232 8.78154542e-03
4.87915 8.78911787e-03
4.89604 8.79670027e-03
4.91299 8.80429511e-03
4.92999 8.81189991e-03
4.94706 8.81951591e-03
4.96418 8.82714187e-03
4.98137 8.83477902e-03
4.99861 8.84242738e-03
5.01591 8.85068551e-03
5.03328 8.85901333e-03
5.05070 8.86735733e-03
5.06818 8.87572000e-03
5.08573 8.88409884e-03
5.10333 8.89249760e-03
5.12100 8.90091004e-03
5.13873 8.90934364e-03
5.15651 8.91779218e-03
5.17436 8.92625938e-03
5.19228 8.93474524e-03
5.21025 8.94324729e-03
5.22828 8.95176551e-03
5.24638 8.96030489e-03
5.26454 8.96886044e-03
5.28277 8.97743218e-03
5.30105 8.98602258e-03
5.31940 8.99463040e-03
5.33782 9.00325564e-03
5.35629 9.01189956e-03
5.37484 9.02055964e-03
5.39344 9.02923716e-03
5.41211 9.03793458e-03
5.43084 9.04664818e-03
5.44965 9.05537920e-03
5.46851 9.06412764e-03
5.48744 9.07289351e-03
5.50643 9.08495093e-03
5.52550 9.10344462e-03
5.54462 9.12198933e-03
5.56381 9.14058507e-03
5.58308 9.15923307e-03
5.60240 9.17793084e-03
5.62179 9.19668089e-03
5.64125 9.21548071e-03
5.66078 9.23433404e-03
5.68038 9.25323840e-03
5.70004 9.27219502e-03
5.71977 9.29120391e-03
5.73957 9.31026382e-03
5.75944 9.32937849e-03
5.77938 9.34854293e-03
5.79938 9.36776213e-03
5.81946 9.38703360e-03
5.83960 9.40635609e-03
5.85982 9.42573333e-03
5.88010 9.44516409e-03
5.90045 9.46464836e-03
5.92088 9.48418613e-03
5.94137 9.50377742e-03
5.96194 9.52342098e-03
5.98258 9.54311929e-03
6.00329 9.56159307e-03
6.02407 9.57330578e-03
6.04492 9.58504836e-03
6.06585 9.59681831e-03
6.08684 9.60861689e-03
6.10791 9.62044284e-03
6.12906 9.63229742e-03
6.15027 9.64417938e-03
6.17156 9.65609120e-03
6.19293 9.66803040e-03
6.21436 9.67063004e-03
6.23588 9.66861280e-03
6.25746 9.66660053e-03
6.27912 9.66459200e-03
6.30086 9.66258596e-03
6.32267 9.66058240e-03
6.34455 9.65858382e-03
6.36652 9.65658649e-03
6.38856 9.65459413e-03
6.41067 9.65702204e-03
6.43286 9.66419253e-03
6.45513 9.67136178e-03
6.47747 9.67853102e-03
6.49990 9.68569778e-03
6.52240 9.69286204e-03
6.54497 9.70002507e-03
6.56763 9.70718560e-03
6.59037 9.71434489e-03
6.61318 9.72034809e-03
6.63607 9.72550009e-03
6.65904 9.73064836e-03
6.68209 9.73579538e-03
6.70522 9.74093618e-03
6.72843 9.74607449e-03
6.75172 9.75120907e-03
6.77510 9.75634116e-03
6.79855 9.76146702e-03
6.82208 9.76499129e-03
6.84570 9.76839484e-03
6.86939 9.77178596e-03
6.89317 9.77515964e-03
6.91704 9.77852089e-03
6.94098 9.78187093e-03
6.96500 9.78520480e-03
6.98911 9.78852373e-03
7.01331 9.79397191e-03
7.03759 9.80126311e-03
7.06195 9.80867129e-03
7.08639 9.81619520e-03
7.11092 9.83687164e-03
7.13554 9.87395733e-03
7.16024 9.91120604e-03
7.18502 9.94861529e-03
7.20990 9.98627840e-03
7.23485 1.00242228e-02
7.25990 1.00623040e-02
7.28503 1.01005209e-02
7.31025 1.01461733e-02
7.33555 1.02027732e-02
7.36094 1.02597052e-02
7.38642 1.03169671e-02
7.41199 1.03911659e-02
7.43765 1.04848588e-02
7.46340 1.05793420e-02
7.48923 1.06746254e-02
7.51516 1.08031952e-02
7.54117 1.09570322e-02
7.56727 1.11134078e-02
7.59347 1.12723657e-02
7.61975 1.13752315e-02
7.64613 1.14596857e-02
7.67260 1.15449563e-02
7.69916 1.16310581e-02
7.72581 1.17035147e-02
7.75255 1.17764615e-02
7.77939 1.18503865e-02
7.80632 1.19040009e-02
7.83334 1.18896910e-02
7.86046 1.18775054e-02
7.88767 1.18674204e-02
7.91497 1.19012233e-02
7.94237 1.19714697e-02
7.96986 1.20436363e-02
7.99745 1.21177604e-02
8.02513 1.35854930e-02
8.05291 1.34178315e-02
8.08079 1.32571115e-02
8.10876 1.38485810e-02
8.13683 1.37937956e-02
8.16500 1.39160971e-02
8.19326 1.48827591e-02
8.22162 1.34223239e-02
8.25008 1.58508249e-02
8.27864 1.29373228e-02
8.30730 1.60906044e-02
8.33605 1.64836174e-02
8.36491 1.69340976e-02
8.39386 1.74199125e-02
8.42292 1.61132645e-02
8.45208 1.72572898e-02
8.48133 1.89572731e-02
8.51069 1.91839436e-02
8.54016 2.01691056e-02
8.56972 2.01205499e-02
8.59938 2.22021184e-02
8.62915 2.33048281e-02
8.65902 2.69717691e-02
8.68899 3.46737988e-02
8.71907 4.09269305e-02
8.74925 4.82985291e-02
8.77954 6.96665138e-02
8.80993 9.07720302e-02
8.84043 8.98869564e-02
8.87103 7.74620249e-02
8.90174 8.15676089e-02
8.93255 9.81458489e-02
8.96347 1.04119890e-01
8.99450 1.10671333e-01
9.02563 1.27597670e-01
9.05688 1.57498508e-01
9.08823 1.88137798e-01
9.11969 2.17989070e-01
9.15126 2.41576222e-01
9.18294 2.57292342e-01
9.21472 2.62503894e-01
9.24662 2.58527460e-01
9.27863 2.52062732e-01
9.31075 2.41014828e-01
9.34298 2.13568108e-01
9.37532 1.77903662e-01
9.40777 1.52521339e-01
9.44034 1.35039184e-01
9.47302 1.22349845e-01
9.50581 1.23431989e-01
9.53871 1.24217433e-01
9.57173 1.18287170e-01
9.60487 1.11697177e-01
9.63811 1.01954708e-01
9.67148 9.74803947e-02
9.70495 1.03718396e-01
9.73855 1.24997028e-01
9.77226 1.50009452e-01
9.80609 1.55816379e-01
9.84003 1.56728171e-01
9.87409 1.54030340e-01
9.90827 1.36383769e-01
9.94257 1.11662718e-01
9.97699 9.61777227e-02
10.01153 9.27765316e-02
10.04618 9.87612652e-02
10.08096 1.12883055e-01
10.11585 1.34237517e-01
10.15087 1.63831474e-01
10.18601 1.96522485e-01
10.22127 2.15247674e-01
10.25665 2.21988077e-01
10.29215 2.28221164e-01
10.32778 2.35898182e-01
10.36353 2.37707074e-01
10.39941 2.29659422e-01
10.43540 2.15043381e-01
10.47153 1.99427529e-01
10.50777 1.86306636e-01
10.54415 1.74366516e-01
10.58065 1.61530295e-01
10.61727 1.48201063e-01
10.65403 1.33275333e-01
10.69091 1.18727019e-01
10.72791 1.06575255e-01
10.76505 9.84801316e-02
10.80231 9.55487182e-02
10.83971 9.53873125e-02
10.87723 8.70015228e-02
10.91488 7.45057849e-02
10.95266 6.92235948e-02
10.99058 8.00591954e-02
11.02862 9.65526315e-02
11.06680 1.01714375e-01
11.10511 9.17004766e-02
11.14355 7.58163902e-02
11.18212 6.18605543e-02
11.22083 5.16697764e-02
11.25967 4.64618747e-02
11.29865 4.81605102e-02
11.33776 5.63740389e-02
11.37701 6.78121621e-02
11.41639 8.37224652e-02
11.45591 9.70943829e-02
11.49556 1.03604377e-01
11.53536 1.02288398e-01
11.57529 9.32105838e-02
11.61536 7.99495499e-02
11.65556 6.42779660e-02
11.69591 4.93306688e-02
11.73640 3.61602167e-02
11.77702 2.53019387e-02
11.81779 1.85878149e-02
11.85870 1.56080972e-02
11.89975 1.27119378e-02
11.94094 1.17892507e-02
11.98227 1.07200875e-02
12.02375 9.39891929e-03
12.06537 9.53957884e-03
12.10714 8.62010738e-03
12.14905 8.10535787e-03
12.19110 8.01203698e-03
12.23330 7.49603556e-03
12.27565 8.21879520e-03
12.31814 7.72121529e-03
12.36078 7.00490809e-03
12.40357 7.66048142e-03
12.44651 7.56791093e-03
12.48959 7.12677529e-03
12.53283 6.55175236e-03
12.57621 7.38935182e-03
12.61974 7.10162756e-03
12.66343 7.41305600e-03
12.70726 7.13226951e-03
12.75125 6.92859378e-03
12.79539 7.38850809e-03
12.83968 7.17148196e-03
12.88413 6.63893067e-03
12.92873 6.71829884e-03
12.97348 7.80118080e-03
13.01839 7.48086951e-03
13.06345 7.70742436e-03
13.10867 7.75683751e-03
13.15405 7.89152498e-03
13.19959 9.06509707e-03
13.24528 9.35701013e-03
13.29113 8.93890293e-03
13.33713 1.10886011e-02
13.38330 1.43140978e-02
13.42963 1.68043842e-02
13.47612 1.55262725e-02
13.52277 1.39360144e-02
13.56958 1.37520469e-02
13.61655 1.53112052e-02
13.66368 1.98534460e-02
13.71098 2.63670450e-02
13.75844 3.32735710e-02
13.80607 3.15333412e-02
13.85386 2.36387486e-02
13.90182 1.82918587e-02
13.94994 1.42788215e-02
13.99823 1.29304560e-02
14.04668 1.28628217e-02
14.09531 1.29592823e-02
14.14410 1.40216260e-02
14.19306 1.60432533e-02
14.24219 1.96857074e-02
14.29149 2.48538852e-02
14.34096 2.95295268e-02
14.39060 3.22412135e-02
14.44042 2.95810181e-02
14.49041 2.52634405e-02
14.54057 2.32904436e-02
14.59090 2.19969506e-02
14.64141 2.27873806e-02
14.69209 2.36725739e-02
14.74295 2.39281342e-02
14.79398 2.32427652e-02
14.84519 2.27806519e-02
14.89658 2.21716805e-02
14.94814 2.11981081e-02
14.99989 2.02628882e-02
15.05181 1.94765374e-02
15.10392 2.32057230e-02
15.15620 2.60850875e-02
15.20866 3.09056869e-02
15.26131 3.60626025e-02
15.31414 3.95795929e-02
15.36715 4.30021797e-02
15.42034 4.57736148e-02
15.47372 4.59112416e-02
15.52729 4.13909900e-02
15.58103 3.51361136e-02
15.63497 2.93505495e-02
15.68909 2.40427140e-02
15.74340 2.20313508e-02
15.79790 2.08334386e-02
15.85258 1.97300905e-02
15.90746 1.99278364e-02
15.96252 1.91144601e-02
16.01778 1.86832116e-02
16.07323 1.90638846e-02
16.12886 2.04620553e-02
16.18470 2.31927323e-02
16.24072 2.66621998e-02
16.29694 2.82117348e-02
16.35335 3.02830590e-02
16.40996 3.22806487e-02
16.46677 3.22082594e-02
16.52377 3.28447143e-02
16.58097 3.39238978e-02
16.63836 3.30482507e-02
16.69596 3.41510450e-02
16.75375 3.66817858e-02
16.81175 4.07129893e-02
16.86994 4.34360876e-02
16.92834 4.62546361e-02
16.98694 5.10146660e-02
17.04574 5.61281940e-02
17.10474 6.16373420e-02
17.16395 6.87671127e-02
17.22337 7.65058759e-02
17.28299 8.55044300e-02
17.34281 9.30201316e-02
17.40285 9.82894752e-02
17.46309 1.03467728e-01
17.52354 1.10035993e-01
17.58420 1.17450729e-01
17.64507 1.21766811e-01
17.70615 1.21020094e-01
17.76744 1.22848855e-01
17.82894 1.30120953e-01
17.89066 1.37306288e-01
17.95259 1.40713726e-01
18.01473 1.39888983e-01
18.07709 1.37484194e-01
18.13967 1.36307634e-01
18.20246 1.35361993e-01
18.26547 1.33213534e-01
18.32870 1.26846098e-01
18.39214 1.19258272e-01
18.45581 1.12560958e-01
18.51969 1.05889218e-01
18.58380 9.79319413e-02
18.64813 8.95198578e-02
18.71268 8.59286400e-02
18.77746 8.88161618e-02
18.84246 9.92175769e-02
18.90768 1.14003531e-01
18.97313 1.30631374e-01
19.03881 1.45248245e-01
19.10472 1.57376564e-01
19.17085 1.64511548e-01
19.23721 1.66256409e-01
19.30380 1.65169897e-01
19.37062 1.62670107e-01
19.43768 1.58907118e-01
19.50496 1.55247120e-01
19.57248 1.49988334e-01
19.64023 1.45597038e-01
19.70822 1.40657515e-01
19.77644 1.35432254e-01
19.84490 1.31537180e-01
19.91359 1.27931764e-01
19.98252 1.25368606e-01
20.05169 1.22152389e-01
20.12110 1.17900446e-01
20.19076 1.11717357e-01
20.26065 1.05367524e-01
20.33078 9.76565010e-02
20.40116 8.99948224e-02
20.47178 8.14076965e-02
20.54264 7.40475157e-02
20.61375 6.86801771e-02
20.68511 6.25817721e-02
20.75671 5.72658439e-02
20.82856 5.32156252e-02
20.90066 5.00306489e-02
20.97301 4.83020683e-02
21.04561 4.83696553e-02
21.11846 4.99913070e-02
21.19157 5.06841204e-02
21.26492 5.20679413e-02
21.33853 5.54161440e-02
21.41240 6.07202773e-02
21.48652 6.41873244e-02
21.56090 6.42704036e-02
21.63553 6.31732142e-02
21.71043 6.30228231e-02
21.78558 6.45722274e-02
21.86099 6.83322814e-02
21.93666 7.39165367e-02
22.01260 7.82364788e-02
22.08880 7.97086117e-02
22.16526 7.74399957e-02
22.24199 7.17269081e-02
22.31898 6.29173067e-02
22.39624 5.38308288e-02
22.47377 4.65584572e-02
22.55156 4.18224128e-02
22.62962 4.07285561e-02
22.70796 4.31708169e-02
22.78656 4.73622140e-02
22.86544 4.92618560e-02
22.94459 4.59944153e-02
23.02402 3.95117134e-02
23.10372 3.34747915e-02
23.18369 2.97721561e-02
23.26394 2.83264775e-02
23.34447 2.93195093e-02
23.42528 3.24164512e-02
23.50637 3.63590652e-02
23.58774 3.93409371e-02
23.66939 4.02943296e-02
23.75133 3.88982583e-02
23.83354 3.67251236e-02
23.91604 3.52439783e-02
23.99883 3.55278871e-02
24.08191 3.85163819e-02
24.16527 4.40308002e-02
24.24892 4.98265476e-02
24.33286 5.19384059e-02
24.41709 4.85846853e-02
24.50161 4.22652135e-02
24.58642 3.64104944e-02
24.67153 3.23848684e-02
24.75693 2.97430299e-02
24.84263 2.76112592e-02
24.92863 2.54783275e-02
25.01492 2.39306107e-02
25.10151 2.32282338e-02
25.18840 2.34729911e-02
25.27559 2.38714896e-02
25.36309 2.41181908e-02
25.45088 2.43043211e-02
25.53898 2.46133876e-02
25.62739 2.53061387e-02
25.71610 2.64299579e-02
25.80512 2.82657337e-02
25.89444 3.08278780e-02
25.98408 3.40019643e-02
26.07403 3.79400286e-02
26.16428 4.28696788e-02
26.25485 4.91061225e-02
26.34574 5.66111068e-02
26.43694 6.27748302e-02
26.52845 6.50663577e-02
26.62028 6.43442091e-02
26.71243 6.30825253e-02
26.80489 6.17828885e-02
26.89768 6.02211804e-02
26.99079 5.84188789e-02
27.08422 5.54075088e-02
27.17798 5.22665012e-02
27.27205 5.08063360e-02
27.36646 5.23110772e-02
27.46119 5.71898370e-02
27.55625 6.52137074e-02
27.65164 7.50300108e-02
27.74736 8.31930935e-02
27.84341 8.73731164e-02
27.93979 8.86139831e-02
28.03650 8.79176281e-02
28.13355 8.55689931e-02
28.23094 8.19541781e-02
28.32867 7.77117152e-02
28.42673 7.15611070e-02
28.52513 6.56653026e-02
28.62387 5.94638788e-02
28.72295 5.32119292e-02
28.82238 4.73414604e-02
28.92215 4.23957209e-02
29.02227 3.98135173e-02
29.12273 3.93522292e-02
29.22354 4.13128825e-02
29.32470 4.46366580e-02
29.42621 4.69994946e-02
29.52807 4.66724148e-02
29.63029 4.32071957e-02
29.73286 3.86081236e-02
29.83578 3.38575365e-02
29.93906 2.93520130e-02
30.04269 2.61728494e-02
30.14669 2.31079396e-02
30.25104 2.06806855e-02
30.35576 1.88036912e-02
30.46084 1.71889262e-02
30.56628 1.66338156e-02
30.67209 1.58209620e-02
30.77826 1.49016485e-02
30.88481 1.39829474e-02
30.99172 1.26934229e-02
31.09900 1.16125308e-02
31.20665 1.08788923e-02
31.31467 1.05545465e-02
31.42307 1.06997084e-02
31.53184 1.07996498e-02
31.64099 1.08801205e-02
31.75052 1.08745093e-02
31.86043 1.01544028e-02
31.97072 9.58463147e-03
32.08139 9.15181120e-03
32.19244 8.87825369e-03
32.30388 8.62263484e-03
32.41570 8.48740729e-03
32.52791 8.50818204e-03
32.64051 8.75712693e-03
32.75349 8.72640284e-03
32.86687 9.12084818e-03
32.98064 1.00721077e-02
33.09481 1.08243209e-02
33.20937 1.13766215e-02
33.32433 1.16931833e-02
33.43968 1.17134740e-02
33.55544 1.22172363e-02
33.67159 1.31844770e-02
33.78815 1.47540213e-02
33.90511 1.61829721e-02
34.02247 1.69718080e-02
34.14024 1.70479879e-02
34.25842 1.63309415e-02
34.37701 1.52309061e-02
34.49601 1.37538564e-02
34.61542 1.18280574e-02
34.73525 1.07216455e-02
34.85549 1.00448133e-02
34.97614 9.70784391e-03
35.09721 9.81795111e-03
35.21871 1.02729822e-02
35.34062 1.12977901e-02
35.46295 1.32232178e-02
35.58571 1.56885867e-02
35.70889 1.86724098e-02
35.83250 2.17187364e-02
35.95654 2.49883200e-02
36.08101 2.76641070e-02
36.20590 2.87553504e-02
36.33123 2.91171260e-02
36.45700 2.91600685e-02
36.58320 2.80442892e-02
36.70983 2.61491496e-02
36.83691 2.35103894e-02
36.96442 2.06424482e-02
37.09238 1.77940891e-02
37.22077 1.50459181e-02
37.34962 1.27840848e-02
37.47890 1.09873170e-02
37.60864 9.61524480e-03
37.73883 8.54184713e-03
37.86946 7.98824295e-03
38.00055 7.49766428e-03
38.13209 7.07858181e-03
38.26409 6.96526308e-03
38.39654 6.77846562e-03
38.52946 6.47658953e-03
38.66283 6.23697399e-03
38.79667 5.97254884e-03
38.93096 5.45392126e-03
39.06573 5.09167394e-03
39.20096 4.86683531e-03
39.33665 5.09005056e-03
39.47282 5.37870418e-03
39.60946 5.32105579e-03
39.74657 5.33129147e-03
39.88416 5.41744983e-03
40.02222 5.49861026e-03
40.16076 5.65851515e-03
40.29978 6.58550542e-03
40.43928 7.63467513e-03
40.57926 8.81416517e-03
40.71973 1.04133664e-02
40.86069 1.25112237e-02
41.00213 1.50877506e-02
41.14406 1.79631076e-02
41.28648 1.96617481e-02
41.42940 2.01952821e-02
41.57281 1.94204903e-02
41.71672 1.82039370e-02
41.86113 1.72840942e-02
42.00603 1.71098169e-02
42.15144 1.71660161e-02
42.29735 1.68007686e-02
42.44377 1.63373683e-02
42.59069 1.59813269e-02
42.73812 1.67556938e-02
42.88606 1.87790885e-02
43.03451 2.14974804e-02
43.18348 2.56125744e-02
43.33297 2.97660832e-02
43.48297 3.38371428e-02
43.63349 3.47810486e-02
43.78453 3.45646122e-02
43.93609 3.28950755e-02
44.08818 2.97846652e-02
44.24079 2.56149586e-02
44.39394 2.20916293e-02
44.54761 1.93267771e-02
44.70182 1.65128754e-02
44.85655 1.38730487e-02
45.01183 1.21911220e-02
45.16764 1.07413288e-02
45.32399 9.86056711e-03
45.48089 8.96618190e-03
45.63832 8.64013634e-03
45.79630 8.33254178e-03
45.95483 7.76682916e-03
46.11391 7.23648676e-03
46.27353 6.83783084e-03
46.43371 6.44637180e-03
46.59445 6.08101013e-03
46.75574 5.73889904e-03
46.91759 5.39278432e-03
47.08000 5.08650788e-03
47.24297 5.16737324e-03
47.40650 5.23989063e-03
47.57060 5.04345358e-03
47.73527 4.99599396e-03
47.90051 5.00246258e-03
48.06633 5.06297244e-03
48.23271 5.53233333e-03
48.39967 6.09380800e-03
48.56721 6.81400907e-03
48.73533 7.76358862e-03
48.90403 8.75264693e-03
49.07332 9.87727627e-03
49.24319 9.91197636e-03
49.41365 9.75075995e-03
49.58470 8.99050556e-03
49.75634 8.17451662e-03
49.92858 7.46124338e-03
50.10141 6.87486489e-03
50.27484 6.37970791e-03
50.44887 5.93896924e-03
50.62350 5.81529511e-03
50.79874 6.14158720e-03
50.97458 6.51624213e-03
51.15104 6.78690382e-03
51.32810 7.10110862e-03
51.50578 7.03271769e-03
51.68407 6.97318596e-03
51.86298 6.93891271e-03
52.04250 6.99022364e-03
52.22265 6.91806827e-03
52.40343 6.78095164e-03
52.58482 6.49007893e-03
52.76685 6.03670916e-03
52.94951 5.62862844e-03
53.13280 5.27677920e-03
53.31672 4.95981049e-03
53.50128 4.51999893e-03
53.68648 4.15054827e-03
53.87232 3.94724587e-03
54.05880 3.80653504e-03
54.24593 3.69580860e-03
54.43371 3.63018121e-03
54.62214 3.58422562e-03
54.81122 3.52145024e-03
55.00095 3.46456258e-03
55.19134 3.31006119e-03
55.38239 3.14166222e-03
55.57410 3.04310869e-03
55.76647 3.03273861e-03
55.95951 3.04084181e-03
56.15322 3.04454839e-03
56.34760 3.06859691e-03
56.54265 2.94971451e-03
56.73838 2.80086402e-03
56.93479 2.72030329e-03
57.13187 2.73982924e-03
57.32964 2.77383444e-03
57.52809 2.77164446e-03
57.72723 2.77117867e-03
57.92705 2.77840652e-03
58.12757 2.78852933e-03
58.32879 2.80028684e-03
58.53070 2.68483376e-03
58.73331 2.58350537e-03
58.93662 2.49467680e-03
59.14063 2.42486098e-03
59.34535 2.37881828e-03
59.55078 2.34478023e-03
59.75692 2.33295067e-03
59.96377 2.36971367e-03
60.17134 2.44761403e-03
60.37963 2.53181003e-03
60.58864 2.54401554e-03
60.79837 2.55037378e-03
61.00883 2.51135186e-03
61.22002 2.38578281e-03
61.43194 2.26690389e-03
61.64459 2.19900277e-03
61.85797 2.15091968e-03
62.07210 2.10569060e-03
62.28697 2.05942601e-03
62.50258 2.02102233e-03
62.71894 2.02907052e-03
62.93605 2.09120837e-03
63.15390 2.16920978e-03
63.37252 2.19128647e-03
63.59189 2.20109095e-03
63.81201 2.21200025e-03
64.03290 2.21099772e-03
64.25456 2.21289401e-03
64.47698 2.19170647e-03
64.70017 2.14512455e-03
64.92414 2.11323927e-03
65.14888 2.01126252e-03
65.37440 1.87921888e-03
65.60070 1.75842302e-03
65.82778 1.78238356e-03
66.05565 1.82636844e-03
66.28430 1.88080256e-03
66.51375 2.00433682e-03
66.74400 2.13752871e-03
66.97504 2.19486500e-03
67.20688 2.04140620e-03
67.43952 1.90854297e-03
67.67297 1.93344878e-03
67.90722 2.18621287e-03
68.14229 2.49019543e-03
68.37817 2.77639973e-03
68.61486 3.02822912e-03
68.85238 3.30393467e-03
69.09072 3.29781188e-03
69.32988 3.14472629e-03
69.56987 3.02428460e-03
69.81069 2.82261168e-03
70.05235 2.60674898e-03
70.29484 2.42264350e-03
70.53817 2.35345140e-03
70.78235 2.32271088e-03
71.02737 2.29476688e-03
71.27323 2.32701305e-03
71.51995 2.39915474e-03
71.76752 2.49306089e-03
72.01595 2.62583515e-03
72.26524 2.77566489e-03
72.51539 2.93361077e-03
72.76641 2.79612555e-03
73.01830 2.52879909e-03
73.27106 2.30153850e-03
73.52469 2.10165641e-03
73.77920 1.93110537e-03
74.03460 1.79481916e-03
74.29087 1.74103316e-03
74.54804 1.76453785e-03
74.80609 1.78842508e-03
75.06504 1.77907819e-03
75.32488 1.68583470e-03
75.58563 1.61787397e-03
75.84727 1.56764608e-03
76.10982 1.42310112e-03
76.37328 1.30230439e-03
76.63766 1.20027140e-03
76.90295 1.21400894e-03
77.16915 1.25520528e-03
77.43628 1.30123541e-03
77.70433 1.34815184e-03
77.97331 1.40196100e-03
78.24322 1.46938052e-03
78.51407 1.51126441e-03
78.78585 1.43527141e-03
79.05857 1.36668585e-03
79.33224 1.30466796e-03
79.60686 1.25036427e-03
79.88242 1.24270121e-03
80.15894 1.26776754e-03
80.43642 1.24936195e-03
80.71486 1.18086616e-03
80.99426 1.12308042e-03
81.27463 1.08354748e-03
81.55596 1.12966759e-03
81.83828 1.18416704e-03
82.12157 1.24875582e-03
82.40584 1.20256628e-03
82.69109 1.15549381e-03
82.97733 1.15442301e-03
83.26457 1.14289399e-03
83.55279 9.40196345e-04
83.84202 8.22059193e-04
84.13225 7.91495662e-04
84.42348 8.56622169e-04
84.71572 9.54074987e-04
85.00897 1.08839086e-03
85.30323 1.27803934e-03
85.59852 1.31283637e-03
85.89482 1.34373904e-03
86.19215 1.37711653e-03
86.49052 1.33338165e-03
86.78991 1.14756233e-03
87.09034 9.88342631e-04
87.39181 8.51836284e-04
87.69432 8.03072044e-04
87.99789 8.07556885e-04
88.30250 8.23035721e-04
88.60816 8.46689723e-04
88.91489 8.83970043e-04
89.22267 9.34234884e-04
89.53153 1.00379571e-03
89.84145 1.08088885e-03
90.15244 1.01797584e-03
90.46451 9.58933547e-04
90.77766 9.03507484e-04
91.09190 8.75898613e-04
91.40722 9.13182916e-04
91.72363 9.58379769e-04
92.04114 1.01290336e-03
92.35975 1.02827100e-03
92.67946 9.77729511e-04
93.00028 9.31631680e-04
93.32221 8.89516942e-04
93.64525 8.86150471e-04
93.96941 9.25064622e-04
94.29469 9.66607538e-04
94.62110 1.01100160e-03
94.94864 9.58640231e-04
95.27731 8.28960907e-04
95.60712 7.30739893e-04
95.93807 6.55115390e-04
96.27017 6.37755838e-04
96.60342 6.98749084e-04
96.93782 7.97673956e-04
97.27338 9.55316432e-04
97.61010 1.08248917e-03
97.94798 1.00264417e-03
98.28704 9.30740334e-04
98.62727 8.65714341e-04
98.96867 8.06680560e-04
99.31126 7.52897003e-04
99.65504 7.03739020e-04
100.00000 6.58677948e-04
