        2000  4.000000 2.800000
0.10000 1.38195247e+00
0.10035 1.38142383e+00
0.10069 1.38086607e+00
0.10104 1.38032479e+00
0.10139 1.37981342e+00
0.10174 1.37932027e+00
0.10210 1.37884061e+00
0.10245 1.37839296e+00
0.10280 1.37800400e+00
0.10316 1.37764430e+00
0.10352 1.37731233e+00
0.10387 1.37697648e+00
0.10423 1.37662386e+00
0.10459 1.37626839e+00
0.10496 1.37586106e+00
0.10532 1.37541486e+00
0.10568 1.37499065e+00
0.10605 1.37458123e+00
0.10642 1.37415647e+00
0.10679 1.37369404e+00
0.10716 1.37322050e+00
0.10753 1.37274109e+00
0.10790 1.37225685e+00
0.10827 1.37176948e+00
0.10865 1.37126752e+00
0.10902 1.37071991e+00
0.10940 1.37014140e+00
0.10978 1.36957393e+00
0.11016 1.36900178e+00
0.11054 1.36843014e+00
0.11092 1.36784878e+00
0.11131 1.36725269e+00
0.11169 1.36671096e+00
0.11208 1.36623100e+00
0.11247 1.36575324e+00
0.11286 1.36529319e+00
0.11325 1.36486266e+00
0.11364 1.36448644e+00
0.11403 1.36412112e+00
0.11443 1.36375272e+00
0.11482 1.36343982e+00
0.11522 1.36308037e+00
0.11562 1.36262764e+00
0.11602 1.36211757e+00
0.11642 1.36157031e+00
0.11682 1.36098761e+00
0.11723 1.36033582e+00
0.11763 1.35957910e+00
0.11804 1.35881949e+00
0.11845 1.35812106e+00
0.11886 1.35744981e+00
0.11927 1.35679632e+00
0.11968 1.35616499e+00
0.12010 1.35559090e+00
0.12051 1.35504415e+00
0.12093 1.35451322e+00
0.12135 1.35401992e+00
0.12177 1.35353354e+00
0.12219 1.35299445e+00
0.12262 1.35249766e+00
0.12304 1.35196952e+00
0.12347 1.35143471e+00
0.12389 1.35090458e+00
0.12432 1.35032561e+00
0.12475 1.34974202e+00
0.12518 1.34917136e+00
0.12562 1.34856119e+00
0.12605 1.34795310e+00
0.12649 1.34733178e+00
0.12693 1.34682041e+00
0.12737 1.34633513e+00
0.12781 1.34575213e+00
0.12825 1.34509526e+00
0.12869 1.34453377e+00
0.12914 1.34391125e+00
0.12959 1.34323905e+00
0.13003 1.34250627e+00
0.13048 1.34170490e+00
0.13094 1.34095927e+00
0.13139 1.34023028e+00
0.13184 1.33944663e+00
0.13230 1.33862863e+00
0.13276 1.33798331e+00
0.13322 1.33729085e+00
0.13368 1.33665589e+00
0.13414 1.33609464e+00
0.13461 1.33551483e+00
0.13507 1.33494194e+00
0.13554 1.33445710e+00
0.13601 1.33395808e+00
0.13648 1.33334447e+00
0.13695 1.33268571e+00
0.13743 1.33211899e+00
0.13790 1.33151509e+00
0.13838 1.33079535e+00
0.13886 1.33015346e+00
0.13934 1.32948146e+00
0.13982 1.32861608e+00
0.14031 1.32779499e+00
0.14079 1.32705808e+00
0.14128 1.32633765e+00
0.14177 1.32556201e+00
0.14226 1.32471609e+00
0.14275 1.32405335e+00
0.14324 1.32338513e+00
0.14374 1.32255872e+00
0.14424 1.32187323e+00
0.14474 1.32114842e+00
0.14524 1.32036078e+00
0.14574 1.31960944e+00
0.14625 1.31877302e+00
0.14675 1.31799325e+00
0.14726 1.31723110e+00
0.14777 1.31642197e+00
0.14828 1.31574832e+00
0.14879 1.31503531e+00
0.14931 1.31431184e+00
0.14983 1.31378887e+00
0.15034 1.31315251e+00
0.15087 1.31251118e+00
0.15139 1.31192111e+00
0.15191 1.31128415e+00
0.15244 1.31073316e+00
0.15297 1.30998530e+00
0.15349 1.30922858e+00
0.15403 1.30847604e+00
0.15456 1.30750537e+00
0.15509 1.30665348e+00
0.15563 1.30570586e+00
0.15617 1.30464026e+00
0.15671 1.30368189e+00
0.15725 1.30269286e+00
0.15780 1.30178591e+00
0.15834 1.30085148e+00
0.15889 1.29993223e+00
0.15944 1.29905933e+00
0.15999 1.29827214e+00
0.16055 1.29765540e+00
0.16110 1.29675591e+00
0.16166 1.29605036e+00
0.16222 1.29536701e+00
0.16278 1.29461840e+00
0.16335 1.29381668e+00
0.16391 1.29305563e+00
0.16448 1.29234301e+00
0.16505 1.29153975e+00
0.16562 1.29068875e+00
0.16619 1.29002516e+00
0.16677 1.28916644e+00
0.16734 1.28839504e+00
0.16792 1.28771124e+00
0.16851 1.28679886e+00
0.16909 1.28611835e+00
0.16967 1.28536481e+00
0.17026 1.28433267e+00
0.17085 1.28375435e+00
0.17144 1.28258786e+00
0.17204 1.28176284e+00
0.17263 1.28067002e+00
0.17323 1.27968955e+00
0.17383 1.27855701e+00
0.17443 1.27751127e+00
0.17503 1.27641437e+00
0.17564 1.27536595e+00
0.17625 1.27437622e+00
0.17686 1.27339256e+00
0.17747 1.27257516e+00
0.17808 1.27154690e+00
0.17870 1.27090367e+00
0.17932 1.27004157e+00
0.17994 1.26925717e+00
0.18056 1.26853793e+00
0.18119 1.26774831e+00
0.18182 1.26694171e+00
0.18244 1.26608026e+00
0.18308 1.26531039e+00
0.18371 1.26426446e+00
0.18435 1.26348937e+00
0.18498 1.26244946e+00
0.18562 1.26148263e+00
0.18627 1.26052187e+00
0.18691 1.25962667e+00
0.18756 1.25857531e+00
0.18821 1.25770967e+00
0.18886 1.25668654e+00
0.18951 1.25584092e+00
0.19017 1.25482724e+00
0.19083 1.25377663e+00
0.19149 1.25296769e+00
0.19215 1.25178224e+00
0.19282 1.25079290e+00
0.19348 1.24976051e+00
0.19415 1.24861468e+00
0.19483 1.24759488e+00
0.19550 1.24652336e+00
0.19618 1.24541217e+00
0.19686 1.24451871e+00
0.19754 1.24349593e+00
0.19822 1.24249002e+00
0.19891 1.24172946e+00
0.19960 1.24078005e+00
0.20029 1.23983647e+00
0.20098 1.23920414e+00
0.20168 1.23802460e+00
0.20237 1.23736142e+00
0.20307 1.23626805e+00
0.20378 1.23529006e+00
0.20448 1.23438027e+00
0.20519 1.23306923e+00
0.20590 1.23229593e+00
0.20661 1.23094307e+00
0.20733 1.22994094e+00
0.20805 1.22888998e+00
0.20877 1.22772956e+00
0.20949 1.22669434e+00
0.21021 1.22563785e+00
0.21094 1.22467012e+00
0.21167 1.22349940e+00
0.21240 1.22258906e+00
0.21314 1.22148808e+00
0.21388 1.22038590e+00
0.21462 1.21937591e+00
0.21536 1.21820354e+00
0.21611 1.21711570e+00
0.21685 1.21602064e+00
0.21760 1.21484165e+00
0.21836 1.21378795e+00
0.21911 1.21271041e+00
0.21987 1.21162516e+00
0.22063 1.21064693e+00
0.22140 1.20966406e+00
0.22216 1.20865796e+00
0.22293 1.20776305e+00
0.22370 1.20673414e+00
0.22448 1.20586448e+00
0.22526 1.20471994e+00
0.22604 1.20389258e+00
0.22682 1.20265461e+00
0.22760 1.20159469e+00
0.22839 1.20061835e+00
0.22918 1.19927246e+00
0.22998 1.19825998e+00
0.23077 1.19707133e+00
0.23157 1.19598110e+00
0.23237 1.19470589e+00
0.23318 1.19376698e+00
0.23398 1.19247928e+00
0.23479 1.19149214e+00
0.23561 1.19026009e+00
0.23642 1.18917195e+00
0.23724 1.18806215e+00
0.23806 1.18678704e+00
0.23889 1.18570906e+00
0.23971 1.18436097e+00
0.24054 1.18334297e+00
0.24137 1.18194113e+00
0.24221 1.18088459e+00
0.24305 1.17957902e+00
0.24389 1.17863369e+00
0.24473 1.17724873e+00
0.24558 1.17642938e+00
0.24643 1.17517090e+00
0.24728 1.17416554e+00
0.24814 1.17322384e+00
0.24900 1.17200653e+00
0.24986 1.17105786e+00
0.25073 1.16985633e+00
0.25159 1.16889004e+00
0.25246 1.16758830e+00
0.25334 1.16650653e+00
0.25422 1.16527214e+00
0.25510 1.16418136e+00
0.25598 1.16278948e+00
0.25687 1.16180895e+00
0.25775 1.16048755e+00
0.25865 1.15933619e+00
0.25954 1.15819444e+00
0.26044 1.15682754e+00
0.26134 1.15586101e+00
0.26225 1.15456718e+00
0.26315 1.15310775e+00
0.26406 1.15215545e+00
0.26498 1.15067262e+00
0.26590 1.14956277e+00
0.26682 1.14807969e+00
0.26774 1.14695666e+00
0.26867 1.14569778e+00
0.26960 1.14443029e+00
0.27053 1.14324722e+00
0.27147 1.14209068e+00
0.27241 1.14100727e+00
0.27335 1.13984441e+00
0.27430 1.13864750e+00
0.27525 1.13783154e+00
0.27620 1.13647147e+00
0.27715 1.13544858e+00
0.27811 1.13440828e+00
0.27908 1.13308996e+00
0.28004 1.13215962e+00
0.28101 1.13079058e+00
0.28198 1.12970413e+00
0.28296 1.12861743e+00
0.28394 1.12724496e+00
0.28492 1.12612416e+00
0.28591 1.12510227e+00
0.28690 1.12373373e+00
0.28789 1.12256261e+00
0.28889 1.12123026e+00
0.28989 1.12017810e+00
0.29089 1.11891504e+00
0.29190 1.11735381e+00
0.29291 1.11612744e+00
0.29392 1.11494512e+00
0.29494 1.11345676e+00
0.29596 1.11212774e+00
0.29699 1.11069818e+00
0.29801 1.10957833e+00
0.29905 1.10803880e+00
0.30008 1.10683726e+00
0.30112 1.10577097e+00
0.30216 1.10421064e+00
0.30321 1.10305480e+00
0.30426 1.10195516e+00
0.30531 1.10062559e+00
0.30637 1.09919443e+00
0.30743 1.09832496e+00
0.30849 1.09683044e+00
0.30956 1.09537424e+00
0.31063 1.09463762e+00
0.31171 1.09294956e+00
0.31279 1.09158908e+00
0.31387 1.09093610e+00
0.31496 1.08912966e+00
0.31605 1.08787138e+00
0.31714 1.08704477e+00
0.31824 1.08541903e+00
0.31934 1.08433109e+00
0.32044 1.08292267e+00
0.32155 1.08161222e+00
0.32267 1.08043921e+00
0.32378 1.07885887e+00
0.32490 1.07774155e+00
0.32603 1.07629267e+00
0.32716 1.07473657e+00
0.32829 1.07359058e+00
0.32943 1.07217257e+00
0.33057 1.07079915e+00
0.33171 1.06954042e+00
0.33286 1.06797784e+00
0.33401 1.06684027e+00
0.33517 1.06563505e+00
0.33633 1.06401553e+00
0.33749 1.06287288e+00
0.33866 1.06167105e+00
0.33983 1.06020977e+00
0.34101 1.05898364e+00
0.34219 1.05770829e+00
0.34337 1.05646882e+00
0.34456 1.05517007e+00
0.34576 1.05399253e+00
0.34695 1.05295098e+00
0.34815 1.05139796e+00
0.34936 1.05031927e+00
0.35057 1.04942153e+00
0.35178 1.04801501e+00
0.35300 1.04678361e+00
0.35422 1.04560457e+00
0.35545 1.04442763e+00
0.35668 1.04325018e+00
0.35791 1.04186148e+00
0.35915 1.04078718e+00
0.36039 1.03944607e+00
0.36164 1.03788175e+00
0.36289 1.03697813e+00
0.36415 1.03567162e+00
0.36541 1.03403657e+00
0.36668 1.03278694e+00
0.36795 1.03162065e+00
0.36922 1.03034480e+00
0.37050 1.02875017e+00
0.37178 1.02718246e+00
0.37307 1.02614360e+00
0.37436 1.02491608e+00
0.37565 1.02326057e+00
0.37695 1.02180164e+00
0.37826 1.02070623e+00
0.37957 1.01936690e+00
0.38088 1.01781259e+00
0.38220 1.01668244e+00
0.38352 1.01545019e+00
0.38485 1.01395656e+00
0.38618 1.01277628e+00
0.38752 1.01149719e+00
0.38886 1.01029351e+00
0.39021 1.00903249e+00
0.39156 1.00736255e+00
0.39291 1.00624374e+00
0.39427 1.00533052e+00
0.39564 1.00361811e+00
0.39701 1.00221234e+00
0.39838 1.00116556e+00
0.39976 9.99637433e-01
0.40115 9.98159580e-01
0.40253 9.96962674e-01
0.40393 9.95485817e-01
0.40533 9.94096868e-01
0.40673 9.92598158e-01
0.40814 9.91035285e-01
0.40955 9.89767993e-01
0.41097 9.88372174e-01
0.41239 9.86648768e-01
0.41382 9.85169820e-01
0.41525 9.83869077e-01
0.41669 9.82387691e-01
0.41813 9.80848014e-01
0.41958 9.79377280e-01
0.42103 9.77860900e-01
0.42249 9.76656676e-01
0.42395 9.75387641e-01
0.42542 9.73696740e-01
0.42689 9.72226254e-01
0.42837 9.71057273e-01
0.42985 9.69675243e-01
0.43134 9.68260708e-01
0.43283 9.67107406e-01
0.43433 9.65744391e-01
0.43583 9.64248171e-01
0.43734 9.62942201e-01
0.43886 9.61660971e-01
0.44037 9.60361372e-01
0.44190 9.59006770e-01
0.44343 9.57624939e-01
0.44496 9.56375815e-01
0.44650 9.55131470e-01
0.44805 9.53762382e-01
0.44960 9.52162574e-01
0.45116 9.50727481e-01
0.45272 9.49460437e-01
0.45429 9.48401017e-01
0.45586 9.47000071e-01
0.45744 9.45164167e-01
0.45902 9.43765710e-01
0.46061 9.42683193e-01
0.46220 9.41328789e-01
0.46380 9.39786823e-01
0.46541 9.38462485e-01
0.46702 9.37186133e-01
0.46864 9.35696782e-01
0.47026 9.34188914e-01
0.47189 9.33057415e-01
0.47352 9.32078535e-01
0.47516 9.30593863e-01
0.47680 9.28929692e-01
0.47845 9.27740252e-01
0.48011 9.26775460e-01
0.48177 9.25573426e-01
0.48344 9.24037682e-01
0.48511 9.22584320e-01
0.48679 9.21523804e-01
0.48848 9.20436459e-01
0.49017 9.19189774e-01
0.49186 9.17924871e-01
0.49357 9.16458567e-01
0.49528 9.15002169e-01
0.49699 9.13839460e-01
0.49871 9.12816676e-01
0.50044 9.11560633e-01
0.50217 9.10002340e-01
0.50391 9.08596316e-01
0.50565 9.07203833e-01
0.50740 9.06041820e-01
0.50916 9.04917838e-01
0.51092 9.03476224e-01
0.51269 9.01863474e-01
0.51446 9.00565269e-01
0.51625 8.99403058e-01
0.51803 8.97916046e-01
0.51983 8.96807196e-01
0.52163 8.95538062e-01
0.52343 8.94043086e-01
0.52524 8.92776640e-01
0.52706 8.91538318e-01
0.52889 8.90249422e-01
0.53072 8.88840462e-01
0.53255 8.87672775e-01
0.53440 8.86532964e-01
0.53625 8.85143168e-01
0.53810 8.83805390e-01
0.53997 8.82663388e-01
0.54183 8.81492466e-01
0.54371 8.79971356e-01
0.54559 8.78461945e-01
0.54748 8.77460267e-01
0.54938 8.76344398e-01
0.55128 8.74992434e-01
0.55319 8.73359972e-01
0.55510 8.71794162e-01
0.55702 8.70786162e-01
0.55895 8.69705287e-01
0.56089 8.68145500e-01
0.56283 8.66597660e-01
0.56478 8.65089543e-01
0.56673 8.63801543e-01
0.56869 8.62620267e-01
0.57066 8.61238585e-01
0.57264 8.59679147e-01
0.57462 8.58195271e-01
0.57661 8.56918770e-01
0.57860 8.55672384e-01
0.58061 8.54344263e-01
0.58262 8.52977415e-01
0.58463 8.51496427e-01
0.58666 8.50046300e-01
0.58869 8.48652971e-01
0.59073 8.47351431e-01
0.59277 8.46143026e-01
0.59482 8.44919687e-01
0.59688 8.43639054e-01
0.59895 8.42009628e-01
0.60102 8.40427193e-01
0.60310 8.39246812e-01
0.60519 8.37932281e-01
0.60728 8.36597938e-01
0.60939 8.35434382e-01
0.61150 8.33829995e-01
0.61361 8.32073486e-01
0.61574 8.30932480e-01
0.61787 8.29801977e-01
0.62001 8.28218396e-01
0.62215 8.26731833e-01
0.62431 8.25400676e-01
0.62647 8.24067826e-01
0.62864 8.22817408e-01
0.63081 8.21210780e-01
0.63300 8.19336996e-01
0.63519 8.18080007e-01
0.63739 8.17269774e-01
0.63959 8.15940757e-01
0.64181 8.14317056e-01
0.64403 8.12904811e-01
0.64626 8.11576690e-01
0.64849 8.10350066e-01
0.65074 8.08826517e-01
0.65299 8.07050745e-01
0.65525 8.05936121e-01
0.65752 8.05328981e-01
0.65980 8.04045113e-01
0.66208 8.02074510e-01
0.66437 8.00446080e-01
0.66667 7.99256043e-01
0.66898 7.98045547e-01
0.67130 7.96959047e-01
0.67362 7.95880363e-01
0.67595 7.94319580e-01
0.67829 7.92717532e-01
0.68064 7.91392299e-01
0.68299 7.90003349e-01
0.68536 7.88503296e-01
0.68773 7.87244267e-01
0.69011 7.86051989e-01
0.69250 7.84692309e-01
0.69490 7.83497692e-01
0.69730 7.82417963e-01
0.69972 7.81029212e-01
0.70214 7.79323925e-01
0.70457 7.77695445e-01
0.70701 7.76431936e-01
0.70946 7.75551168e-01
0.71191 7.74636501e-01
0.71438 7.73218432e-01
0.71685 7.71475712e-01
0.71933 7.70056647e-01
0.72182 7.69225707e-01
0.72432 7.68188587e-01
0.72683 7.66368960e-01
0.72934 7.64788764e-01
0.73187 7.64110990e-01
0.73440 7.63465472e-01
0.73694 7.62043271e-01
0.73949 7.60037028e-01
0.74205 7.58282709e-01
0.74462 7.57204871e-01
0.74720 7.56427989e-01
0.74979 7.55538012e-01
0.75238 7.54271666e-01
0.75499 7.52567026e-01
0.75760 7.51075534e-01
0.76022 7.50271723e-01
0.76285 7.49192889e-01
0.76549 7.47305415e-01
0.76814 7.45582009e-01
0.77080 7.44845497e-01
0.77347 7.44469724e-01
0.77615 7.43455004e-01
0.77884 7.41546027e-01
0.78153 7.39622165e-01
0.78424 7.38452587e-01
0.78695 7.37570724e-01
0.78968 7.36515435e-01
0.79241 7.35530930e-01
0.79515 7.34498638e-01
0.79790 7.33232043e-01
0.80067 7.31763300e-01
0.80344 7.30461959e-01
0.80622 7.29348679e-01
0.80901 7.28065906e-01
0.81181 7.26775417e-01
0.81462 7.25568555e-01
0.81744 7.24595150e-01
0.82027 7.23683321e-01
0.82311 7.22489899e-01
0.82596 7.21047836e-01
0.82882 7.19775566e-01
0.83169 7.18757760e-01
0.83457 7.17843691e-01
0.83745 7.16520996e-01
0.84035 7.14826859e-01
0.84326 7.13457273e-01
0.84618 7.12905785e-01
0.84911 7.12316018e-01
0.85205 7.11115925e-01
0.85500 7.09529906e-01
0.85796 7.07962204e-01
0.86093 7.06664100e-01
0.86391 7.05918628e-01
0.86690 7.05425081e-01
0.86990 7.04145593e-01
0.87291 7.02581426e-01
0.87593 7.01508366e-01
0.87897 7.00597084e-01
0.88201 6.99359012e-01
0.88506 6.98194162e-01
0.88813 6.97108359e-01
0.89120 6.95894827e-01
0.89428 6.94860444e-01
0.89738 6.93900331e-01
0.90049 6.92740359e-01
0.90360 6.91358279e-01
0.90673 6.90447744e-01
0.90987 6.89644132e-01
0.91302 6.88538318e-01
0.91618 6.87197106e-01
0.91935 6.85762411e-01
0.92253 6.84692089e-01
0.92573 6.83776825e-01
0.92893 6.82864896e-01
0.93215 6.81668139e-01
0.93537 6.80500452e-01
0.93861 6.79439836e-01
0.94186 6.78142926e-01
0.94512 6.77101376e-01
0.94839 6.76270684e-01
0.95168 6.75348501e-01
0.95497 6.74133476e-01
0.95828 6.72669461e-01
0.96159 6.71436466e-01
0.96492 6.70270919e-01
0.96826 6.69295872e-01
0.97161 6.68739008e-01
0.97498 6.67951573e-01
0.97835 6.66667356e-01
0.98174 6.65116978e-01
0.98514 6.63448974e-01
0.98855 6.62345102e-01
0.99197 6.61745529e-01
0.99540 6.61280256e-01
0.99885 6.60630756e-01
1.00231 6.58939157e-01
1.00578 6.57092999e-01
1.00926 6.56039801e-01
1.01275 6.55122197e-01
1.01626 6.54337550e-01
1.01978 6.53602482e-01
1.02330 6.52379193e-01
1.02685 6.50816967e-01
1.03040 6.49309099e-01
1.03397 6.48466311e-01
1.03755 6.48095417e-01
1.04114 6.47341234e-01
1.04474 6.46323726e-01
1.04836 6.45047374e-01
1.05199 6.43133020e-01
1.05563 6.41470692e-01
1.05928 6.40727460e-01
1.06295 6.40245860e-01
1.06663 6.39411982e-01
1.07032 6.38515534e-01
1.07403 6.37416242e-01
1.07775 6.36002603e-01
1.08148 6.34582194e-01
1.08522 6.33448953e-01
1.08898 6.32709305e-01
1.09275 6.32254684e-01
1.09653 6.31383225e-01
1.10032 6.29728960e-01
1.10413 6.28264199e-01
1.10796 6.27262919e-01
1.11179 6.25972281e-01
1.11564 6.24767260e-01
1.11950 6.24151858e-01
1.12338 6.23664284e-01
1.12726 6.22883271e-01
1.13117 6.21551815e-01
1.13508 6.19917959e-01
1.13901 6.18770133e-01
1.14295 6.18031780e-01
1.14691 6.16821632e-01
1.15088 6.15552100e-01
1.15487 6.14772729e-01
1.15886 6.14021184e-01
1.16287 6.12906560e-01
1.16690 6.11484558e-01
1.17094 6.10130453e-01
1.17499 6.09014784e-01
1.17906 6.08269909e-01
1.18314 6.07623694e-01
1.18724 6.06547300e-01
1.19135 6.05209820e-01
1.19547 6.03941084e-01
1.19961 6.02952100e-01
1.20376 6.02102194e-01
1.20793 6.00736242e-01
1.21211 5.99202389e-01
1.21630 5.98512519e-01
1.22052 5.98157305e-01
1.22474 5.97102066e-01
1.22898 5.95518485e-01
1.23323 5.94307492e-01
1.23750 5.93360768e-01
1.24179 5.92005170e-01
1.24609 5.90572316e-01
1.25040 5.89413938e-01
1.25473 5.88203890e-01
1.25907 5.87292956e-01
1.26343 5.87075378e-01
1.26780 5.86421148e-01
1.27219 5.84900736e-01
1.27659 5.83415566e-01
1.28101 5.82273714e-01
1.28545 5.81102791e-01
1.28990 5.79603982e-01
1.29436 5.77900089e-01
1.29884 5.76598599e-01
1.30334 5.75740430e-01
1.30785 5.75072064e-01
1.31238 5.74370695e-01
1.31692 5.73286635e-01
1.32148 5.72149909e-01
1.32605 5.71263118e-01
1.33064 5.70358805e-01
1.33525 5.68833067e-01
1.33987 5.66897856e-01
1.34451 5.65158123e-01
1.34916 5.63945287e-01
1.35383 5.63010560e-01
1.35852 5.62233330e-01
1.36322 5.61350869e-01
1.36794 5.60146695e-01
1.37268 5.58988366e-01
1.37743 5.58155285e-01
1.38220 5.57073863e-01
1.38698 5.55796167e-01
1.39178 5.54655161e-01
1.39660 5.53037682e-01
1.40144 5.51004658e-01
1.40629 5.49542436e-01
1.41115 5.48790791e-01
1.41604 5.47691349e-01
1.42094 5.46327140e-01
1.42586 5.45665344e-01
1.43080 5.45370660e-01
1.43575 5.44778055e-01
1.44072 5.43469397e-01
1.44571 5.41527964e-01
1.45071 5.39538596e-01
1.45573 5.38016043e-01
1.46077 5.37076985e-01
1.46583 5.35825124e-01
1.47090 5.34476395e-01
1.47599 5.33599260e-01
1.48110 5.32901724e-01
1.48623 5.31929515e-01
1.49137 5.30781838e-01
1.49654 5.29820430e-01
1.50172 5.28609984e-01
1.50692 5.27068516e-01
1.51213 5.25820587e-01
1.51737 5.24858880e-01
1.52262 5.23916188e-01
1.52789 5.22683740e-01
1.53318 5.21264526e-01
1.53849 5.19728932e-01
1.54381 5.18110258e-01
1.54916 5.17008875e-01
1.55452 5.16733205e-01
1.55990 5.16245980e-01
1.56530 5.15325440e-01
1.57072 5.14031317e-01
1.57615 5.12898425e-01
1.58161 5.12215474e-01
1.58709 5.11112199e-01
1.59258 5.09694428e-01
1.59809 5.08161671e-01
1.60362 5.06432441e-01
1.60918 5.05335637e-01
1.61475 5.04490908e-01
1.62034 5.03746532e-01
1.62594 5.03125305e-01
1.63157 5.02168128e-01
1.63722 5.01308715e-01
1.64289 5.00619342e-01
1.64857 4.99927083e-01
1.65428 4.99397547e-01
1.66001 4.98416775e-01
1.66575 4.96706610e-01
1.67152 4.95190876e-01
1.67731 4.93591716e-01
1.68311 4.92583268e-01
1.68894 4.92344633e-01
1.69478 4.92188331e-01
1.70065 4.91704690e-01
1.70654 4.90534514e-01
1.71245 4.88908373e-01
1.71837 4.87772395e-01
1.72432 4.87045988e-01
1.73029 4.86341931e-01
1.73628 4.86016832e-01
1.74229 4.85831858e-01
1.74832 4.84786923e-01
1.75437 4.83965788e-01
1.76045 4.83210809e-01
1.76654 4.81895929e-01
1.77266 4.81015609e-01
1.77879 4.80426937e-01
1.78495 4.79007225e-01
1.79113 4.77706283e-01
1.79733 4.77368939e-01
1.80355 4.77019250e-01
1.80979 4.76511118e-01
1.81606 4.76454919e-01
1.82234 4.76641088e-01
1.82865 4.76164516e-01
1.83498 4.75170752e-01
1.84133 4.73832626e-01
1.84771 4.72250887e-01
1.85410 4.71477589e-01
1.86052 4.71840270e-01
1.86696 4.71579036e-01
1.87342 4.70018404e-01
1.87991 4.68921749e-01
1.88642 4.68698347e-01
1.89295 4.68220281e-01
1.89950 4.67578297e-01
1.90607 4.66932032e-01
1.91267 4.67122930e-01
1.91929 4.67551666e-01
1.92594 4.67010332e-01
1.93260 4.65784455e-01
1.93929 4.64922852e-01
1.94601 4.64049799e-01
1.95274 4.64117596e-01
1.95950 4.64682773e-01
1.96629 4.64218944e-01
1.97309 4.62869817e-01
1.97992 4.61747676e-01
1.98678 4.61053227e-01
1.99365 4.60263701e-01
2.00055 4.59836907e-01
2.00748 4.61020523e-01
2.01443 4.62784548e-01
2.02140 4.64561465e-01
2.02840 4.65518642e-01
2.03542 4.65606748e-01
2.04247 4.65413362e-01
2.04954 4.65542585e-01
2.05663 4.66578361e-01
2.06375 4.67889906e-01
2.07090 4.69066204e-01
2.07806 4.69806549e-01
2.08526 4.69699577e-01
2.09247 4.69576775e-01
2.09972 4.70288597e-01
2.10699 4.71537771e-01
2.11428 4.73070229e-01
2.12160 4.74204167e-01
2.12894 4.75004245e-01
2.13631 4.76203591e-01
2.14371 4.76909490e-01
2.15113 4.77008348e-01
2.15857 4.77581689e-01
2.16605 4.78355086e-01
2.17354 4.79681216e-01
2.18107 4.81770439e-01
2.18862 4.83347947e-01
2.19619 4.83784050e-01
2.20380 4.83960661e-01
2.21143 4.84180629e-01
2.21908 4.84155044e-01
2.22676 4.84618873e-01
2.23447 4.85778994e-01
2.24220 4.87618581e-01
2.24997 4.89337956e-01
2.25775 4.90051819e-01
2.26557 4.90299762e-01
2.27341 4.90548004e-01
2.28128 4.90884153e-01
2.28918 4.92272604e-01
2.29710 4.94586873e-01
2.30505 4.96126848e-01
2.31303 4.96593564e-01
2.32104 4.96905472e-01
2.32908 4.97432967e-01
2.33714 4.97885995e-01
2.34523 4.98366052e-01
2.35335 4.99939278e-01
2.36149 5.02023374e-01
2.36967 5.02937941e-01
2.37787 5.02781291e-01
2.38610 5.02940281e-01
2.39436 5.03755840e-01
2.40265 5.04683698e-01
2.41097 5.05692345e-01
2.41931 5.06812743e-01
2.42769 5.08134044e-01
2.43609 5.09686812e-01
2.44452 5.11100501e-01
2.45298 5.12039410e-01
2.46148 5.12638386e-01
2.47000 5.13255132e-01
2.47855 5.13616967e-01
2.48713 5.13719111e-01
2.49574 5.14357909e-01
2.50438 5.15366955e-01
2.51304 5.16169671e-01
2.52174 5.16928683e-01
2.53047 5.17855545e-01
2.53923 5.19073159e-01
2.54802 5.20248910e-01
2.55684 5.20970738e-01
2.56569 5.21572452e-01
2.57457 5.22103730e-01
2.58349 5.22438585e-01
2.59243 5.23089778e-01
2.60140 5.24083840e-01
2.61041 5.25125988e-01
2.61944 5.26328270e-01
2.62851 5.27332736e-01
2.63761 5.27910855e-01
2.64674 5.28504256e-01
2.65590 5.29237980e-01
2.66510 5.29761145e-01
2.67432 5.30019790e-01
2.68358 5.30306261e-01
2.69287 5.30975872e-01
2.70219 5.32192092e-01
2.71154 5.33687666e-01
2.72093 5.34984028e-01
2.73035 5.35734478e-01
2.73980 5.35732537e-01
2.74928 5.35263132e-01
2.75880 5.35112505e-01
2.76835 5.35895708e-01
2.77793 5.37547385e-01
2.78755 5.39326094e-01
2.79720 5.40550578e-01
2.80688 5.41060551e-01
2.81660 5.40819328e-01
2.82635 5.39946475e-01
2.83613 5.39207374e-01
2.84595 5.39362432e-01
2.85580 5.40456398e-01
2.86569 5.42060388e-01
2.87561 5.43632967e-01
2.88556 5.44755755e-01
2.89555 5.45156565e-01
2.90557 5.44769195e-01
2.91563 5.44081863e-01
2.92572 5.43809778e-01
2.93585 5.44364750e-01
2.94601 5.45799694e-01
2.95621 5.47725995e-01
2.96644 5.49419634e-01
2.97671 5.50200199e-01
2.98702 5.49782066e-01
2.99736 5.48548572e-01
3.00773 5.47344946e-01
3.01814 5.46894706e-01
3.02859 5.47425337e-01
3.03907 5.48686955e-01
3.04960 5.50118962e-01
3.06015 5.51145230e-01
3.07074 5.51460572e-01
3.08137 5.51162752e-01
3.09204 5.50627143e-01
3.10274 5.50248085e-01
3.11348 5.50296569e-01
3.12426 5.50850098e-01
3.13508 5.51724146e-01
3.14593 5.52562055e-01
3.15682 5.53085120e-01
3.16775 5.53270293e-01
3.17871 5.53305337e-01
3.18972 5.53411762e-01
3.20076 5.53709035e-01
3.21184 5.54183964e-01
3.22295 5.54696327e-01
3.23411 5.55048356e-01
3.24531 5.55142187e-01
3.25654 5.55051740e-01
3.26781 5.54903602e-01
3.27912 5.54745806e-01
3.29047 5.54547989e-01
3.30187 5.54273614e-01
3.31330 5.53916608e-01
3.32476 5.53509376e-01
3.33627 5.53143410e-01
3.34782 5.52947833e-01
3.35941 5.52996516e-01
3.37104 5.53241173e-01
3.38271 5.53543673e-01
3.39442 5.53765980e-01
3.40617 5.53845326e-01
3.41796 5.53815808e-01
3.42979 5.53775140e-01
3.44166 5.53824071e-01
3.45358 5.54015317e-01
3.46553 5.54334741e-01
3.47753 5.54714098e-01
3.48957 5.55061099e-01
3.50164 5.55300032e-01
3.51377 5.55402972e-01
3.52593 5.55412480e-01
3.53814 5.55395307e-01
3.55038 5.55407652e-01
3.56267 5.55458524e-01
3.57500 5.55496405e-01
3.58738 5.55435228e-01
3.59980 5.55206201e-01
3.61226 5.54803897e-01
3.62476 5.54294620e-01
3.63731 5.53780018e-01
3.64990 5.53340281e-01
3.66254 5.52995620e-01
3.67521 5.52707207e-01
3.68794 5.52409785e-01
3.70070 5.52055566e-01
3.71351 5.51646044e-01
3.72637 5.51233287e-01
3.73927 5.50887780e-01
3.75221 5.50655516e-01
3.76520 5.50533760e-01
3.77823 5.50476366e-01
3.79131 5.50422407e-01
3.80443 5.50332658e-01
3.81760 5.50212245e-01
3.83082 5.50103083e-01
3.84408 5.50051115e-01
3.85739 5.50074162e-01
3.87074 5.50151566e-01
3.88414 5.50238578e-01
3.89758 5.50290148e-01
3.91107 5.50279893e-01
3.92461 5.50203285e-01
3.93820 5.50067890e-01
3.95183 5.49879580e-01
3.96551 5.49634923e-01
3.97924 5.49323762e-01
3.99301 5.48936740e-01
4.00683 5.48580181e-01
4.02070 5.48260558e-01
4.03462 5.47882148e-01
4.04859 5.47463765e-01
4.06260 5.47024974e-01
4.07667 5.46585287e-01
4.09078 5.46163371e-01
4.10494 5.45774756e-01
4.11915 5.45428452e-01
4.13341 5.45126400e-01
4.14771 5.44866510e-01
4.16207 5.44646891e-01
4.17648 5.44468288e-01
4.19094 5.44334485e-01
4.20545 5.44249216e-01
4.22000 5.44213426e-01
4.23461 5.44223780e-01
4.24927 5.44273458e-01
4.26398 5.44354496e-01
4.27874 5.44460075e-01
4.29355 5.44586460e-01
4.30841 5.44732608e-01
4.32332 5.44897671e-01
4.33829 5.45078165e-01
4.35331 5.45265579e-01
4.36838 5.45447317e-01
4.38350 5.45608498e-01
4.39867 5.45735580e-01
4.41390 5.45817913e-01
4.42918 5.45847929e-01
4.44451 5.45820004e-01
4.45990 5.45729358e-01
4.47533 5.45572011e-01
4.49083 5.45346318e-01
4.50637 5.45108132e-01
4.52197 5.44885426e-01
4.53762 5.44606869e-01
4.55333 5.44282219e-01
4.56909 5.43921529e-01
4.58491 5.43534108e-01
4.60078 5.43128868e-01
4.61670 5.42714567e-01
4.63269 5.42299868e-01
4.64872 5.41893234e-01
4.66481 5.41502628e-01
4.68096 5.41134620e-01
4.69717 5.40795036e-01
4.71343 5.40488356e-01
4.72974 5.40218162e-01
4.74611 5.39987392e-01
4.76254 5.39798137e-01
4.77903 5.39651492e-01
4.79557 5.39547755e-01
4.81217 5.39485980e-01
4.82883 5.39464576e-01
4.84555 5.39481003e-01
4.86232 5.39532174e-01
4.87915 5.39614258e-01
4.89604 5.39722923e-01
4.91299 5.39853191e-01
4.92999 5.39999488e-01
4.94706 5.40155940e-01
4.96418 5.40316025e-01
4.98137 5.40473173e-01
4.99861 5.40620715e-01
5.01591 5.40712057e-01
5.03328 5.40775524e-01
5.05070 5.40808576e-01
5.06818 5.40806386e-01
5.08573 5.40765419e-01
5.10333 5.40683086e-01
5.12100 5.40558443e-01
5.13873 5.40391687e-01
5.15651 5.40184114e-01
5.17436 5.39938012e-01
5.19228 5.39656818e-01
5.21025 5.39344313e-01
5.22828 5.39004828e-01
5.24638 5.38643143e-01
5.26454 5.38264085e-01
5.28277 5.37872583e-01
5.30105 5.37473415e-01
5.31940 5.37071310e-01
5.33782 5.36670649e-01
5.35629 5.36275662e-01
5.37484 5.35890084e-01
5.39344 5.35517348e-01
5.41211 5.35160491e-01
5.43084 5.34822002e-01
5.44965 5.34504171e-01
5.46851 5.34208839e-01
5.48744 5.33937301e-01
5.50643 5.33768754e-01
5.52550 5.33781148e-01
5.54462 5.33822613e-01
5.56381 5.33892302e-01
5.58308 5.33989319e-01
5.60240 5.34111872e-01
5.62179 5.34257721e-01
5.64125 5.34424277e-01
5.66078 5.34608505e-01
5.68038 5.34806820e-01
5.70004 5.35015538e-01
5.71977 5.35230677e-01
5.73957 5.35448057e-01
5.75944 5.35663545e-01
5.77938 5.35873060e-01
5.79938 5.36072718e-01
5.81946 5.36258987e-01
5.83960 5.36428629e-01
5.85982 5.36578809e-01
5.88010 5.36707335e-01
5.90045 5.36812466e-01
5.92088 5.36893156e-01
5.94137 5.36948608e-01
5.96194 5.36978972e-01
5.98258 5.36984747e-01
6.00329 5.36895993e-01
6.02407 5.36408121e-01
6.04492 5.35898546e-01
6.06585 5.35369657e-01
6.08684 5.34824341e-01
6.10791 5.34265636e-01
6.12906 5.33696626e-01
6.15027 5.33120697e-01
6.17156 5.32541184e-01
6.19293 5.31961173e-01
6.21436 5.30927090e-01
6.23588 5.29674780e-01
6.25746 5.28432825e-01
6.27912 5.27203762e-01
6.30086 5.25989931e-01
6.32267 5.24793572e-01
6.34455 5.23616277e-01
6.36652 5.22459492e-01
6.38856 5.21324508e-01
6.41067 5.20257422e-01
6.43286 5.19265849e-01
6.45513 5.18302798e-01
6.47747 5.17367623e-01
6.49990 5.16459676e-01
6.52240 5.15577515e-01
6.54497 5.14719644e-01
6.56763 5.13884124e-01
6.59037 5.13068665e-01
6.61318 5.12206713e-01
6.63607 5.11313252e-01
6.65904 5.10432832e-01
6.68209 5.09562617e-01
6.70522 5.08699669e-01
6.72843 5.07841500e-01
6.75172 5.06985173e-01
6.77510 5.06128448e-01
6.79855 5.05268935e-01
6.82208 5.04132260e-01
6.84570 5.02970745e-01
6.86939 5.01800718e-01
6.89317 5.00621084e-01
6.91704 4.99430798e-01
6.94098 4.98229760e-01
6.96500 4.97017572e-01
6.98911 4.95794631e-01
7.01331 4.94381838e-01
7.03759 4.92816526e-01
7.06195 4.91248725e-01
7.08639 4.89680576e-01
7.11092 4.88763968e-01
7.13554 4.88656896e-01
7.16024 4.88548032e-01
7.18502 4.88439268e-01
7.20990 4.88064640e-01
7.23485 4.87292288e-01
7.25990 4.86532331e-01
7.28503 4.85786958e-01
7.31025 4.85473906e-01
7.33555 4.85784021e-01
7.36094 4.86108174e-01
7.38642 4.86447111e-01
7.41199 4.87169337e-01
7.43765 4.88335182e-01
7.46340 4.89530844e-01
7.48923 4.90755776e-01
7.51516 4.93047196e-01
7.54117 4.96122368e-01
7.56727 4.99246620e-01
7.59347 5.02419406e-01
7.61975 5.03724331e-01
7.64613 5.04423260e-01
7.67260 5.05147278e-01
7.69916 5.05895836e-01
7.72581 5.05956217e-01
7.75255 5.06025408e-01
7.77939 5.06126706e-01
7.80632 5.05401792e-01
7.83334 5.01930937e-01
7.86046 4.98536988e-01
7.88767 4.95220395e-01
7.91497 4.93117980e-01
7.94237 4.92029838e-01
7.96986 4.91018155e-01
7.99745 4.90083477e-01
8.02513 5.33160967e-01
8.05291 5.24706411e-01
8.08079 5.16530809e-01
8.10876 5.30421596e-01
8.13683 5.21693810e-01
8.16500 5.21204096e-01
8.19326 5.49254471e-01
8.22162 4.95893340e-01
8.25008 5.65448277e-01
8.27864 4.75499484e-01
8.30730 5.59915079e-01
8.33605 5.64088498e-01
8.36491 5.65817429e-01
8.39386 5.81184924e-01
8.42292 5.27908715e-01
8.45208 5.52609643e-01
8.48133 5.91760462e-01
8.51069 5.87069902e-01
8.54016 6.03663822e-01
8.56972 5.84662052e-01
8.59938 6.19628103e-01
8.62915 6.22297735e-01
8.65902 6.73300992e-01
8.68899 7.72183204e-01
8.71907 8.44899179e-01
8.74925 8.41432206e-01
8.77954 9.27923136e-01
8.80993 1.08971261e+00
8.84043 1.20550259e+00
8.87103 1.17038621e+00
8.90174 1.11983991e+00
8.93255 1.09833706e+00
8.96347 1.08978439e+00
8.99450 1.13561499e+00
9.02563 1.13809367e+00
9.05688 1.21719275e+00
9.08823 1.26354164e+00
9.11969 1.29871278e+00
9.15126 1.33391184e+00
9.18294 1.37524427e+00
9.21472 1.41380422e+00
9.24662 1.46232332e+00
9.27863 1.50123884e+00
9.31075 1.52860248e+00
9.34298 1.53828998e+00
9.37532 1.55493881e+00
9.40777 1.58482200e+00
9.44034 1.61661397e+00
9.47302 1.66113925e+00
9.50581 1.71204430e+00
9.53871 1.76295531e+00
9.57173 1.81880932e+00
9.60487 1.86055893e+00
9.63811 1.85350094e+00
9.67148 1.80701099e+00
9.70495 1.76923025e+00
9.73855 1.75861365e+00
9.77226 1.76332526e+00
9.80609 1.77140504e+00
9.84003 1.79612160e+00
9.87409 1.83088491e+00
9.90827 1.85624967e+00
9.94257 1.83892551e+00
9.97699 1.78171243e+00
10.01153 1.72236338e+00
10.04618 1.68180444e+00
10.08096 1.66390336e+00
10.11585 1.66312085e+00
10.15087 1.67185735e+00
10.18601 1.69618843e+00
10.22127 1.71362927e+00
10.25665 1.70729659e+00
10.29215 1.67650540e+00
10.32778 1.63991381e+00
10.36353 1.60624536e+00
10.39941 1.58247010e+00
10.43540 1.56277199e+00
10.47153 1.56057923e+00
10.50777 1.56868504e+00
10.54415 1.58303219e+00
10.58065 1.59567007e+00
10.61727 1.60396693e+00
10.65403 1.62020793e+00
10.69091 1.64442581e+00
10.72791 1.66947349e+00
10.76505 1.69312839e+00
10.80231 1.71663644e+00
10.83971 1.72711566e+00
10.87723 1.72232614e+00
10.91488 1.71218377e+00
10.95266 1.67057567e+00
10.99058 1.64275074e+00
11.02862 1.60162987e+00
11.06680 1.54338912e+00
11.10511 1.49993914e+00
11.14355 1.45153981e+00
11.18212 1.42090298e+00
11.22083 1.41285521e+00
11.25967 1.44167196e+00
11.29865 1.51516044e+00
11.33776 1.57990530e+00
11.37701 1.57883812e+00
11.41639 1.57841411e+00
11.45591 1.56242071e+00
11.49556 1.54448528e+00
11.53536 1.50464409e+00
11.57529 1.45576709e+00
11.61536 1.39584853e+00
11.65556 1.32944234e+00
11.69591 1.27563072e+00
11.73640 1.23229563e+00
11.77702 1.16285797e+00
11.81779 1.07026548e+00
11.85870 1.04608324e+00
11.89975 9.68542699e-01
11.94094 9.72420089e-01
11.98227 9.47174343e-01
12.02375 8.80294215e-01
12.06537 8.87231147e-01
12.10714 8.13405874e-01
12.14905 7.66433522e-01
12.19110 7.57236380e-01
12.23330 7.08155940e-01
12.27565 7.51032825e-01
12.31814 7.16108736e-01
12.36078 6.57285788e-01
12.40357 6.88798009e-01
12.44651 6.71156068e-01
12.48959 6.33483449e-01
12.53283 5.72643705e-01
12.57621 6.15484750e-01
12.61974 5.82120647e-01
12.66343 5.86487403e-01
12.70726 5.58646841e-01
12.75125 5.37911957e-01
12.79539 5.47942180e-01
12.83968 5.32611420e-01
12.88413 4.86578425e-01
12.92873 4.82434375e-01
12.97348 5.39137934e-01
13.01839 5.15105124e-01
13.06345 5.17764402e-01
13.10867 5.11844082e-01
13.15405 5.11592853e-01
13.19959 5.71083570e-01
13.24528 5.71807787e-01
13.29113 5.34925589e-01
13.33713 6.03215324e-01
13.38330 6.97651435e-01
13.42963 7.74045340e-01
13.47612 7.56502158e-01
13.52277 7.11547748e-01
13.56958 6.88305209e-01
13.61655 7.02893383e-01
13.66368 7.93309440e-01
13.71098 8.78665486e-01
13.75844 9.59689870e-01
13.80607 1.00157568e+00
13.85386 9.67347534e-01
13.90182 9.29997127e-01
13.94994 8.08089358e-01
13.99823 7.29729828e-01
14.04668 6.87549333e-01
14.09531 6.64948679e-01
14.14410 6.77253248e-01
14.19306 6.89778382e-01
14.24219 7.72022023e-01
14.29149 8.63647879e-01
14.34096 9.34288718e-01
14.39060 1.00176369e+00
14.44042 1.00377845e+00
14.49041 9.74548188e-01
14.54057 9.72490724e-01
14.59090 9.45823324e-01
14.64141 9.68752164e-01
14.69209 9.97249991e-01
14.74295 1.00179923e+00
14.79398 9.83524068e-01
14.84519 9.64333739e-01
14.89658 9.44392064e-01
14.94814 8.95953806e-01
14.99989 8.35188629e-01
15.05181 7.94128036e-01
15.10392 8.79944228e-01
15.15620 9.23671268e-01
15.20866 1.01340412e+00
15.26131 1.11537624e+00
15.31414 1.17335232e+00
15.36715 1.19614163e+00
15.42034 1.19729498e+00
15.47372 1.18985769e+00
15.52729 1.17681725e+00
15.58103 1.15231021e+00
15.63497 1.10308332e+00
15.68909 1.01260828e+00
15.74340 9.56222848e-01
15.79790 9.11084359e-01
15.85258 8.59082012e-01
15.90746 8.55389796e-01
15.96252 8.12726556e-01
16.01778 7.70853490e-01
16.07323 7.51896868e-01
16.12886 7.60824412e-01
16.18470 8.03444992e-01
16.24072 8.67673458e-01
16.29694 8.62151559e-01
16.35335 8.78600974e-01
16.40996 9.28806642e-01
16.46677 9.09493312e-01
16.52377 9.14958862e-01
16.58097 9.25053447e-01
16.63836 8.57182343e-01
16.69596 8.39852608e-01
16.75375 8.56333184e-01
16.81175 9.12325966e-01
16.86994 9.23204651e-01
16.92834 9.19239054e-01
16.98694 9.61882432e-01
17.04574 1.00613667e+00
17.10474 1.04742997e+00
17.16395 1.12629191e+00
17.22337 1.20728693e+00
17.28299 1.31361057e+00
17.34281 1.40997950e+00
17.40285 1.48149439e+00
17.46309 1.54956380e+00
17.52354 1.64296404e+00
17.58420 1.76410433e+00
17.64507 1.87381416e+00
17.70615 1.92639004e+00
17.76744 1.92927218e+00
17.82894 1.92603115e+00
17.89066 1.94309517e+00
17.95259 1.97675525e+00
18.01473 2.00430451e+00
18.07709 2.02677490e+00
18.13967 2.04336882e+00
18.20246 2.04955968e+00
18.26547 2.04008548e+00
18.32870 1.99436708e+00
18.39214 1.92274283e+00
18.45581 1.86926651e+00
18.51969 1.83803414e+00
18.58380 1.81586755e+00
18.64813 1.79259858e+00
18.71268 1.77346002e+00
18.77746 1.75567586e+00
18.84246 1.75577950e+00
18.90768 1.77558523e+00
18.97313 1.83221129e+00
19.03881 1.89921934e+00
19.10472 1.97311595e+00
19.17085 2.01859541e+00
19.23721 2.02785159e+00
19.30380 2.01387947e+00
19.37062 1.99252679e+00
19.43768 1.96328832e+00
19.50496 1.93300501e+00
19.57248 1.90275755e+00
19.64023 1.87100082e+00
19.70822 1.84279225e+00
19.77644 1.82418880e+00
19.84490 1.82379456e+00
19.91359 1.83143794e+00
19.98252 1.84167275e+00
20.05169 1.83150862e+00
20.12110 1.82253568e+00
20.19076 1.81227529e+00
20.26065 1.80320448e+00
20.33078 1.79982332e+00
20.40116 1.78921454e+00
20.47178 1.77950020e+00
20.54264 1.76734731e+00
20.61375 1.76356415e+00
20.68511 1.73397429e+00
20.75671 1.71181173e+00
20.82856 1.69741172e+00
20.90066 1.68241114e+00
20.97301 1.67032957e+00
21.04561 1.66635014e+00
21.11846 1.67981672e+00
21.19157 1.69731007e+00
21.26492 1.72743738e+00
21.33853 1.77729629e+00
21.41240 1.84478351e+00
21.48652 1.89050644e+00
21.56090 1.90423495e+00
21.63553 1.90790059e+00
21.71043 1.91713536e+00
21.78558 1.94590791e+00
21.86099 1.99606798e+00
21.93666 2.06358357e+00
22.01260 2.12047858e+00
22.08880 2.16905721e+00
22.16526 2.20887794e+00
22.24199 2.23371207e+00
22.31898 2.22901056e+00
22.39624 2.21146987e+00
22.47377 2.18248327e+00
22.55156 2.14662137e+00
22.62962 2.11364459e+00
22.70796 2.09586148e+00
22.78656 2.10479111e+00
22.86544 2.11915051e+00
22.94459 2.11177543e+00
23.02402 2.09704469e+00
23.10372 2.08800804e+00
23.18369 2.06035499e+00
23.26394 1.99648512e+00
23.34447 1.93990670e+00
23.42528 1.92292551e+00
23.50637 1.92698887e+00
23.58774 1.92571207e+00
23.66939 1.91469525e+00
23.75133 1.88340295e+00
23.83354 1.84726812e+00
23.91604 1.82048817e+00
23.99883 1.81482366e+00
24.08191 1.85194817e+00
24.16527 1.92115093e+00
24.24892 2.00147883e+00
24.33286 2.03067698e+00
24.41709 1.96550841e+00
24.50161 1.83454756e+00
24.58642 1.71608824e+00
24.67153 1.65447694e+00
24.75693 1.62740480e+00
24.84263 1.61182251e+00
24.92863 1.58581223e+00
25.01492 1.54898081e+00
25.10151 1.52123572e+00
25.18840 1.52875993e+00
25.27559 1.53604073e+00
25.36309 1.53306839e+00
25.45088 1.51991646e+00
25.53898 1.50983452e+00
25.62739 1.49784444e+00
25.71610 1.49697468e+00
25.80512 1.51714080e+00
25.89444 1.55395097e+00
25.98408 1.59719626e+00
26.07403 1.64678847e+00
26.16428 1.71671420e+00
26.25485 1.80921978e+00
26.34574 1.92998300e+00
26.43694 2.03944782e+00
26.52845 2.09003250e+00
26.62028 2.06518144e+00
26.71243 2.01357677e+00
26.80489 1.96776653e+00
26.89768 1.93751926e+00
26.99079 1.93173249e+00
27.08422 1.92018798e+00
27.17798 1.91932727e+00
27.27205 1.94330428e+00
27.36646 1.96129273e+00
27.46119 1.98400284e+00
27.55625 2.02851065e+00
27.65164 2.09436516e+00
27.74736 2.16394603e+00
27.84341 2.19744199e+00
27.93979 2.22546534e+00
28.03650 2.23751664e+00
28.13355 2.23980796e+00
28.23094 2.23798699e+00
28.32867 2.23428163e+00
28.42673 2.22711433e+00
28.52513 2.22978610e+00
28.62387 2.23808704e+00
28.72295 2.23886556e+00
28.82238 2.22862478e+00
28.92215 2.21165703e+00
29.02227 2.19327659e+00
29.12273 2.17347897e+00
29.22354 2.16884476e+00
29.32470 2.17522104e+00
29.42621 2.16617582e+00
29.52807 2.11770227e+00
29.63029 2.04638918e+00
29.73286 1.95974822e+00
29.83578 1.86047426e+00
29.93906 1.75909340e+00
30.04269 1.69486086e+00
30.14669 1.63974416e+00
30.25104 1.58875236e+00
30.35576 1.53204422e+00
30.46084 1.45833473e+00
30.56628 1.43476206e+00
30.67209 1.40663095e+00
30.77826 1.38199050e+00
30.88481 1.36923166e+00
30.99172 1.34015969e+00
31.09900 1.30655875e+00
31.20665 1.29239259e+00
31.31467 1.30305857e+00
31.42307 1.30703228e+00
31.53184 1.28676332e+00
31.64099 1.25994171e+00
31.75052 1.23607964e+00
31.86043 1.20921557e+00
31.97072 1.19147930e+00
32.08139 1.18559068e+00
32.19244 1.19432763e+00
32.30388 1.20495150e+00
32.41570 1.22997161e+00
32.52791 1.26814111e+00
32.64051 1.30642928e+00
32.75349 1.31048308e+00
32.86687 1.30758621e+00
32.98064 1.29881641e+00
33.09481 1.30793899e+00
33.20937 1.33292206e+00
33.32433 1.36533580e+00
33.43968 1.40356145e+00
33.55544 1.41530567e+00
33.67159 1.41220616e+00
33.78815 1.40815360e+00
33.90511 1.36085645e+00
34.02247 1.33682453e+00
34.14024 1.33919933e+00
34.25842 1.35136114e+00
34.37701 1.36839564e+00
34.49601 1.36797681e+00
34.61542 1.34935161e+00
34.73525 1.31531536e+00
34.85549 1.23951998e+00
34.97614 1.10832487e+00
35.09721 9.87182933e-01
35.21871 8.96932188e-01
35.34062 8.52255239e-01
35.46295 8.78032910e-01
35.58571 9.38917952e-01
35.70889 1.03134712e+00
35.83250 1.10392710e+00
35.95654 1.18207941e+00
36.08101 1.26823728e+00
36.20590 1.26897205e+00
36.33123 1.25620036e+00
36.45700 1.27510352e+00
36.58320 1.27138766e+00
36.70983 1.25088718e+00
36.83691 1.21336972e+00
36.96442 1.16886978e+00
37.09238 1.12326482e+00
37.22077 1.07569016e+00
37.34962 1.03090410e+00
37.47890 9.84041557e-01
37.60864 9.37370411e-01
37.73883 8.83502343e-01
37.86946 8.20509461e-01
38.00055 7.50888868e-01
38.13209 6.83658105e-01
38.26409 6.35030592e-01
38.39654 5.91020715e-01
38.52946 5.45957440e-01
38.66283 5.08558549e-01
38.79667 4.72979335e-01
38.93096 4.21787221e-01
39.06573 3.79737941e-01
39.20096 3.46698987e-01
39.33665 3.55215765e-01
39.47282 3.69256882e-01
39.60946 3.52156572e-01
39.74657 3.39763857e-01
39.88416 3.33284712e-01
40.02222 3.28815314e-01
40.16076 3.29470325e-01
40.29978 3.71136416e-01
40.43928 4.15458425e-01
40.57926 4.59890617e-01
40.71973 5.15217721e-01
40.86069 5.83277234e-01
41.00213 6.73292978e-01
41.14406 7.76005639e-01
41.28648 8.66839780e-01
41.42940 9.23823488e-01
41.57281 9.38066802e-01
41.71672 9.30130930e-01
41.86113 9.25451918e-01
42.00603 9.16452345e-01
42.15144 9.16838720e-01
42.29735 9.02052181e-01
42.44377 8.83769799e-01
42.59069 8.56713436e-01
42.73812 8.65654421e-01
42.88606 9.10031708e-01
43.03451 9.59762048e-01
43.18348 1.03434882e+00
43.33297 1.12273310e+00
43.48297 1.21578459e+00
43.63349 1.25204900e+00
43.78453 1.26803374e+00
43.93609 1.26656181e+00
44.08818 1.23770349e+00
44.24079 1.18387385e+00
44.39394 1.12797445e+00
44.54761 1.07583258e+00
44.70182 1.01327560e+00
44.85655 9.45803463e-01
45.01183 8.98447822e-01
45.16764 8.58909931e-01
45.32399 8.48264107e-01
45.48089 8.45267484e-01
45.63832 8.44333151e-01
45.79630 8.39154271e-01
45.95483 8.30015927e-01
46.11391 8.25952164e-01
46.27353 8.26888832e-01
46.43371 8.25830522e-01
46.59445 8.09328875e-01
46.75574 7.84217628e-01
46.91759 7.21767673e-01
47.08000 6.53885603e-01
47.24297 6.22698068e-01
47.40650 5.94089186e-01
47.57060 5.60363278e-01
47.73527 5.33507072e-01
47.90051 4.90665927e-01
48.06633 4.55983957e-01
48.23271 4.63457145e-01
48.39967 4.76617991e-01
48.56721 4.99056420e-01
48.73533 5.32648356e-01
48.90403 5.74270592e-01
49.07332 6.25055922e-01
49.24319 6.38485817e-01
49.41365 6.50020772e-01
49.58470 6.25224171e-01
49.75634 5.92588764e-01
49.92858 5.50150521e-01
50.10141 5.07163129e-01
50.27484 4.67540615e-01
50.44887 4.31354759e-01
50.62350 4.14839239e-01
50.79874 4.23274830e-01
50.97458 4.35314681e-01
51.15104 4.46347278e-01
51.32810 4.61046357e-01
51.50578 4.59001088e-01
51.68407 4.57461860e-01
51.86298 4.56395620e-01
52.04250 4.59653177e-01
52.22265 4.57248064e-01
52.40343 4.52172971e-01
52.58482 4.36365589e-01
52.76685 4.09007623e-01
52.94951 3.84593067e-01
53.13280 3.63388679e-01
53.31672 3.43918052e-01
53.50128 3.12735559e-01
53.68648 2.86581419e-01
53.87232 2.70130859e-01
54.05880 2.57406862e-01
54.24593 2.47316508e-01
54.43371 2.40971634e-01
54.62214 2.36187641e-01
54.81122 2.31210510e-01
55.00095 2.26576996e-01
55.19134 2.14722517e-01
55.38239 2.02101810e-01
55.57410 1.94974478e-01
55.76647 1.94377294e-01
55.95951 1.94818972e-01
56.15322 1.93862393e-01
56.34760 1.94023767e-01
56.54265 1.85353628e-01
56.73838 1.75127775e-01
56.93479 1.69241926e-01
57.13187 1.69364379e-01
57.32964 1.70356599e-01
57.52809 1.70212533e-01
57.72723 1.70251748e-01
57.92705 1.70629521e-01
58.12757 1.71117254e-01
58.32879 1.71743020e-01
58.53070 1.63344329e-01
58.73331 1.56006677e-01
58.93662 1.50298510e-01
59.14063 1.46452987e-01
59.34535 1.44013836e-01
59.55078 1.40892705e-01
59.75692 1.39103861e-01
59.96377 1.40480480e-01
60.17134 1.44564931e-01
60.37963 1.48956496e-01
60.58864 1.49931483e-01
60.79837 1.50669697e-01
61.00883 1.48461774e-01
61.22002 1.40613227e-01
61.43194 1.33203616e-01
61.64459 1.28664346e-01
61.85797 1.25265653e-01
62.07210 1.22134337e-01
62.28697 1.19435685e-01
62.50258 1.17191210e-01
62.71894 1.17387593e-01
62.93605 1.20427960e-01
63.15390 1.24349125e-01
63.37252 1.25484063e-01
63.59189 1.26003982e-01
63.81201 1.26541134e-01
64.03290 1.26140841e-01
64.25456 1.25876641e-01
64.47698 1.24281432e-01
64.70017 1.21265247e-01
64.92414 1.19102527e-01
65.14888 1.13153087e-01
65.37440 1.05590499e-01
65.60070 9.86677042e-02
65.82778 9.91032796e-02
66.05565 1.00557284e-01
66.28430 1.02677001e-01
66.51375 1.09584279e-01
66.74400 1.17053395e-01
66.97504 1.20065045e-01
67.20688 1.10717266e-01
67.43952 1.02605918e-01
67.67297 1.02871318e-01
67.90722 1.14901109e-01
68.14229 1.29315409e-01
68.37817 1.43853134e-01
68.61486 1.57829061e-01
68.85238 1.73248703e-01
69.09072 1.74132020e-01
69.32988 1.67280193e-01
69.56987 1.62059435e-01
69.81069 1.51693661e-01
70.05235 1.40230839e-01
70.29484 1.30447814e-01
70.53817 1.26464989e-01
70.78235 1.24442289e-01
71.02737 1.22599053e-01
71.27323 1.23539878e-01
71.51995 1.26404559e-01
71.76752 1.30371365e-01
72.01595 1.37450064e-01
72.26524 1.45972836e-01
72.51539 1.55017468e-01
72.76641 1.48761481e-01
73.01830 1.35662429e-01
73.27106 1.24539490e-01
73.52469 1.14006766e-01
73.77920 1.04458896e-01
74.03460 9.67983545e-02
74.29087 9.36403826e-02
74.54804 9.47062144e-02
74.80609 9.57901952e-02
75.06504 9.51685454e-02
75.32488 9.02567979e-02
75.58563 8.66607019e-02
75.84727 8.39671367e-02
76.10982 7.60250574e-02
76.37328 6.93478066e-02
76.63766 6.36767836e-02
76.90295 6.41565518e-02
77.16915 6.60814436e-02
77.43628 6.82467470e-02
77.70433 7.05818823e-02
77.97331 7.33924601e-02
78.24322 7.69229490e-02
78.51407 7.91017522e-02
78.78585 7.50337479e-02
79.05857 7.13495502e-02
79.33224 6.80067534e-02
79.60686 6.51082133e-02
79.88242 6.46537621e-02
80.15894 6.59079969e-02
80.43642 6.49192932e-02
80.71486 6.13340189e-02
80.99426 5.82942379e-02
81.27463 5.61802204e-02
81.55596 5.84161387e-02
81.83828 6.10817337e-02
82.12157 6.42658091e-02
82.40584 6.18992640e-02
82.69109 5.95980373e-02
82.97733 5.96791771e-02
83.26457 5.91530514e-02
83.55279 4.83082641e-02
83.84202 4.19728925e-02
84.13225 4.01997568e-02
84.42348 4.34228629e-02
84.71572 4.83760555e-02
85.00897 5.52048348e-02
85.30323 6.48356750e-02
85.59852 6.67552306e-02
85.89482 6.84998023e-02
86.19215 7.03894962e-02
86.49052 6.82625564e-02
86.78991 5.86965618e-02
87.09034 5.05052402e-02
87.39181 4.34872356e-02
87.69432 4.09110056e-02
87.99789 4.10181746e-02
88.30250 4.16746838e-02
88.60816 4.27362666e-02
88.91489 4.45988390e-02
89.22267 4.71164412e-02
89.53153 5.05840235e-02
89.84145 5.43915755e-02
90.15244 5.11431125e-02
90.46451 4.81009337e-02
90.77766 4.52509468e-02
91.09190 4.38256000e-02
91.40722 4.57085988e-02
91.72363 4.79925824e-02
92.04114 5.07492309e-02
92.35975 5.14835428e-02
92.67946 4.88330901e-02
93.00028 4.64213518e-02
93.32221 4.42230756e-02
93.64525 4.40188124e-02
93.96941 4.59836757e-02
94.29469 4.80833771e-02
94.62110 5.03294649e-02
94.94864 4.76379854e-02
95.27731 4.10225387e-02
95.60712 3.60308430e-02
95.93807 3.22012504e-02
96.27017 3.13065660e-02
96.60342 3.43315193e-02
96.93782 3.92410916e-02
97.27338 4.70605134e-02
97.61010 5.34188361e-02
97.94798 4.96205686e-02
98.28704 4.61958670e-02
98.62727 4.30936387e-02
98.96867 4.02715563e-02
99.31126 3.76943691e-02
99.65504 3.53325972e-02
100.00000 3.31614100e-02
