        2000  4.000000 2.800000
0.10000 1.07913682e+00
0.10035 1.07752965e+00
0.10069 1.07578459e+00
0.10104 1.07423356e+00
0.10139 1.07267786e+00
0.10174 1.07117422e+00
0.10210 1.06952678e+00
0.10245 1.06794832e+00
0.10280 1.06642015e+00
0.10316 1.06501517e+00
0.10352 1.06360068e+00
0.10387 1.06207514e+00
0.10423 1.06061163e+00
0.10459 1.05912979e+00
0.10496 1.05771182e+00
0.10532 1.05628743e+00
0.10568 1.05476060e+00
0.10605 1.05320504e+00
0.10642 1.05158577e+00
0.10679 1.04996919e+00
0.10716 1.04837262e+00
0.10753 1.04684369e+00
0.10790 1.04521979e+00
0.10827 1.04362471e+00
0.10865 1.04199927e+00
0.10902 1.04045212e+00
0.10940 1.03873380e+00
0.10978 1.03705793e+00
0.11016 1.03530416e+00
0.11054 1.03369071e+00
0.11092 1.03199652e+00
0.11131 1.03028815e+00
0.11169 1.02842492e+00
0.11208 1.02673501e+00
0.11247 1.02498154e+00
0.11286 1.02304867e+00
0.11325 1.02120326e+00
0.11364 1.01950429e+00
0.11403 1.01773429e+00
0.11443 1.01592796e+00
0.11482 1.01425503e+00
0.11522 1.01255024e+00
0.11562 1.01086645e+00
0.11602 1.00914409e+00
0.11642 1.00741352e+00
0.11682 1.00579231e+00
0.11723 1.00426413e+00
0.11763 1.00274884e+00
0.11804 1.00129389e+00
0.11845 9.99818475e-01
0.11886 9.98339726e-01
0.11927 9.96886315e-01
0.11968 9.95426283e-01
0.12010 9.94096420e-01
0.12051 9.92736391e-01
0.12093 9.91439680e-01
0.12135 9.90082240e-01
0.12177 9.88616533e-01
0.12219 9.87071780e-01
0.12262 9.85548580e-01
0.12304 9.84049323e-01
0.12347 9.82515321e-01
0.12389 9.80883954e-01
0.12432 9.79304754e-01
0.12475 9.77626197e-01
0.12518 9.75945650e-01
0.12562 9.74257237e-01
0.12605 9.72626766e-01
0.12649 9.70961650e-01
0.12693 9.69198869e-01
0.12737 9.67410852e-01
0.12781 9.65704569e-01
0.12825 9.63924864e-01
0.12869 9.62046948e-01
0.12914 9.60331655e-01
0.12959 9.58644338e-01
0.13003 9.56885092e-01
0.13048 9.55119125e-01
0.13094 9.53285511e-01
0.13139 9.51537465e-01
0.13184 9.49688519e-01
0.13230 9.47867250e-01
0.13276 9.46062009e-01
0.13322 9.44342137e-01
0.13368 9.42552725e-01
0.13414 9.40902343e-01
0.13461 9.39158777e-01
0.13507 9.37568676e-01
0.13554 9.35948807e-01
0.13601 9.34435612e-01
0.13648 9.32818034e-01
0.13695 9.31268800e-01
0.13743 9.29787812e-01
0.13790 9.28413099e-01
0.13838 9.27052075e-01
0.13886 9.25677163e-01
0.13934 9.24359545e-01
0.13982 9.22877063e-01
0.14031 9.21416633e-01
0.14079 9.20260046e-01
0.14128 9.18742969e-01
0.14177 9.17237888e-01
0.14226 9.15930823e-01
0.14275 9.14485924e-01
0.14324 9.12929273e-01
0.14374 9.11237028e-01
0.14424 9.09698148e-01
0.14474 9.07966180e-01
0.14524 9.06210567e-01
0.14574 9.04568348e-01
0.14625 9.02790286e-01
0.14675 9.01090524e-01
0.14726 8.99267563e-01
0.14777 8.97428772e-01
0.14828 8.95951616e-01
0.14879 8.94171961e-01
0.14931 8.92312114e-01
0.14983 8.90654713e-01
0.15034 8.88922098e-01
0.15087 8.87214919e-01
0.15139 8.85553287e-01
0.15191 8.83899271e-01
0.15244 8.82154958e-01
0.15297 8.80284011e-01
0.15349 8.78678777e-01
0.15403 8.77054578e-01
0.15456 8.75362034e-01
0.15509 8.73954617e-01
0.15563 8.72336640e-01
0.15617 8.70561415e-01
0.15671 8.69142450e-01
0.15725 8.67438955e-01
0.15780 8.66079623e-01
0.15834 8.64601671e-01
0.15889 8.63246670e-01
0.15944 8.61749156e-01
0.15999 8.60304156e-01
0.16055 8.59122631e-01
0.16110 8.57769422e-01
0.16166 8.56246172e-01
0.16222 8.54766727e-01
0.16278 8.53601380e-01
0.16335 8.52065038e-01
0.16391 8.50457017e-01
0.16448 8.48866866e-01
0.16505 8.47295580e-01
0.16562 8.45768348e-01
0.16619 8.44009152e-01
0.16677 8.42383559e-01
0.16734 8.40669013e-01
0.16792 8.39139243e-01
0.16851 8.37158187e-01
0.16909 8.35522837e-01
0.16967 8.33734820e-01
0.17026 8.32168213e-01
0.17085 8.30156096e-01
0.17144 8.28576199e-01
0.17204 8.26958869e-01
0.17263 8.25245966e-01
0.17323 8.23655168e-01
0.17383 8.21954261e-01
0.17443 8.20462720e-01
0.17503 8.18827868e-01
0.17564 8.17280028e-01
0.17625 8.15774052e-01
0.17686 8.14226112e-01
0.17747 8.12465074e-01
0.17808 8.10934308e-01
0.17870 8.09505636e-01
0.17932 8.07958692e-01
0.17994 8.06388850e-01
0.18056 8.04856590e-01
0.18119 8.03434788e-01
0.18182 8.01681913e-01
0.18244 8.00234674e-01
0.18308 7.98804956e-01
0.18371 7.97217493e-01
0.18435 7.95784889e-01
0.18498 7.94262535e-01
0.18562 7.92691499e-01
0.18627 7.91270642e-01
0.18691 7.89768747e-01
0.18756 7.88391893e-01
0.18821 7.86784818e-01
0.18886 7.85215175e-01
0.18951 7.83700089e-01
0.19017 7.82226119e-01
0.19083 7.80593060e-01
0.19149 7.78950492e-01
0.19215 7.77564928e-01
0.19282 7.75948295e-01
0.19348 7.74520868e-01
0.19415 7.73015637e-01
0.19483 7.71364857e-01
0.19550 7.70059236e-01
0.19618 7.68703886e-01
0.19686 7.66926969e-01
0.19754 7.65802340e-01
0.19822 7.64165497e-01
0.19891 7.62768036e-01
0.19960 7.61579442e-01
0.20029 7.59627207e-01
0.20098 7.58848135e-01
0.20168 7.56840100e-01
0.20237 7.55694265e-01
0.20307 7.54095701e-01
0.20378 7.52520334e-01
0.20448 7.51248761e-01
0.20519 7.49388814e-01
0.20590 7.48278421e-01
0.20661 7.46504142e-01
0.20733 7.45054414e-01
0.20805 7.43736597e-01
0.20877 7.41870578e-01
0.20949 7.40768249e-01
0.21021 7.39054400e-01
0.21094 7.37615374e-01
0.21167 7.36164252e-01
0.21240 7.34507598e-01
0.21314 7.33204267e-01
0.21388 7.31610233e-01
0.21462 7.29909426e-01
0.21536 7.28567915e-01
0.21611 7.26960889e-01
0.21685 7.25378254e-01
0.21760 7.23922204e-01
0.21836 7.22228964e-01
0.21911 7.20680875e-01
0.21987 7.19179428e-01
0.22063 7.17661604e-01
0.22140 7.16297195e-01
0.22216 7.14689074e-01
0.22293 7.13360754e-01
0.22370 7.11692302e-01
0.22448 7.10559211e-01
0.22526 7.08862734e-01
0.22604 7.07664135e-01
0.22682 7.06033116e-01
0.22760 7.04684537e-01
0.22839 7.03285931e-01
0.22918 7.01708672e-01
0.22998 7.00347001e-01
0.23077 6.98896825e-01
0.23157 6.97566663e-01
0.23237 6.95711097e-01
0.23318 6.94754169e-01
0.23398 6.93064910e-01
0.23479 6.91750130e-01
0.23561 6.90231012e-01
0.23642 6.88916978e-01
0.23724 6.87201636e-01
0.23806 6.86213596e-01
0.23889 6.84677703e-01
0.23971 6.83115726e-01
0.24054 6.81822052e-01
0.24137 6.80335140e-01
0.24221 6.78610688e-01
0.24305 6.77443698e-01
0.24389 6.75793116e-01
0.24473 6.74293860e-01
0.24558 6.72724018e-01
0.24643 6.71330937e-01
0.24728 6.69737550e-01
0.24814 6.68285234e-01
0.24900 6.66914105e-01
0.24986 6.65475876e-01
0.25073 6.63893490e-01
0.25159 6.62598322e-01
0.25246 6.60961579e-01
0.25334 6.59875029e-01
0.25422 6.58306034e-01
0.25510 6.56740622e-01
0.25598 6.55527886e-01
0.25687 6.53970887e-01
0.25775 6.52636892e-01
0.25865 6.51108516e-01
0.25954 6.49995385e-01
0.26044 6.48173867e-01
0.26134 6.47272292e-01
0.26225 6.45547243e-01
0.26315 6.44547804e-01
0.26406 6.42809614e-01
0.26498 6.42090923e-01
0.26590 6.40352484e-01
0.26682 6.39386546e-01
0.26774 6.37824071e-01
0.26867 6.36880932e-01
0.26960 6.35314027e-01
0.27053 6.34344007e-01
0.27147 6.32753109e-01
0.27241 6.31730076e-01
0.27335 6.30072526e-01
0.27430 6.29135609e-01
0.27525 6.27711118e-01
0.27620 6.26385984e-01
0.27715 6.25282062e-01
0.27811 6.23527296e-01
0.27908 6.22779932e-01
0.28004 6.21237568e-01
0.28101 6.19762304e-01
0.28198 6.18783922e-01
0.28296 6.17239964e-01
0.28394 6.16044501e-01
0.28492 6.14806976e-01
0.28591 6.13210354e-01
0.28690 6.12091150e-01
0.28789 6.10596075e-01
0.28889 6.09200156e-01
0.28989 6.08306645e-01
0.29089 6.05993771e-01
0.29190 6.05928761e-01
0.29291 6.03614592e-01
0.29392 6.02701966e-01
0.29494 6.01223417e-01
0.29596 5.99663929e-01
0.29699 5.99189298e-01
0.29801 5.96825998e-01
0.29905 5.96392782e-01
0.30008 5.94661113e-01
0.30112 5.93286300e-01
0.30216 5.92445902e-01
0.30321 5.90614329e-01
0.30426 5.89708324e-01
0.30531 5.88331570e-01
0.30637 5.86918727e-01
0.30743 5.85909831e-01
0.30849 5.84335111e-01
0.30956 5.83392420e-01
0.31063 5.82107755e-01
0.31171 5.80815175e-01
0.31279 5.79557988e-01
0.31387 5.78390300e-01
0.31496 5.77185778e-01
0.31605 5.75898624e-01
0.31714 5.74794503e-01
0.31824 5.73545678e-01
0.31934 5.72207452e-01
0.32044 5.71131456e-01
0.32155 5.69661269e-01
0.32267 5.68751879e-01
0.32378 5.67330176e-01
0.32490 5.66052779e-01
0.32603 5.64790862e-01
0.32716 5.63861013e-01
0.32829 5.62112917e-01
0.32943 5.61264654e-01
0.33057 5.59883022e-01
0.33171 5.58483918e-01
0.33286 5.57352220e-01
0.33401 5.55949532e-01
0.33517 5.54661184e-01
0.33633 5.53582649e-01
0.33749 5.51995932e-01
0.33866 5.50862642e-01
0.33983 5.49432825e-01
0.34101 5.48117995e-01
0.34219 5.46940501e-01
0.34337 5.45876501e-01
0.34456 5.43938204e-01
0.34576 5.43253710e-01
0.34695 5.41803783e-01
0.34815 5.40413291e-01
0.34936 5.39718592e-01
0.35057 5.37769593e-01
0.35178 5.36891015e-01
0.35300 5.35713472e-01
0.35422 5.34469177e-01
0.35545 5.32894955e-01
0.35668 5.32675086e-01
0.35791 5.30328213e-01
0.35915 5.29769657e-01
0.36039 5.28764892e-01
0.36164 5.26824903e-01
0.36289 5.26596025e-01
0.36415 5.25061326e-01
0.36541 5.23663716e-01
0.36668 5.22715100e-01
0.36795 5.21705308e-01
0.36922 5.20485852e-01
0.37050 5.18848562e-01
0.37178 5.18630286e-01
0.37307 5.16583972e-01
0.37436 5.15758407e-01
0.37565 5.14603115e-01
0.37695 5.13236715e-01
0.37826 5.12225778e-01
0.37957 5.11019612e-01
0.38088 5.09567396e-01
0.38220 5.08533262e-01
0.38352 5.07493803e-01
0.38485 5.06068366e-01
0.38618 5.04878080e-01
0.38752 5.03721145e-01
0.38886 5.02419556e-01
0.39021 5.01334748e-01
0.39156 4.99848434e-01
0.39291 4.98831872e-01
0.39427 4.97880121e-01
0.39564 4.96507499e-01
0.39701 4.94956921e-01
0.39838 4.94779264e-01
0.39976 4.92926535e-01
0.40115 4.91482631e-01
0.40253 4.90891918e-01
0.40393 4.90038628e-01
0.40533 4.88222336e-01
0.40673 4.87476366e-01
0.40814 4.86625614e-01
0.40955 4.85145771e-01
0.41097 4.84049564e-01
0.41239 4.83565077e-01
0.41382 4.81912206e-01
0.41525 4.81024768e-01
0.41669 4.79863801e-01
0.41813 4.79233564e-01
0.41958 4.77530916e-01
0.42103 4.76839900e-01
0.42249 4.75788146e-01
0.42395 4.74724843e-01
0.42542 4.73509618e-01
0.42689 4.72389319e-01
0.42837 4.71480676e-01
0.42985 4.70212039e-01
0.43134 4.69184576e-01
0.43283 4.68382656e-01
0.43433 4.67041842e-01
0.43583 4.65563940e-01
0.43734 4.65260644e-01
0.43886 4.63673081e-01
0.44037 4.62348594e-01
0.44190 4.61949127e-01
0.44343 4.60156978e-01
0.44496 4.59306375e-01
0.44650 4.58606450e-01
0.44805 4.57175637e-01
0.44960 4.56416775e-01
0.45116 4.55199708e-01
0.45272 4.53754361e-01
0.45429 4.53243093e-01
0.45586 4.52643968e-01
0.45744 4.50781532e-01
0.45902 4.49941333e-01
0.46061 4.49665863e-01
0.46220 4.48313600e-01
0.46380 4.46703239e-01
0.46541 4.46715982e-01
0.46702 4.45403940e-01
0.46864 4.44536114e-01
0.47026 4.43508352e-01
0.47189 4.41929152e-01
0.47352 4.42039360e-01
0.47516 4.41004878e-01
0.47680 4.38992064e-01
0.47845 4.38828345e-01
0.48011 4.38028615e-01
0.48177 4.37008818e-01
0.48344 4.35285710e-01
0.48511 4.34276167e-01
0.48679 4.34388665e-01
0.48848 4.33330588e-01
0.49017 4.31275563e-01
0.49186 4.30775794e-01
0.49357 4.29809707e-01
0.49528 4.29079317e-01
0.49699 4.28075449e-01
0.49871 4.26357120e-01
0.50044 4.25627826e-01
0.50217 4.26028587e-01
0.50391 4.23628949e-01
0.50565 4.22381319e-01
0.50740 4.22191168e-01
0.50916 4.21934215e-01
0.51092 4.20017820e-01
0.51269 4.18811307e-01
0.51446 4.18447580e-01
0.51625 4.17840690e-01
0.51803 4.16698290e-01
0.51983 4.15362652e-01
0.52163 4.14529522e-01
0.52343 4.14304228e-01
0.52524 4.13151474e-01
0.52706 4.11657742e-01
0.52889 4.11099435e-01
0.53072 4.10923371e-01
0.53255 4.09625564e-01
0.53440 4.07865671e-01
0.53625 4.07623552e-01
0.53810 4.06747463e-01
0.53997 4.05914233e-01
0.54183 4.04652316e-01
0.54371 4.04129650e-01
0.54559 4.02961316e-01
0.54748 4.02492956e-01
0.54938 4.00554261e-01
0.55128 4.00824704e-01
0.55319 3.99171982e-01
0.55510 3.98247808e-01
0.55702 3.98123015e-01
0.55895 3.95987200e-01
0.56089 3.95477127e-01
0.56283 3.95831993e-01
0.56478 3.94427314e-01
0.56673 3.92154859e-01
0.56869 3.91900096e-01
0.57066 3.92092139e-01
0.57264 3.91627314e-01
0.57462 3.88921045e-01
0.57661 3.87587349e-01
0.57860 3.88997255e-01
0.58061 3.88649259e-01
0.58262 3.85643527e-01
0.58463 3.84440050e-01
0.58666 3.84700039e-01
0.58869 3.84985415e-01
0.59073 3.83722453e-01
0.59277 3.81298027e-01
0.59482 3.80980395e-01
0.59688 3.81097721e-01
0.59895 3.79460380e-01
0.60102 3.79554361e-01
0.60310 3.77989148e-01
0.60519 3.76700551e-01
0.60728 3.75447644e-01
0.60939 3.75872498e-01
0.61150 3.75900124e-01
0.61361 3.73323179e-01
0.61574 3.72507271e-01
0.61787 3.71251328e-01
0.62001 3.71525753e-01
0.62215 3.71353572e-01
0.62431 3.69621703e-01
0.62647 3.67775346e-01
0.62864 3.67363285e-01
0.63081 3.67729152e-01
0.63300 3.66067570e-01
0.63519 3.65932473e-01
0.63739 3.64304292e-01
0.63959 3.63129785e-01
0.64181 3.62561572e-01
0.64403 3.62830919e-01
0.64626 3.61263467e-01
0.64849 3.60254521e-01
0.65074 3.60462244e-01
0.65299 3.58310400e-01
0.65525 3.56836032e-01
0.65752 3.57197767e-01
0.65980 3.57205035e-01
0.66208 3.56069056e-01
0.66437 3.53931001e-01
0.66667 3.53361792e-01
0.66898 3.52360960e-01
0.67130 3.52101070e-01
0.67362 3.52858638e-01
0.67595 3.51021241e-01
0.67829 3.47876978e-01
0.68064 3.47294628e-01
0.68299 3.48477596e-01
0.68536 3.48238962e-01
0.68773 3.46129927e-01
0.69011 3.44547492e-01
0.69250 3.44687268e-01
0.69490 3.43455516e-01
0.69730 3.42042773e-01
0.69972 3.41720811e-01
0.70214 3.42828167e-01
0.70457 3.41308452e-01
0.70701 3.37633259e-01
0.70946 3.37049067e-01
0.71191 3.38877504e-01
0.71438 3.39282098e-01
0.71685 3.36242716e-01
0.71933 3.33412402e-01
0.72182 3.34681685e-01
0.72432 3.35326706e-01
0.72683 3.32217287e-01
0.72934 3.31538567e-01
0.73187 3.32826368e-01
0.73440 3.30926400e-01
0.73694 3.30150315e-01
0.73949 3.28098823e-01
0.74205 3.27981298e-01
0.74462 3.27576007e-01
0.74720 3.27609806e-01
0.74979 3.26464868e-01
0.75238 3.25842596e-01
0.75499 3.23400199e-01
0.75760 3.22039424e-01
0.76022 3.22573788e-01
0.76285 3.24826133e-01
0.76549 3.23152953e-01
0.76814 3.18961316e-01
0.77080 3.17669383e-01
0.77347 3.19345749e-01
0.77615 3.20476452e-01
0.77884 3.18450048e-01
0.78153 3.16410752e-01
0.78424 3.15147740e-01
0.78695 3.15677675e-01
0.78968 3.16234140e-01
0.79241 3.13727680e-01
0.79515 3.12653924e-01
0.79790 3.12873095e-01
0.80067 3.12558848e-01
0.80344 3.12773092e-01
0.80622 3.09953628e-01
0.80901 3.09428324e-01
0.81181 3.09054492e-01
0.81462 3.08203641e-01
0.81744 3.08761003e-01
0.82027 3.08600469e-01
0.82311 3.06270023e-01
0.82596 3.05103829e-01
0.82882 3.04521429e-01
0.83169 3.04364530e-01
0.83457 3.04531733e-01
0.83745 3.04375232e-01
0.84035 3.03568036e-01
0.84326 3.00704320e-01
0.84618 3.00083790e-01
0.84911 3.00595904e-01
0.85205 2.99983388e-01
0.85500 3.00069056e-01
0.85796 3.00011513e-01
0.86093 2.97521081e-01
0.86391 2.96273550e-01
0.86690 2.96745493e-01
0.86990 2.95551524e-01
0.87291 2.94869319e-01
0.87593 2.95404032e-01
0.87897 2.95688562e-01
0.88201 2.93856441e-01
0.88506 2.92233785e-01
0.88813 2.90060238e-01
0.89120 2.90283093e-01
0.89428 2.91658951e-01
0.89738 2.92130396e-01
0.90049 2.91278500e-01
0.90360 2.87753486e-01
0.90673 2.86267570e-01
0.90987 2.86951268e-01
0.91302 2.87001892e-01
0.91618 2.87196174e-01
0.91935 2.85998919e-01
0.92253 2.84690510e-01
0.92573 2.84374820e-01
0.92893 2.84627442e-01
0.93215 2.82527666e-01
0.93537 2.80916508e-01
0.93861 2.81059470e-01
0.94186 2.81314731e-01
0.94512 2.81098795e-01
0.94839 2.80749454e-01
0.95168 2.79125902e-01
0.95497 2.77371982e-01
0.95828 2.76244117e-01
0.96159 2.76067406e-01
0.96492 2.77072668e-01
0.96826 2.76162830e-01
0.97161 2.75844999e-01
0.97498 2.74403385e-01
0.97835 2.73807047e-01
0.98174 2.71871588e-01
0.98514 2.70940843e-01
0.98855 2.70469298e-01
0.99197 2.71649728e-01
0.99540 2.72146709e-01
0.99885 2.70716843e-01
1.00231 2.68673216e-01
1.00578 2.66338937e-01
1.00926 2.65417102e-01
1.01275 2.65620544e-01
1.01626 2.66859513e-01
1.01978 2.67524245e-01
1.02330 2.66598727e-01
1.02685 2.63485724e-01
1.03040 2.60858951e-01
1.03397 2.60755364e-01
1.03755 2.61924345e-01
1.04114 2.63061717e-01
1.04474 2.62414706e-01
1.04836 2.59716452e-01
1.05199 2.58451499e-01
1.05563 2.57067428e-01
1.05928 2.56520569e-01
1.06295 2.57025365e-01
1.06663 2.57684772e-01
1.07032 2.57819769e-01
1.07403 2.54608604e-01
1.07775 2.52518834e-01
1.08148 2.51601778e-01
1.08522 2.53132295e-01
1.08898 2.54580032e-01
1.09275 2.52900380e-01
1.09653 2.52004729e-01
1.10032 2.49705493e-01
1.10413 2.48346510e-01
1.10796 2.47365490e-01
1.11179 2.46573426e-01
1.11564 2.47999659e-01
1.11950 2.49121799e-01
1.12338 2.49228124e-01
1.12726 2.47549867e-01
1.13117 2.44193202e-01
1.13508 2.40994631e-01
1.13901 2.40004402e-01
1.14295 2.42936263e-01
1.14691 2.45759260e-01
1.15088 2.45829148e-01
1.15487 2.43137166e-01
1.15886 2.39124480e-01
1.16287 2.38992270e-01
1.16690 2.39288747e-01
1.17094 2.37904676e-01
1.17499 2.37908011e-01
1.17906 2.36764914e-01
1.18314 2.37319737e-01
1.18724 2.40020828e-01
1.19135 2.38917504e-01
1.19547 2.35519275e-01
1.19961 2.33862123e-01
1.20376 2.30703872e-01
1.20793 2.32298055e-01
1.21211 2.36722901e-01
1.21630 2.34179854e-01
1.22052 2.32035328e-01
1.22474 2.31547008e-01
1.22898 2.31871260e-01
1.23323 2.32804594e-01
1.23750 2.31728896e-01
1.24179 2.27813525e-01
1.24609 2.27072334e-01
1.25040 2.29194261e-01
1.25473 2.30390770e-01
1.25907 2.29155634e-01
1.26343 2.28158884e-01
1.26780 2.25531762e-01
1.27219 2.26450809e-01
1.27659 2.27923484e-01
1.28101 2.26674958e-01
1.28545 2.24892117e-01
1.28990 2.23739214e-01
1.29436 2.24281792e-01
1.29884 2.27261440e-01
1.30334 2.24986745e-01
1.30785 2.23193301e-01
1.31238 2.21731627e-01
1.31692 2.24452181e-01
1.32148 2.23426261e-01
1.32605 2.22444892e-01
1.33064 2.20647019e-01
1.33525 2.20996658e-01
1.33987 2.21811669e-01
1.34451 2.21409216e-01
1.34916 2.21922624e-01
1.35383 2.23590777e-01
1.35852 2.18487708e-01
1.36322 2.16808356e-01
1.36794 2.19383012e-01
1.37268 2.20577778e-01
1.37743 2.20189810e-01
1.38220 2.20729052e-01
1.38698 2.19635136e-01
1.39178 2.17907100e-01
1.39660 2.14726052e-01
1.40144 2.16300821e-01
1.40629 2.19988956e-01
1.41115 2.23170603e-01
1.41604 2.17000398e-01
1.42094 2.13645724e-01
1.42586 2.13551296e-01
1.43080 2.15605376e-01
1.43575 2.20066112e-01
1.44072 2.21309461e-01
1.44571 2.18334990e-01
1.45071 2.12426219e-01
1.45573 2.08558286e-01
1.46077 2.15573618e-01
1.46583 2.21394880e-01
1.47090 2.18556900e-01
1.47599 2.11775076e-01
1.48110 2.13961415e-01
1.48623 2.14271780e-01
1.49137 2.16400924e-01
1.49654 2.17409223e-01
1.50172 2.16146560e-01
1.50692 2.13150983e-01
1.51213 2.10649899e-01
1.51737 2.11344846e-01
1.52262 2.15415076e-01
1.52789 2.16006187e-01
1.53318 2.14054101e-01
1.53849 2.12613781e-01
1.54381 2.13136597e-01
1.54916 2.13919652e-01
1.55452 2.16161045e-01
1.55990 2.14335844e-01
1.56530 2.12254137e-01
1.57072 2.09125653e-01
1.57615 2.11453362e-01
1.58161 2.12677995e-01
1.58709 2.10608434e-01
1.59258 2.10871310e-01
1.59809 2.15621753e-01
1.60362 2.19022272e-01
1.60918 2.15737785e-01
1.61475 2.11256391e-01
1.62034 2.05487495e-01
1.62594 2.05857195e-01
1.63157 2.09552100e-01
1.63722 2.14108857e-01
1.64289 2.12269468e-01
1.64857 2.08812203e-01
1.65428 2.10793657e-01
1.66001 2.17111652e-01
1.66575 2.15788210e-01
1.67152 2.10892018e-01
1.67731 2.08013269e-01
1.68311 2.09705614e-01
1.68894 2.05840220e-01
1.69478 2.02780729e-01
1.70065 2.03706048e-01
1.70654 2.07868665e-01
1.71245 2.16216498e-01
1.71837 2.20543132e-01
1.72432 2.16697550e-01
1.73029 2.07622116e-01
1.73628 2.04127516e-01
1.74229 2.03912626e-01
1.74832 2.04299996e-01
1.75437 2.05754254e-01
1.76045 2.06583004e-01
1.76654 2.07640882e-01
1.77266 2.06235307e-01
1.77879 2.07263915e-01
1.78495 2.09522133e-01
1.79113 2.14134343e-01
1.79733 2.13561600e-01
1.80355 2.08932864e-01
1.80979 2.02506005e-01
1.81606 1.98566244e-01
1.82234 1.98536078e-01
1.82865 2.02649963e-01
1.83498 2.03326692e-01
1.84133 2.03262528e-01
1.84771 2.07035932e-01
1.85410 2.09296889e-01
1.86052 2.10723719e-01
1.86696 2.08504875e-01
1.87342 2.04533156e-01
1.87991 2.01220046e-01
1.88642 1.99920548e-01
1.89295 1.98527068e-01
1.89950 1.98109881e-01
1.90607 2.00361678e-01
1.91267 2.02244075e-01
1.91929 1.99913828e-01
1.92594 1.96733874e-01
1.93260 2.00206670e-01
1.93929 2.07415189e-01
1.94601 2.10538396e-01
1.95274 2.06171840e-01
1.95950 1.99905365e-01
1.96629 1.95372501e-01
1.97309 1.92698290e-01
1.97992 1.91591780e-01
1.98678 1.93549291e-01
1.99365 1.97018702e-01
2.00055 1.97757355e-01
2.00748 1.96925220e-01
2.01443 1.96371392e-01
2.02140 1.97398009e-01
2.02840 2.00148679e-01
2.03542 2.01491534e-01
2.04247 1.99243221e-01
2.04954 1.95747577e-01
2.05663 1.92148544e-01
2.06375 1.89889180e-01
2.07090 1.89281444e-01
2.07806 1.89103538e-01
2.08526 1.88508743e-01
2.09247 1.88267321e-01
2.09972 1.89873600e-01
2.10699 1.94291079e-01
2.11428 1.99214201e-01
2.12160 1.99640846e-01
2.12894 1.95236708e-01
2.13631 1.89831388e-01
2.14371 1.86498816e-01
2.15113 1.84754752e-01
2.15857 1.83337977e-01
2.16605 1.82562091e-01
2.17354 1.83820075e-01
2.18107 1.85984512e-01
2.18862 1.86890916e-01
2.19619 1.86385173e-01
2.20380 1.86175360e-01
2.21143 1.87522148e-01
2.21908 1.89403449e-01
2.22676 1.90118158e-01
2.23447 1.88774556e-01
2.24220 1.85277518e-01
2.24997 1.80653511e-01
2.25775 1.77426069e-01
2.26557 1.76489102e-01
2.27341 1.76356345e-01
2.28128 1.76326180e-01
2.28918 1.77277035e-01
2.29710 1.79590507e-01
2.30505 1.82400612e-01
2.31303 1.84473109e-01
2.32104 1.84534187e-01
2.32908 1.82206876e-01
2.33714 1.78774948e-01
2.34523 1.75743929e-01
2.35335 1.74076821e-01
2.36149 1.73464953e-01
2.36967 1.72984100e-01
2.37787 1.72661241e-01
2.38610 1.72962795e-01
2.39436 1.73619264e-01
2.40265 1.74036850e-01
2.41097 1.73982642e-01
2.41931 1.73757198e-01
2.42769 1.73584569e-01
2.43609 1.73479189e-01
2.44452 1.73485860e-01
2.45298 1.73061703e-01
2.46148 1.71196181e-01
2.47000 1.68006023e-01
2.47855 1.65279296e-01
2.48713 1.64287723e-01
2.49574 1.64478322e-01
2.50438 1.64867733e-01
2.51304 1.65263516e-01
2.52174 1.66072007e-01
2.53047 1.67315655e-01
2.53923 1.68437397e-01
2.54802 1.68713216e-01
2.55684 1.67809600e-01
2.56569 1.65975140e-01
2.57457 1.63854805e-01
2.58349 1.62068779e-01
2.59243 1.60935090e-01
2.60140 1.60352043e-01
2.61041 1.60058254e-01
2.61944 1.59911360e-01
2.62851 1.59818151e-01
2.63761 1.59639474e-01
2.64674 1.59242347e-01
2.65590 1.58564124e-01
2.66510 1.57740850e-01
2.67432 1.57035449e-01
2.68358 1.56654828e-01
2.69287 1.56667740e-01
2.70219 1.56864079e-01
2.71154 1.56738953e-01
2.72093 1.55902512e-01
2.73035 1.54548820e-01
2.73980 1.53307058e-01
2.74928 1.52576998e-01
2.75880 1.52253392e-01
2.76835 1.52071788e-01
2.77793 1.51949763e-01
2.78755 1.51955313e-01
2.79720 1.52075198e-01
2.80688 1.52102969e-01
2.81660 1.51761727e-01
2.82635 1.50929020e-01
2.83613 1.49727265e-01
2.84595 1.48409861e-01
2.85580 1.47206150e-01
2.86569 1.46252169e-01
2.87561 1.45592215e-01
2.88556 1.45210892e-01
2.89555 1.45052111e-01
2.90557 1.44999999e-01
2.91563 1.44881443e-01
2.92572 1.44539061e-01
2.93585 1.43924918e-01
2.94601 1.43137040e-01
2.95621 1.42368964e-01
2.96644 1.41797162e-01
2.97671 1.41496698e-01
2.98702 1.41431644e-01
2.99736 1.41477997e-01
3.00773 1.41455418e-01
3.01814 1.41192009e-01
3.02859 1.40616587e-01
3.03907 1.39807554e-01
3.04960 1.38937523e-01
3.06015 1.38156794e-01
3.07074 1.37522809e-01
3.08137 1.37016594e-01
3.09204 1.36596365e-01
3.10274 1.36227447e-01
3.11348 1.35872621e-01
3.12426 1.35476106e-01
3.13508 1.34979921e-01
3.14593 1.34362935e-01
3.15682 1.33656484e-01
3.16775 1.32919584e-01
3.17871 1.32206517e-01
3.18972 1.31556415e-01
3.20076 1.30996156e-01
3.21184 1.30538121e-01
3.22295 1.30174006e-01
3.23411 1.29874289e-01
3.24531 1.29594881e-01
3.25654 1.29287937e-01
3.26781 1.28915126e-01
3.27912 1.28461825e-01
3.29047 1.27947237e-01
3.30187 1.27421195e-01
3.31330 1.26943378e-01
3.32476 1.26555052e-01
3.33627 1.26260203e-01
3.34782 1.26024132e-01
3.35941 1.25786782e-01
3.37104 1.25484944e-01
3.38271 1.25075930e-01
3.39442 1.24553627e-01
3.40617 1.23948817e-01
3.41796 1.23313419e-01
3.42979 1.22697424e-01
3.44166 1.22130415e-01
3.45358 1.21615509e-01
3.46553 1.21135880e-01
3.47753 1.20667720e-01
3.48957 1.20191929e-01
3.50164 1.19699477e-01
3.51377 1.19190768e-01
3.52593 1.18672497e-01
3.53814 1.18154295e-01
3.55038 1.17645830e-01
3.56267 1.17154549e-01
3.57500 1.16684870e-01
3.58738 1.16239026e-01
3.59980 1.15818194e-01
3.61226 1.15422670e-01
3.62476 1.15051293e-01
3.63731 1.14700997e-01
3.64990 1.14366923e-01
3.66254 1.14042731e-01
3.67521 1.13720902e-01
3.68794 1.13393409e-01
3.70070 1.13053447e-01
3.71351 1.12697511e-01
3.72637 1.12326761e-01
3.73927 1.11946121e-01
3.75221 1.11561483e-01
3.76520 1.11176208e-01
3.77823 1.10788867e-01
3.79131 1.10393178e-01
3.80443 1.09980277e-01
3.81760 1.09542327e-01
3.83082 1.09075919e-01
3.84408 1.08583791e-01
3.85739 1.08074246e-01
3.87074 1.07558344e-01
3.88414 1.07046509e-01
3.89758 1.06545729e-01
3.91107 1.06058450e-01
3.92461 1.05583276e-01
3.93820 1.05116853e-01
3.95183 1.04656160e-01
3.96551 1.04200101e-01
3.97924 1.03749990e-01
3.99301 1.03308840e-01
4.00683 1.02880084e-01
4.02070 1.02466386e-01
4.03462 1.02069055e-01
4.04859 1.01688105e-01
4.06260 1.01322801e-01
4.07667 1.00972171e-01
4.09078 1.00635255e-01
4.10494 1.00311073e-01
4.11915 9.99983388e-02
4.13341 9.96952768e-02
4.14771 9.93996167e-02
4.16207 9.91087104e-02
4.17648 9.88197056e-02
4.19094 9.85297252e-02
4.20545 9.82359417e-02
4.22000 9.79357020e-02
4.23461 9.76266816e-02
4.24927 9.73070585e-02
4.26398 9.69757077e-02
4.27874 9.66322012e-02
4.29355 9.62767481e-02
4.30841 9.59099456e-02
4.32332 9.55325056e-02
4.33829 9.51451200e-02
4.35331 9.47483961e-02
4.36838 9.43429710e-02
4.38350 9.39296711e-02
4.39867 9.35096811e-02
4.41390 9.30845540e-02
4.42918 9.26561515e-02
4.44451 9.22263950e-02
4.45990 9.17970965e-02
4.47533 9.13698091e-02
4.49083 9.09457323e-02
4.50637 9.05257970e-02
4.52197 9.01107598e-02
4.53762 8.97013177e-02
4.55333 8.92982421e-02
4.56909 8.89024043e-02
4.58491 8.85147349e-02
4.60078 8.81361600e-02
4.61670 8.77675058e-02
4.63269 8.74093995e-02
4.64872 8.70621895e-02
4.66481 8.67259456e-02
4.68096 8.64005184e-02
4.69717 8.60854748e-02
4.71343 8.57802276e-02
4.72974 8.54840249e-02
4.74611 8.51959410e-02
4.76254 8.49148857e-02
4.77903 8.46396096e-02
4.79557 8.43687239e-02
4.81217 8.41007502e-02
4.82883 8.38341902e-02
4.84555 8.35675655e-02
4.86232 8.32994873e-02
4.87915 8.30286663e-02
4.89604 8.27540025e-02
4.91299 8.24745451e-02
4.92999 8.21895424e-02
4.94706 8.18984420e-02
4.96418 8.16008754e-02
4.98137 8.12967033e-02
4.99861 8.09859556e-02
5.01591 8.06688014e-02
5.03328 8.03455644e-02
5.05070 8.00166827e-02
5.06818 7.96826738e-02
5.08573 7.93441102e-02
5.10333 7.90016491e-02
5.12100 7.86559474e-02
5.13873 7.83077269e-02
5.15651 7.79577244e-02
5.17436 7.76066766e-02
5.19228 7.72553152e-02
5.21025 7.69043719e-02
5.22828 7.65545636e-02
5.24638 7.62065671e-02
5.26454 7.58610347e-02
5.28277 7.55185934e-02
5.30105 7.51798258e-02
5.31940 7.48452992e-02
5.33782 7.45155015e-02
5.35629 7.41909056e-02
5.37484 7.38719246e-02
5.39344 7.35589070e-02
5.41211 7.32521266e-02
5.43084 7.29518123e-02
5.44965 7.26580985e-02
5.46851 7.23710350e-02
5.48744 7.20906169e-02
5.50643 7.18167196e-02
5.52550 7.15491641e-02
5.54462 7.12876665e-02
5.56381 7.10318784e-02
5.58308 7.07813767e-02
5.60240 7.05356686e-02
5.62179 7.02941767e-02
5.64125 7.00562937e-02
5.66078 6.98213625e-02
5.68038 6.95886962e-02
5.70004 6.93575879e-02
5.71977 6.91273109e-02
5.73957 6.88971833e-02
5.75944 6.86665031e-02
5.77938 6.84346432e-02
5.79938 6.82010112e-02
5.81946 6.79650695e-02
5.83960 6.77263552e-02
5.85982 6.74844651e-02
5.88010 6.72390855e-02
5.90045 6.69899876e-02
5.92088 6.67370020e-02
5.94137 6.64800540e-02
5.96194 6.62191239e-02
5.98258 6.59542613e-02
6.00329 6.56856107e-02
6.02407 6.54133262e-02
6.04492 6.51376370e-02
6.06585 6.48588267e-02
6.08684 6.45771940e-02
6.10791 6.42930873e-02
6.12906 6.40068800e-02
6.15027 6.37189604e-02
6.17156 6.34297465e-02
6.19293 6.31396715e-02
6.21436 6.28491484e-02
6.23588 6.25586453e-02
6.25746 6.22686002e-02
6.27912 6.19794361e-02
6.30086 6.16916110e-02
6.32267 6.14055282e-02
6.34455 6.11216206e-02
6.36652 6.08402667e-02
6.38856 6.05618496e-02
6.41067 6.02867129e-02
6.43286 6.00152000e-02
6.45513 5.97475897e-02
6.47747 5.94841607e-02
6.49990 5.92251470e-02
6.52240 5.89707527e-02
6.54497 5.87211371e-02
6.56763 5.84764245e-02
6.59037 5.82367196e-02
6.61318 5.80020473e-02
6.63607 5.77724423e-02
6.65904 5.75478549e-02
6.68209 5.73282304e-02
6.70522 5.73480270e-02
6.72843 5.81704206e-02
6.75172 5.90396452e-02
6.77510 5.99186212e-02
6.79855 6.08695908e-02
6.82208 6.17639829e-02
6.84570 6.27233301e-02
6.86939 6.37442076e-02
6.89317 6.47326151e-02
6.91704 6.57639161e-02
6.94098 6.68409131e-02
6.96500 6.79034297e-02
6.98911 6.89873159e-02
7.01331 7.01090034e-02
7.03759 7.12531058e-02
7.06195 7.24086372e-02
7.08639 7.35940153e-02
7.11092 7.48134613e-02
7.13554 7.60245796e-02
7.16024 7.73117881e-02
7.18502 7.85708174e-02
7.20990 7.98539392e-02
7.23485 8.12246549e-02
7.25990 8.25975260e-02
7.28503 8.40376270e-02
7.31025 8.55197106e-02
7.33555 8.70140743e-02
7.36094 8.85715364e-02
7.38642 9.01950585e-02
7.41199 9.18773732e-02
7.43765 9.35758407e-02
7.46340 9.54126059e-02
7.48923 9.72547620e-02
7.51516 9.91954084e-02
7.54117 1.01204116e-01
7.56727 1.03321364e-01
7.59347 1.05522647e-01
7.61975 1.07791538e-01
7.64613 1.10178357e-01
7.67260 1.12651103e-01
7.69916 1.15253744e-01
7.72581 1.17937976e-01
7.75255 1.20772383e-01
7.77939 1.23699610e-01
7.80632 1.26776165e-01
7.83334 1.30012293e-01
7.86046 1.33396599e-01
7.88767 1.36946049e-01
7.91497 1.40661392e-01
7.94237 1.44596580e-01
7.96986 1.48730898e-01
7.99745 1.53131756e-01
8.02513 1.57799851e-01
8.05291 1.62759515e-01
8.08079 1.68018263e-01
8.10876 1.73663845e-01
8.13683 1.79718874e-01
8.16500 1.86255796e-01
8.19326 1.93279754e-01
8.22162 2.00932729e-01
8.25008 2.09255076e-01
8.27864 2.18381483e-01
8.30730 2.28427086e-01
8.33605 2.39606130e-01
8.36491 2.52106823e-01
8.39386 2.66249685e-01
8.42292 2.82415467e-01
8.45208 3.01165063e-01
8.48133 3.23285212e-01
8.51069 3.49936633e-01
8.54016 3.82865081e-01
8.56972 4.24958613e-01
8.59938 4.80835762e-01
8.62915 5.58143538e-01
8.65902 6.66761237e-01
8.68899 8.06222393e-01
8.71907 9.38102443e-01
8.74925 1.00610023e+00
8.77954 1.06196289e+00
8.80993 1.17041882e+00
8.84043 1.30068139e+00
8.87103 1.39895332e+00
8.90174 1.39712917e+00
8.93255 1.29253157e+00
8.96347 1.17220962e+00
8.99450 1.08994507e+00
9.02563 1.05217524e+00
9.05688 1.04426505e+00
9.08823 1.04943149e+00
9.11969 1.06633139e+00
9.15126 1.09750746e+00
9.18294 1.14064344e+00
9.21472 1.18704997e+00
9.24662 1.22517268e+00
9.27863 1.25014012e+00
9.31075 1.27682842e+00
9.34298 1.32646528e+00
9.37532 1.38525951e+00
9.40777 1.43398418e+00
9.44034 1.48447911e+00
9.47302 1.55772587e+00
9.50581 1.63959199e+00
9.53871 1.70805072e+00
9.57173 1.76405092e+00
9.60487 1.81187876e+00
9.63811 1.85744633e+00
9.67148 1.87756800e+00
9.70495 1.84804779e+00
9.73855 1.81620693e+00
9.77226 1.81305744e+00
9.80609 1.82694908e+00
9.84003 1.84442486e+00
9.87409 1.86362400e+00
9.90827 1.88058652e+00
9.94257 1.88626617e+00
9.97699 1.83448583e+00
10.01153 1.73268231e+00
10.04618 1.63701440e+00
10.08096 1.56748848e+00
10.11585 1.52120491e+00
10.15087 1.49812220e+00
10.18601 1.51235765e+00
10.22127 1.56172885e+00
10.25665 1.61700503e+00
10.29215 1.61492471e+00
10.32778 1.56198371e+00
10.36353 1.52303897e+00
10.39941 1.49926928e+00
10.43540 1.48120533e+00
10.47153 1.46807066e+00
10.50777 1.46526992e+00
10.54415 1.47863301e+00
10.58065 1.51133427e+00
10.61727 1.56083046e+00
10.65403 1.61598229e+00
10.69091 1.66920619e+00
10.72791 1.71246606e+00
10.76505 1.75205682e+00
10.80231 1.79601657e+00
10.83971 1.84057863e+00
10.87723 1.87030667e+00
10.91488 1.88290826e+00
10.95266 1.88481360e+00
10.99058 1.87929106e+00
11.02862 1.86333185e+00
11.06680 1.83183616e+00
11.10511 1.78596375e+00
11.14355 1.73571806e+00
11.18212 1.69402041e+00
11.22083 1.66650151e+00
11.25967 1.64761841e+00
11.29865 1.62854780e+00
11.33776 1.61132444e+00
11.37701 1.60152050e+00
11.41639 1.59076940e+00
11.45591 1.56653489e+00
11.49556 1.52483480e+00
11.53536 1.46641495e+00
11.57529 1.39742290e+00
11.61536 1.33018776e+00
11.65556 1.27553510e+00
11.69591 1.23536095e+00
11.73640 1.20102135e+00
11.77702 1.16222081e+00
11.81779 1.11622157e+00
11.85870 1.06755513e+00
11.89975 1.02180836e+00
11.94094 9.81660288e-01
11.98227 9.46360576e-01
12.02375 9.16748523e-01
12.06537 8.91626375e-01
12.10714 8.65796636e-01
12.14905 8.41041700e-01
12.19110 8.22512619e-01
12.23330 8.07799900e-01
12.27565 7.89602041e-01
12.31814 7.62198229e-01
12.36078 7.26196501e-01
12.40357 6.87232896e-01
12.44651 6.50519296e-01
12.48959 6.18934948e-01
12.53283 5.93131243e-01
12.57621 5.72497906e-01
12.61974 5.55796068e-01
12.66343 5.41352000e-01
12.70726 5.27656590e-01
12.75125 5.13520448e-01
12.79539 4.98601451e-01
12.83968 4.83138930e-01
12.88413 4.67946951e-01
12.92873 4.53738880e-01
12.97348 4.41337244e-01
13.01839 4.31408021e-01
13.06345 4.24531868e-01
13.10867 4.21304676e-01
13.15405 4.22690837e-01
13.19959 4.30142222e-01
13.24528 4.46465799e-01
13.29113 4.77063801e-01
13.33713 5.32187214e-01
13.38330 6.20727545e-01
13.42963 6.98934009e-01
13.47612 6.79693006e-01
13.52277 6.26255915e-01
13.56958 6.16775787e-01
13.61655 6.56802396e-01
13.66368 7.36802354e-01
13.71098 8.41957412e-01
13.75844 9.34382848e-01
13.80607 9.76502564e-01
13.85386 9.62310820e-01
13.90182 9.06629547e-01
13.94994 8.27805241e-01
13.99823 7.47565852e-01
14.04668 6.82582706e-01
14.09531 6.44066553e-01
14.14410 6.33852153e-01
14.19306 6.50436068e-01
14.24219 6.90909433e-01
14.29149 7.48190165e-01
14.34096 8.11107435e-01
14.39060 8.70094649e-01
14.44042 9.11823659e-01
14.49041 9.20775296e-01
14.54057 8.92348004e-01
14.59090 8.35572117e-01
14.64141 7.69636075e-01
14.69209 7.22159872e-01
14.74295 7.18496178e-01
14.79398 6.99155022e-01
14.84519 6.25213618e-01
14.89658 5.94301817e-01
14.94814 5.94651904e-01
14.99989 6.16433664e-01
15.05181 6.57303310e-01
15.10392 7.17951111e-01
15.15620 7.98377614e-01
15.20866 8.95251193e-01
15.26131 9.99301682e-01
15.31414 1.09559883e+00
15.36715 1.16818668e+00
15.42034 1.21333995e+00
15.47372 1.23546578e+00
15.52729 1.23256134e+00
15.58103 1.20413405e+00
15.63497 1.15936257e+00
15.68909 1.10503969e+00
15.74340 1.03953248e+00
15.79790 9.62873109e-01
15.85258 8.83504633e-01
15.90746 8.13923214e-01
15.96252 7.61231694e-01
16.01778 7.26867108e-01
16.07323 7.09978404e-01
16.12886 7.08887076e-01
16.18470 7.21649451e-01
16.24072 7.41932004e-01
16.29694 7.59943694e-01
16.35335 7.65845497e-01
16.40996 7.55406848e-01
16.46677 7.31107228e-01
16.52377 6.99333973e-01
16.58097 6.68277867e-01
16.63836 6.45769351e-01
16.69596 6.36084139e-01
16.75375 6.39856747e-01
16.81175 6.56652516e-01
16.86994 6.85654044e-01
16.92834 7.25701312e-01
16.98694 7.74993756e-01
17.04574 8.32862564e-01
17.10474 9.01232740e-01
17.16395 9.82863417e-01
17.22337 1.07724049e+00
17.28299 1.17615113e+00
17.34281 1.26496449e+00
17.40285 1.33463028e+00
17.46309 1.39435017e+00
17.52354 1.46956499e+00
17.58420 1.58400749e+00
17.64507 1.73703891e+00
17.70615 1.89193775e+00
17.76744 1.99155214e+00
17.82894 2.01117205e+00
17.89066 1.98152341e+00
17.95259 1.96242716e+00
18.01473 1.96823424e+00
18.07709 1.98059655e+00
18.13967 1.98674759e+00
18.20246 1.99444124e+00
18.26547 2.00166699e+00
18.32870 1.98358969e+00
18.39214 1.93397419e+00
18.45581 1.88520740e+00
18.51969 1.86316181e+00
18.58380 1.84856050e+00
18.64813 1.82183187e+00
18.71268 1.79233729e+00
18.77746 1.77087745e+00
18.84246 1.75929490e+00
18.90768 1.75987327e+00
18.97313 1.77641622e+00
19.03881 1.81152633e+00
19.10472 1.85982571e+00
19.17085 1.90110990e+00
19.23721 1.91117099e+00
19.30380 1.87771534e+00
19.37062 1.80869348e+00
19.43768 1.72255054e+00
19.50496 1.63580435e+00
19.57248 1.55995935e+00
19.64023 1.50180073e+00
19.70822 1.46250386e+00
19.77644 1.44254228e+00
19.84490 1.44243630e+00
19.91359 1.46139785e+00
19.98252 1.48820209e+00
20.05169 1.50294816e+00
20.12110 1.49575278e+00
20.19076 1.47560254e+00
20.26065 1.45476188e+00
20.33078 1.43981998e+00
20.40116 1.43382390e+00
20.47178 1.43633957e+00
20.54264 1.44608939e+00
20.61375 1.46093188e+00
20.68511 1.47966172e+00
20.75671 1.50337047e+00
20.82856 1.53040225e+00
20.90066 1.55605722e+00
20.97301 1.57908491e+00
21.04561 1.60569129e+00
21.11846 1.63947253e+00
21.19157 1.67914980e+00
21.26492 1.72598849e+00
21.33853 1.77617525e+00
21.41240 1.82469529e+00
21.48652 1.86558619e+00
21.56090 1.88951078e+00
21.63553 1.88949948e+00
21.71043 1.86945323e+00
21.78558 1.84424158e+00
21.86099 1.83251030e+00
21.93666 1.84482433e+00
22.01260 1.88809401e+00
22.08880 1.95551004e+00
22.16526 2.03368156e+00
22.24199 2.10702364e+00
22.31898 2.16100964e+00
22.39624 2.19358023e+00
22.47377 2.20226944e+00
22.55156 2.19135865e+00
22.62962 2.16293305e+00
22.70796 2.11176896e+00
22.78656 2.04740729e+00
22.86544 2.00054549e+00
22.94459 1.98190770e+00
23.02402 1.98369124e+00
23.10372 1.98335076e+00
23.18369 1.96833380e+00
23.26394 1.93785636e+00
23.34447 1.89833330e+00
23.42528 1.86586076e+00
23.50637 1.85401664e+00
23.58774 1.85614354e+00
23.66939 1.86815930e+00
23.75133 1.88163445e+00
23.83354 1.89720319e+00
23.91604 1.91453382e+00
23.99883 1.93720820e+00
24.08191 1.96694261e+00
24.16527 2.00419938e+00
24.24892 2.04490989e+00
24.33286 2.07845732e+00
24.41709 2.09301234e+00
24.50161 2.07756033e+00
24.58642 2.02925224e+00
24.67153 1.95644597e+00
24.75693 1.87354615e+00
24.84263 1.79669001e+00
24.92863 1.73287127e+00
25.01492 1.68724386e+00
25.10151 1.65592717e+00
25.18840 1.63370204e+00
25.27559 1.61974350e+00
25.36309 1.61006401e+00
25.45088 1.60234741e+00
25.53898 1.59032021e+00
25.62739 1.56403764e+00
25.71610 1.51867316e+00
25.80512 1.46231974e+00
25.89444 1.40885173e+00
25.98408 1.37259390e+00
26.07403 1.36028594e+00
26.16428 1.37164274e+00
26.25485 1.40885960e+00
26.34574 1.47270841e+00
26.43694 1.55555730e+00
26.52845 1.64545880e+00
26.62028 1.71537951e+00
26.71243 1.74951337e+00
26.80489 1.75580469e+00
26.89768 1.76023446e+00
26.99079 1.77887937e+00
27.08422 1.81011886e+00
27.17798 1.84722556e+00
27.27205 1.88388281e+00
27.36646 1.91697109e+00
27.46119 1.94824249e+00
27.55625 1.98308395e+00
27.65164 2.02578084e+00
27.74736 2.07497372e+00
27.84341 2.12815879e+00
27.93979 2.18252459e+00
28.03650 2.23530446e+00
28.13355 2.28327630e+00
28.23094 2.32549931e+00
28.32867 2.36185451e+00
28.42673 2.39396764e+00
28.52513 2.42065849e+00
28.62387 2.44222073e+00
28.72295 2.45914069e+00
28.82238 2.47248164e+00
28.92215 2.48391908e+00
29.02227 2.49332508e+00
29.12273 2.50032932e+00
29.22354 2.50270720e+00
29.32470 2.49754923e+00
29.42621 2.48224704e+00
29.52807 2.45501262e+00
29.63029 2.41508238e+00
29.73286 2.36425131e+00
29.83578 2.30666439e+00
29.93906 2.24725655e+00
30.04269 2.19048873e+00
30.14669 2.13683282e+00
30.25104 2.08547918e+00
30.35576 2.03396938e+00
30.46084 1.97842619e+00
30.56628 1.91612796e+00
30.67209 1.84871132e+00
30.77826 1.78270549e+00
30.88481 1.72308964e+00
30.99172 1.67155918e+00
31.09900 1.62765324e+00
31.20665 1.58944173e+00
31.31467 1.55480804e+00
31.42307 1.52127131e+00
31.53184 1.48529626e+00
31.64099 1.44331438e+00
31.75052 1.39424106e+00
31.86043 1.34188036e+00
31.97072 1.29312860e+00
32.08139 1.25366294e+00
32.19244 1.22584304e+00
32.30388 1.20846258e+00
32.41570 1.19864311e+00
32.52791 1.19436775e+00
32.64051 1.19504423e+00
32.75349 1.19961582e+00
32.86687 1.20588120e+00
32.98064 1.21239019e+00
33.09481 1.21984004e+00
33.20937 1.23072843e+00
33.32433 1.24803825e+00
33.43968 1.27394903e+00
33.55544 1.30849605e+00
33.67159 1.34824913e+00
33.78815 1.38753604e+00
33.90511 1.41990832e+00
34.02247 1.44148898e+00
34.14024 1.45221619e+00
34.25842 1.45534209e+00
34.37701 1.45548843e+00
34.49601 1.45696380e+00
34.61542 1.46276410e+00
34.73525 1.47406301e+00
34.85549 1.49015079e+00
34.97614 1.50846608e+00
35.09721 1.52509056e+00
35.21871 1.53627697e+00
35.34062 1.54040395e+00
35.46295 1.53858238e+00
35.58571 1.53327268e+00
35.70889 1.52590044e+00
35.83250 1.51656806e+00
35.95654 1.50483887e+00
36.08101 1.49148424e+00
36.20590 1.47852206e+00
36.33123 1.46758797e+00
36.45700 1.45762773e+00
36.58320 1.44476809e+00
36.70983 1.42427065e+00
36.83691 1.39304878e+00
36.96442 1.35104729e+00
37.09238 1.30119773e+00
37.22077 1.24841492e+00
37.34962 1.19756099e+00
37.47890 1.15093672e+00
37.60864 1.10653150e+00
37.73883 1.05799158e+00
37.86946 9.97834188e-01
38.00055 9.23496478e-01
38.13209 8.38837609e-01
38.26409 7.52094446e-01
38.39654 6.71086045e-01
38.52946 6.00265254e-01
38.66283 5.40810786e-01
38.79667 4.92016070e-01
38.93096 4.52452971e-01
39.06573 4.20627952e-01
39.20096 3.95568086e-01
39.33665 3.75806054e-01
39.47282 3.60426180e-01
39.60946 3.48855823e-01
39.74657 3.40694602e-01
39.88416 3.35680457e-01
40.02222 3.33665153e-01
40.16076 3.34626805e-01
40.29978 3.39214788e-01
40.43928 3.47244551e-01
40.57926 3.59101568e-01
40.71973 3.75300452e-01
40.86069 3.96464071e-01
41.00213 4.23277120e-01
41.14406 4.56959801e-01
41.28648 4.98713799e-01
41.42940 5.46274873e-01
41.57281 5.96909077e-01
41.71672 6.46942613e-01
41.86113 6.92751659e-01
42.00603 7.31646172e-01
42.15144 7.70672548e-01
42.29735 8.22289116e-01
42.44377 8.88146908e-01
42.59069 9.54940124e-01
42.73812 9.98599367e-01
42.88606 1.00241165e+00
43.03451 1.02650479e+00
43.18348 1.08242490e+00
43.33297 1.17346457e+00
43.48297 1.29546642e+00
43.63349 1.45607596e+00
43.78453 1.56591506e+00
43.93609 1.58097876e+00
44.08818 1.50472592e+00
44.24079 1.41961234e+00
44.39394 1.35440759e+00
44.54761 1.29250643e+00
44.70182 1.23231908e+00
44.85655 1.17349613e+00
45.01183 1.11683772e+00
45.16764 1.06295526e+00
45.32399 1.01405328e+00
45.48089 9.71969023e-01
45.63832 9.39235012e-01
45.79630 9.18133983e-01
45.95483 9.07239882e-01
46.11391 9.06038057e-01
46.27353 9.13110066e-01
46.43371 9.22855007e-01
46.59445 9.30169259e-01
46.75574 9.28078527e-01
46.91759 9.08479742e-01
47.08000 8.69615100e-01
47.24297 8.12947336e-01
47.40650 7.43776335e-01
47.57060 6.73777699e-01
47.73527 6.07541232e-01
47.90051 5.48177295e-01
48.06633 4.98333980e-01
48.23271 4.60557923e-01
48.39967 4.30837110e-01
48.56721 4.08577882e-01
48.73533 3.94954789e-01
48.90403 3.87898032e-01
49.07332 3.85576148e-01
49.24319 3.87844910e-01
49.41365 3.93522752e-01
49.58470 3.99545515e-01
49.75634 4.05253836e-01
49.92858 4.05982284e-01
50.10141 4.01666839e-01
50.27484 3.92734362e-01
50.44887 3.75976937e-01
50.62350 3.55169726e-01
50.79874 3.32075545e-01
50.97458 3.07630659e-01
51.15104 2.85000068e-01
51.32810 2.64483321e-01
51.50578 2.48189591e-01
51.68407 2.39159509e-01
51.86298 2.36987221e-01
52.04250 2.46992953e-01
52.22265 2.76796302e-01
52.40343 3.04165020e-01
52.58482 3.10888336e-01
52.76685 2.70370006e-01
52.94951 2.16868124e-01
53.13280 1.75843499e-01
53.31672 1.48329963e-01
53.50128 1.28515256e-01
53.68648 1.16643903e-01
53.87232 1.07477166e-01
54.05880 1.00311536e-01
54.24593 9.59249934e-02
54.43371 9.27375929e-02
54.62214 9.09478926e-02
54.81122 9.22414379e-02
55.00095 9.60861340e-02
55.19134 1.05009443e-01
55.38239 1.27810079e-01
55.57410 1.59849173e-01
55.76647 2.22850352e-01
55.95951 2.39968084e-01
56.15322 2.12766669e-01
56.34760 1.59373581e-01
56.54265 1.09107876e-01
56.73838 8.63672320e-02
56.93479 7.13363342e-02
57.13187 6.16296825e-02
57.32964 5.61844466e-02
57.52809 5.15516188e-02
57.72723 4.82757234e-02
57.92705 4.55871161e-02
58.12757 4.32655452e-02
58.32879 4.14411349e-02
58.53070 3.97399495e-02
58.73331 3.82857067e-02
58.93662 3.69588750e-02
59.14063 3.57348245e-02
59.34535 3.46476181e-02
59.55078 3.36053362e-02
59.75692 3.26641678e-02
59.96377 3.17641154e-02
60.17134 3.09277696e-02
60.37963 3.01155048e-02
60.58864 2.93267510e-02
60.79837 2.85607516e-02
61.00883 2.78167849e-02
61.22002 2.70941554e-02
61.43194 2.63921877e-02
61.64459 2.57102237e-02
61.85797 2.50476397e-02
62.07210 2.44038273e-02
62.28697 2.37782003e-02
62.50258 2.31701877e-02
62.71894 2.25792433e-02
62.93605 2.20048476e-02
63.15390 2.14464863e-02
63.37252 2.09036656e-02
63.59189 2.03759076e-02
63.81201 1.98627555e-02
64.03290 1.93637567e-02
64.25456 1.88784955e-02
64.47698 1.84065459e-02
64.70017 1.79475077e-02
64.92414 1.75009921e-02
65.14888 1.70666342e-02
65.37440 1.66440562e-02
65.60070 1.62329156e-02
65.82778 1.58328661e-02
66.05565 1.54435844e-02
66.28430 1.50647546e-02
66.51375 1.46960626e-02
66.74400 1.43372126e-02
66.97504 1.39879204e-02
67.20688 1.36479049e-02
67.43952 1.33168946e-02
67.67297 1.29946263e-02
67.90722 1.26808516e-02
68.14229 1.23753195e-02
68.37817 1.20778022e-02
68.61486 1.17880602e-02
68.85238 1.15058775e-02
69.09072 1.12310345e-02
69.32988 1.09633251e-02
69.56987 1.07025443e-02
69.81069 1.04484954e-02
70.05235 1.02009919e-02
70.29484 9.95984690e-03
70.53817 9.72488235e-03
70.78235 9.49592348e-03
71.02737 9.27281003e-03
71.27323 9.05536974e-03
71.51995 8.84345031e-03
71.76752 8.63689742e-03
72.01595 8.43556324e-03
72.26524 8.23930389e-03
72.51539 8.04797902e-03
72.76641 7.86145422e-03
73.01830 7.67959858e-03
73.27106 7.50228366e-03
73.52469 7.32938652e-03
73.77920 7.16078770e-03
74.03460 6.99637020e-03
74.29087 6.83602105e-03
74.54804 6.67963172e-03
74.80609 6.52709468e-03
75.06504 6.37830791e-03
75.32488 6.23316935e-03
75.58563 6.09158393e-03
75.84727 5.95345508e-03
76.10982 5.81869269e-03
76.37328 5.68720718e-03
76.63766 5.55891093e-03
76.90295 5.43372231e-03
77.16915 5.31155719e-03
77.43628 5.19233742e-03
77.70433 5.07598734e-03
77.97331 4.96242980e-03
78.24322 4.85159260e-03
78.51407 4.74340608e-03
78.78585 4.63780103e-03
79.05857 4.53471125e-03
79.33224 4.43407054e-03
79.60686 4.33581717e-03
79.88242 4.23989042e-03
80.15894 4.14622855e-03
80.43642 4.05477632e-03
80.71486 3.96547499e-03
80.99426 3.87827079e-03
81.27463 3.79311196e-03
81.55596 3.70994425e-03
81.83828 3.62871936e-03
82.12157 3.54938752e-03
82.40584 3.47190094e-03
82.69109 3.39621383e-03
82.97733 3.32228114e-03
83.26457 3.25005836e-03
83.55279 3.17950324e-03
83.84202 3.11057461e-03
84.13225 3.04323219e-03
84.42348 2.97743647e-03
84.71572 2.91314842e-03
85.00897 2.85033205e-03
85.30323 2.78895093e-03
85.59852 2.72896950e-03
85.89482 2.67035343e-03
86.19215 2.61306961e-03
86.49052 2.55708609e-03
86.78991 2.50236966e-03
87.09034 2.44889120e-03
87.39181 2.39661990e-03
87.69432 2.34552595e-03
87.99789 2.29558182e-03
88.30250 2.24675982e-03
88.60816 2.19903274e-03
88.91489 2.15237414e-03
89.22267 2.10675793e-03
89.53153 2.06216082e-03
89.84145 2.01855689e-03
90.15244 1.97592341e-03
90.46451 1.93423652e-03
90.77766 1.89347449e-03
91.09190 1.85361563e-03
91.40722 1.81463754e-03
91.72363 1.77652021e-03
92.04114 1.73924377e-03
92.35975 1.70278742e-03
92.67946 1.66713239e-03
93.00028 1.63225993e-03
93.32221 1.59815184e-03
93.64525 1.56479088e-03
93.96941 1.53215841e-03
94.29469 1.50023806e-03
94.62110 1.46901380e-03
94.94864 1.43846871e-03
95.27731 1.40858771e-03
95.60712 1.37935536e-03
95.93807 1.35075644e-03
96.27017 1.32277645e-03
96.60342 1.29540161e-03
96.93782 1.26861773e-03
97.27338 1.24241147e-03
97.61010 1.21676905e-03
97.94798 1.19167846e-03
98.28704 1.16712671e-03
98.62727 1.14310112e-03
98.96867 1.11959058e-03
99.31126 1.09658329e-03
99.65504 1.07406785e-03
100.00000 1.05203273e-03
