        2000  0.100000 2.800000
0.10000 3.35486430e-01
0.10035 3.35016789e-01
0.10069 3.34407858e-01
0.10104 3.33572997e-01
0.10139 3.32498320e-01
0.10174 3.31243596e-01
0.10210 3.29917106e-01
0.10245 3.28627463e-01
0.10280 3.27438969e-01
0.10316 3.26355319e-01
0.10352 3.25333468e-01
0.10387 3.24311232e-01
0.10423 3.23233269e-01
0.10459 3.22069701e-01
0.10496 3.20823676e-01
0.10532 3.19525447e-01
0.10568 3.18215993e-01
0.10605 3.16930208e-01
0.10642 3.15687381e-01
0.10679 3.14490910e-01
0.10716 3.13335083e-01
0.10753 3.12214485e-01
0.10790 3.11131557e-01
0.10827 3.10097922e-01
0.10865 3.09128549e-01
0.10902 3.08232288e-01
0.10940 3.07405342e-01
0.10978 3.06631460e-01
0.11016 3.05887892e-01
0.11054 3.05152636e-01
0.11092 3.04408894e-01
0.11131 3.03646535e-01
0.11169 3.02862100e-01
0.11208 3.02058176e-01
0.11247 3.01241634e-01
0.11286 3.00420549e-01
0.11325 2.99600684e-01
0.11364 2.98781915e-01
0.11403 2.97955765e-01
0.11443 2.97105412e-01
0.11482 2.96209088e-01
0.11522 2.95246361e-01
0.11562 2.94204686e-01
0.11602 2.93083852e-01
0.11642 2.91896578e-01
0.11682 2.90664901e-01
0.11723 2.89413724e-01
0.11763 2.88163991e-01
0.11804 2.86927922e-01
0.11845 2.85707993e-01
0.11886 2.84499513e-01
0.11927 2.83295140e-01
0.11968 2.82089335e-01
0.12010 2.80881316e-01
0.12051 2.79675486e-01
0.12093 2.78479836e-01
0.12135 2.77303351e-01
0.12177 2.76153634e-01
0.12219 2.75035289e-01
0.12262 2.73949860e-01
0.12304 2.72896375e-01
0.12347 2.71872894e-01
0.12389 2.70877861e-01
0.12432 2.69911102e-01
0.12475 2.68974023e-01
0.12518 2.68068727e-01
0.12562 2.67196919e-01
0.12605 2.66358773e-01
0.12649 2.65552510e-01
0.12693 2.64774757e-01
0.12737 2.64021259e-01
0.12781 2.63287796e-01
0.12825 2.62570535e-01
0.12869 2.61865980e-01
0.12914 2.61170398e-01
0.12959 2.60479420e-01
0.13003 2.59787796e-01
0.13048 2.59089588e-01
0.13094 2.58378549e-01
0.13139 2.57648882e-01
0.13184 2.56895396e-01
0.13230 2.56113872e-01
0.13276 2.55300864e-01
0.13322 2.54453945e-01
0.13368 2.53571509e-01
0.13414 2.52653047e-01
0.13461 2.51699255e-01
0.13507 2.50712286e-01
0.13554 2.49695488e-01
0.13601 2.48653228e-01
0.13648 2.47590523e-01
0.13695 2.46512535e-01
0.13743 2.45424156e-01
0.13790 2.44329817e-01
0.13838 2.43233387e-01
0.13886 2.42138251e-01
0.13934 2.41047346e-01
0.13982 2.39963435e-01
0.14031 2.38889118e-01
0.14079 2.37826811e-01
0.14128 2.36778752e-01
0.14177 2.35746933e-01
0.14226 2.34733010e-01
0.14275 2.33738313e-01
0.14324 2.32763801e-01
0.14374 2.31810208e-01
0.14424 2.30877970e-01
0.14474 2.29967348e-01
0.14524 2.29078528e-01
0.14574 2.28211474e-01
0.14625 2.27366148e-01
0.14675 2.26542388e-01
0.14726 2.25739895e-01
0.14777 2.24958297e-01
0.14828 2.24197083e-01
0.14879 2.23455481e-01
0.14931 2.22732546e-01
0.14983 2.22027058e-01
0.15034 2.21337548e-01
0.15087 2.20662313e-01
0.15139 2.19999372e-01
0.15191 2.19346562e-01
0.15244 2.18701454e-01
0.15297 2.18061399e-01
0.15349 2.17423596e-01
0.15403 2.16785109e-01
0.15456 2.16142964e-01
0.15509 2.15494272e-01
0.15563 2.14836260e-01
0.15617 2.14166363e-01
0.15671 2.13482391e-01
0.15725 2.12782466e-01
0.15780 2.12065131e-01
0.15834 2.11329340e-01
0.15889 2.10574473e-01
0.15944 2.09800341e-01
0.15999 2.09007083e-01
0.16055 2.08195244e-01
0.16110 2.07365648e-01
0.16166 2.06519364e-01
0.16222 2.05657735e-01
0.16278 2.04782219e-01
0.16335 2.03894444e-01
0.16391 2.02996130e-01
0.16448 2.02089004e-01
0.16505 2.01174935e-01
0.16562 2.00255739e-01
0.16619 1.99333207e-01
0.16677 1.98409195e-01
0.16734 1.97485468e-01
0.16792 1.96563783e-01
0.16851 1.95645831e-01
0.16909 1.94733243e-01
0.16967 1.93827623e-01
0.17026 1.92930478e-01
0.17085 1.92043214e-01
0.17144 1.91167200e-01
0.17204 1.90303692e-01
0.17263 1.89453836e-01
0.17323 1.88618715e-01
0.17383 1.87799298e-01
0.17443 1.86996432e-01
0.17503 1.86210852e-01
0.17564 1.85443204e-01
0.17625 1.84694011e-01
0.17686 1.83963621e-01
0.17747 1.83252334e-01
0.17808 1.82560261e-01
0.17870 1.81887365e-01
0.17932 1.81233547e-01
0.17994 1.80598482e-01
0.18056 1.79981735e-01
0.18119 1.79382722e-01
0.18182 1.78800695e-01
0.18244 1.78234772e-01
0.18308 1.77683881e-01
0.18371 1.77146866e-01
0.18435 1.76622370e-01
0.18498 1.76108949e-01
0.18562 1.75605012e-01
0.18627 1.75108876e-01
0.18691 1.74618752e-01
0.18756 1.74132784e-01
0.18821 1.73649093e-01
0.18886 1.73165739e-01
0.18951 1.72680828e-01
0.19017 1.72192484e-01
0.19083 1.71698862e-01
0.19149 1.71198247e-01
0.19215 1.70688996e-01
0.19282 1.70169639e-01
0.19348 1.69638821e-01
0.19415 1.69095360e-01
0.19483 1.68538247e-01
0.19550 1.67966724e-01
0.19618 1.67380105e-01
0.19686 1.66778030e-01
0.19754 1.66160226e-01
0.19822 1.65526642e-01
0.19891 1.64877465e-01
0.19960 1.64212944e-01
0.20029 1.63533589e-01
0.20098 1.62839986e-01
0.20168 1.62132905e-01
0.20237 1.61413218e-01
0.20307 1.60681895e-01
0.20378 1.59940007e-01
0.20448 1.59188724e-01
0.20519 1.58429239e-01
0.20590 1.57662836e-01
0.20661 1.56890844e-01
0.20733 1.56114585e-01
0.20805 1.55335388e-01
0.20877 1.54554624e-01
0.20949 1.53773648e-01
0.21021 1.52993780e-01
0.21094 1.52216325e-01
0.21167 1.51442542e-01
0.21240 1.50673700e-01
0.21314 1.49910905e-01
0.21388 1.49155340e-01
0.21462 1.48408027e-01
0.21536 1.47669984e-01
0.21611 1.46942133e-01
0.21685 1.46225333e-01
0.21760 1.45520368e-01
0.21836 1.44827897e-01
0.21911 1.44148580e-01
0.21987 1.43482951e-01
0.22063 1.42831447e-01
0.22140 1.42194466e-01
0.22216 1.41572293e-01
0.22293 1.40965129e-01
0.22370 1.40373084e-01
0.22448 1.39796247e-01
0.22526 1.39234555e-01
0.22604 1.38687870e-01
0.22682 1.38156044e-01
0.22760 1.37638791e-01
0.22839 1.37135774e-01
0.22918 1.36646546e-01
0.22998 1.36170670e-01
0.23077 1.35707575e-01
0.23157 1.35256663e-01
0.23237 1.34817262e-01
0.23318 1.34388638e-01
0.23398 1.33970057e-01
0.23479 1.33560660e-01
0.23561 1.33159625e-01
0.23642 1.32766069e-01
0.23724 1.32379060e-01
0.23806 1.31997687e-01
0.23889 1.31620969e-01
0.23971 1.31247972e-01
0.24054 1.30877737e-01
0.24137 1.30509307e-01
0.24221 1.30141760e-01
0.24305 1.29774176e-01
0.24389 1.29405659e-01
0.24473 1.29035362e-01
0.24558 1.28662476e-01
0.24643 1.28286219e-01
0.24728 1.27905904e-01
0.24814 1.27520848e-01
0.24900 1.27130466e-01
0.24986 1.26734222e-01
0.25073 1.26331657e-01
0.25159 1.25922359e-01
0.25246 1.25506005e-01
0.25334 1.25082359e-01
0.25422 1.24651209e-01
0.25510 1.24212468e-01
0.25598 1.23766048e-01
0.25687 1.23312012e-01
0.25775 1.22850411e-01
0.25865 1.22381417e-01
0.25954 1.21905230e-01
0.26044 1.21422075e-01
0.26134 1.20932261e-01
0.26225 1.20436164e-01
0.26315 1.19934117e-01
0.26406 1.19426583e-01
0.26498 1.18914009e-01
0.26590 1.18396843e-01
0.26682 1.17875607e-01
0.26774 1.17350812e-01
0.26867 1.16822994e-01
0.26960 1.16292661e-01
0.27053 1.15760375e-01
0.27147 1.15226670e-01
0.27241 1.14692107e-01
0.27335 1.14157170e-01
0.27430 1.13622444e-01
0.27525 1.13088391e-01
0.27620 1.12555545e-01
0.27715 1.12024391e-01
0.27811 1.11495378e-01
0.27908 1.10969003e-01
0.28004 1.10445664e-01
0.28101 1.09925772e-01
0.28198 1.09409739e-01
0.28296 1.08897911e-01
0.28394 1.08390651e-01
0.28492 1.07888268e-01
0.28591 1.07391076e-01
0.28690 1.06899346e-01
0.28789 1.06413328e-01
0.28889 1.05933234e-01
0.28989 1.05459275e-01
0.29089 1.04991650e-01
0.29190 1.04530496e-01
0.29291 1.04075938e-01
0.29392 1.03628124e-01
0.29494 1.03187118e-01
0.29596 1.02752994e-01
0.29699 1.02325801e-01
0.29801 1.01905552e-01
0.29905 1.01492272e-01
0.30008 1.01085936e-01
0.30112 1.00686532e-01
0.30216 1.00293984e-01
0.30321 9.99082311e-02
0.30426 9.95292231e-02
0.30531 9.91567982e-02
0.30637 9.87908942e-02
0.30743 9.84313493e-02
0.30849 9.80780391e-02
0.30956 9.77307893e-02
0.31063 9.73894258e-02
0.31171 9.70537618e-02
0.31279 9.67236231e-02
0.31387 9.63987733e-02
0.31496 9.60790258e-02
0.31605 9.57641316e-02
0.31714 9.54538542e-02
0.31824 9.51479573e-02
0.31934 9.48462169e-02
0.32044 9.45483342e-02
0.32155 9.42540480e-02
0.32267 9.39631218e-02
0.32378 9.36752569e-02
0.32490 9.33902044e-02
0.32603 9.31076658e-02
0.32716 9.28273796e-02
0.32829 9.25490720e-02
0.32943 9.22724693e-02
0.33057 9.19972604e-02
0.33171 9.17232089e-02
0.33286 9.14500409e-02
0.33401 9.11774827e-02
0.33517 9.09052729e-02
0.33633 9.06331502e-02
0.33749 9.03608782e-02
0.33866 9.00881956e-02
0.33983 8.98148907e-02
0.34101 8.95407147e-02
0.34219 8.92654809e-02
0.34337 8.89889529e-02
0.34456 8.87109316e-02
0.34576 8.84312551e-02
0.34695 8.81497120e-02
0.34815 8.78661778e-02
0.34936 8.75804782e-02
0.35057 8.72924764e-02
0.35178 8.70020356e-02
0.35300 8.67090436e-02
0.35422 8.64133884e-02
0.35545 8.61150204e-02
0.35668 8.58138027e-02
0.35791 8.55097102e-02
0.35915 8.52026933e-02
0.36039 8.48926649e-02
0.36164 8.45796498e-02
0.36289 8.42636107e-02
0.36415 8.39445227e-02
0.36541 8.36224107e-02
0.36668 8.32972871e-02
0.36795 8.29691769e-02
0.36922 8.26381173e-02
0.37050 8.23041458e-02
0.37178 8.19673493e-02
0.37307 8.16277280e-02
0.37436 8.12854062e-02
0.37565 8.09404338e-02
0.37695 8.05929102e-02
0.37826 8.02429227e-02
0.37957 7.98905707e-02
0.38088 7.95359413e-02
0.38220 7.91791467e-02
0.38352 7.88203111e-02
0.38485 7.84595218e-02
0.38618 7.80969156e-02
0.38752 7.77325920e-02
0.38886 7.73667004e-02
0.39021 7.69993404e-02
0.39156 7.66306364e-02
0.39291 7.62607253e-02
0.39427 7.58897191e-02
0.39564 7.55177671e-02
0.39701 7.51449564e-02
0.39838 7.47714240e-02
0.39976 7.43973067e-02
0.40115 7.40227040e-02
0.40253 7.36477529e-02
0.40393 7.32725778e-02
0.40533 7.28972782e-02
0.40673 7.25219662e-02
0.40814 7.21467538e-02
0.40955 7.17717529e-02
0.41097 7.13970756e-02
0.41239 7.10228213e-02
0.41382 7.06490773e-02
0.41525 7.02759680e-02
0.41669 6.99035556e-02
0.41813 6.95319644e-02
0.41958 6.91612320e-02
0.42103 6.87915076e-02
0.42249 6.84228160e-02
0.42395 6.80552693e-02
0.42542 6.76889298e-02
0.42689 6.73238596e-02
0.42837 6.69601458e-02
0.42985 6.65978507e-02
0.43134 6.62369991e-02
0.43283 6.58776907e-02
0.43433 6.55199876e-02
0.43583 6.51639022e-02
0.43734 6.48095218e-02
0.43886 6.44568711e-02
0.44037 6.41059876e-02
0.44190 6.37569458e-02
0.44343 6.34097209e-02
0.44496 6.30644124e-02
0.44650 6.27210453e-02
0.44805 6.23796071e-02
0.44960 6.20401724e-02
0.45116 6.17027289e-02
0.45272 6.13673262e-02
0.45429 6.10339769e-02
0.45586 6.07027058e-02
0.45744 6.03735253e-02
0.45902 6.00464356e-02
0.46061 5.97214613e-02
0.46220 5.93986276e-02
0.46380 5.90779342e-02
0.46541 5.87593813e-02
0.46702 5.84429813e-02
0.46864 5.81287467e-02
0.47026 5.78166773e-02
0.47189 5.75067609e-02
0.47352 5.71990098e-02
0.47516 5.68934116e-02
0.47680 5.65899911e-02
0.47845 5.62887236e-02
0.48011 5.59896213e-02
0.48177 5.56926596e-02
0.48344 5.53978507e-02
0.48511 5.51051698e-02
0.48679 5.48146293e-02
0.48848 5.45262044e-02
0.49017 5.42399076e-02
0.49186 5.39557013e-02
0.49357 5.36735733e-02
0.49528 5.33935484e-02
0.49699 5.31155893e-02
0.49871 5.28396836e-02
0.50044 5.25658187e-02
0.50217 5.22939947e-02
0.50391 5.20241742e-02
0.50565 5.17563822e-02
0.50740 5.14905564e-02
0.50916 5.12267342e-02
0.51092 5.09648409e-02
0.51269 5.07049138e-02
0.51446 5.04468907e-02
0.51625 5.01907964e-02
0.51803 4.99365938e-02
0.51983 4.96842827e-02
0.52163 4.94338258e-02
0.52343 4.91852231e-02
0.52524 4.89384498e-02
0.52706 4.86934933e-02
0.52889 4.84503289e-02
0.53072 4.82089440e-02
0.53255 4.79693387e-02
0.53440 4.77314507e-02
0.53625 4.74953173e-02
0.53810 4.72608889e-02
0.53997 4.70281529e-02
0.54183 4.67971093e-02
0.54371 4.65677209e-02
0.54559 4.63399627e-02
0.54748 4.61138596e-02
0.54938 4.58893369e-02
0.55128 4.56664320e-02
0.55319 4.54451076e-02
0.55510 4.52253262e-02
0.55702 4.50070880e-02
0.55895 4.47904053e-02
0.56089 4.45752160e-02
0.56283 4.43615324e-02
0.56478 4.41493049e-02
0.56673 4.39385582e-02
0.56869 4.37292676e-02
0.57066 4.35214204e-02
0.57264 4.33149671e-02
0.57462 4.31099200e-02
0.57661 4.29062791e-02
0.57860 4.27039947e-02
0.58061 4.25030667e-02
0.58262 4.23034951e-02
0.58463 4.21052427e-02
0.58666 4.19082969e-02
0.58869 4.17126827e-02
0.59073 4.15183129e-02
0.59277 4.13252249e-02
0.59482 4.11334224e-02
0.59688 4.09428270e-02
0.59895 4.07534885e-02
0.60102 4.05653522e-02
0.60310 4.03784254e-02
0.60519 4.01927070e-02
0.60728 4.00081522e-02
0.60939 3.98247596e-02
0.61150 3.96425356e-02
0.61361 3.94614528e-02
0.61574 3.92814949e-02
0.61787 3.91026459e-02
0.62001 3.89249255e-02
0.62215 3.87482804e-02
0.62431 3.85727216e-02
0.62647 3.83982555e-02
0.62864 3.82248297e-02
0.63081 3.80524530e-02
0.63300 3.78811353e-02
0.63519 3.77108231e-02
0.63739 3.75415500e-02
0.63959 3.73732750e-02
0.64181 3.72060080e-02
0.64403 3.70397204e-02
0.64626 3.68744096e-02
0.64849 3.67100720e-02
0.65074 3.65466976e-02
0.65299 3.63842665e-02
0.65525 3.62227874e-02
0.65752 3.60622279e-02
0.65980 3.59025943e-02
0.66208 3.57438841e-02
0.66437 3.55860773e-02
0.66667 3.54291566e-02
0.66898 3.52731332e-02
0.67130 3.51179845e-02
0.67362 3.49637095e-02
0.67595 3.48103019e-02
0.67829 3.46577504e-02
0.68064 3.45060476e-02
0.68299 3.43551824e-02
0.68536 3.42051534e-02
0.68773 3.40559483e-02
0.69011 3.39075632e-02
0.69250 3.37599883e-02
0.69490 3.36132185e-02
0.69730 3.34672464e-02
0.69972 3.33220645e-02
0.70214 3.31776654e-02
0.70457 3.30340441e-02
0.70701 3.28911943e-02
0.70946 3.27491074e-02
0.71191 3.26077783e-02
0.71438 3.24671996e-02
0.71685 3.23273689e-02
0.71933 3.21882748e-02
0.72182 3.20499150e-02
0.72432 3.19122820e-02
0.72683 3.17753694e-02
0.72934 3.16391749e-02
0.73187 3.15036885e-02
0.73440 3.13689077e-02
0.73694 3.12348251e-02
0.73949 3.11014368e-02
0.74205 3.09687367e-02
0.74462 3.08367173e-02
0.74720 3.07053799e-02
0.74979 3.05747120e-02
0.75238 3.04447124e-02
0.75499 3.03153772e-02
0.75760 3.01866992e-02
0.76022 3.00586732e-02
0.76285 2.99312956e-02
0.76549 2.98045614e-02
0.76814 2.96784681e-02
0.77080 2.95530057e-02
0.77347 2.94281767e-02
0.77615 2.93039700e-02
0.77884 2.91803854e-02
0.78153 2.90574169e-02
0.78424 2.89350619e-02
0.78695 2.88133141e-02
0.78968 2.86921712e-02
0.79241 2.85716268e-02
0.79515 2.84516798e-02
0.79790 2.83323252e-02
0.80067 2.82135566e-02
0.80344 2.80953705e-02
0.80622 2.79777668e-02
0.80901 2.78607380e-02
0.81181 2.77442816e-02
0.81462 2.76283940e-02
0.81744 2.75130713e-02
0.82027 2.73983099e-02
0.82311 2.72841047e-02
0.82596 2.71704571e-02
0.82882 2.70573570e-02
0.83169 2.69448057e-02
0.83457 2.68327970e-02
0.83745 2.67213284e-02
0.84035 2.66103973e-02
0.84326 2.64999989e-02
0.84618 2.63901319e-02
0.84911 2.62807900e-02
0.85205 2.61719733e-02
0.85500 2.60636768e-02
0.85796 2.59558967e-02
0.86093 2.58486331e-02
0.86391 2.57418784e-02
0.86690 2.56356315e-02
0.86990 2.55298923e-02
0.87291 2.54246521e-02
0.87593 2.53199122e-02
0.87897 2.52156688e-02
0.88201 2.51119170e-02
0.88506 2.50086567e-02
0.88813 2.49058830e-02
0.89120 2.48035959e-02
0.89428 2.47017892e-02
0.89738 2.46004603e-02
0.90049 2.44996080e-02
0.90360 2.43992311e-02
0.90673 2.42993234e-02
0.90987 2.41998848e-02
0.91302 2.41009092e-02
0.91618 2.40023989e-02
0.91935 2.39043479e-02
0.92253 2.38067536e-02
0.92573 2.37096160e-02
0.92893 2.36129289e-02
0.93215 2.35166923e-02
0.93537 2.34209036e-02
0.93861 2.33255605e-02
0.94186 2.32306592e-02
0.94512 2.31361984e-02
0.94839 2.30421732e-02
0.95168 2.29485847e-02
0.95497 2.28554293e-02
0.95828 2.27627033e-02
0.96159 2.26704066e-02
0.96492 2.25785355e-02
0.96826 2.24870887e-02
0.97161 2.23960601e-02
0.97498 2.23054533e-02
0.97835 2.22152622e-02
0.98174 2.21254843e-02
0.98514 2.20361207e-02
0.98855 2.19471653e-02
0.99197 2.18586194e-02
0.99540 2.17704779e-02
0.99885 2.16827383e-02
1.00231 2.15954020e-02
1.00578 2.15084651e-02
1.00926 2.14219239e-02
1.01275 2.13357785e-02
1.01626 2.12500263e-02
1.01978 2.11646636e-02
1.02330 2.10796905e-02
1.02685 2.09951044e-02
1.03040 2.09109028e-02
1.03397 2.08270832e-02
1.03755 2.07436432e-02
1.04114 2.06605840e-02
1.04474 2.05779006e-02
1.04836 2.04955931e-02
1.05199 2.04136564e-02
1.05563 2.03320930e-02
1.05928 2.02508955e-02
1.06295 2.01700663e-02
1.06663 2.00896030e-02
1.07032 2.00095019e-02
1.07403 1.99297628e-02
1.07775 1.98503835e-02
1.08148 1.97713612e-02
1.08522 1.96926937e-02
1.08898 1.96143808e-02
1.09275 1.95364213e-02
1.09653 1.94588116e-02
1.10032 1.93815502e-02
1.10413 1.93046361e-02
1.10796 1.92280654e-02
1.11179 1.91518395e-02
1.11564 1.90759532e-02
1.11950 1.90004092e-02
1.12338 1.89252012e-02
1.12726 1.88503292e-02
1.13117 1.87757932e-02
1.13508 1.87015895e-02
1.13901 1.86277168e-02
1.14295 1.85541739e-02
1.14691 1.84809582e-02
1.15088 1.84080699e-02
1.15487 1.83355063e-02
1.15886 1.82632651e-02
1.16287 1.81913449e-02
1.16690 1.81197433e-02
1.17094 1.80484603e-02
1.17499 1.79774946e-02
1.17906 1.79068425e-02
1.18314 1.78365040e-02
1.18724 1.77664779e-02
1.19135 1.76967628e-02
1.19547 1.76273540e-02
1.19961 1.75582524e-02
1.20376 1.74894571e-02
1.20793 1.74209653e-02
1.21211 1.73527760e-02
1.21630 1.72848866e-02
1.22052 1.72172971e-02
1.22474 1.71500075e-02
1.22898 1.70830128e-02
1.23323 1.70163118e-02
1.23750 1.69499045e-02
1.24179 1.68837897e-02
1.24609 1.68179660e-02
1.25040 1.67524311e-02
1.25473 1.66871824e-02
1.25907 1.66222199e-02
1.26343 1.65575436e-02
1.26780 1.64931511e-02
1.27219 1.64290386e-02
1.27659 1.63652085e-02
1.28101 1.63016560e-02
1.28545 1.62383810e-02
1.28990 1.61753822e-02
1.29436 1.61126597e-02
1.29884 1.60502098e-02
1.30334 1.59880311e-02
1.30785 1.59261250e-02
1.31238 1.58644876e-02
1.31692 1.58031179e-02
1.32148 1.57420156e-02
1.32605 1.56811785e-02
1.33064 1.56206076e-02
1.33525 1.55602969e-02
1.33987 1.55002487e-02
1.34451 1.54404606e-02
1.34916 1.53809314e-02
1.35383 1.53216610e-02
1.35852 1.52626457e-02
1.36322 1.52038855e-02
1.36794 1.51453804e-02
1.37268 1.50871268e-02
1.37743 1.50291244e-02
1.38220 1.49713735e-02
1.38698 1.49138715e-02
1.39178 1.48566171e-02
1.39660 1.47996066e-02
1.40144 1.47428450e-02
1.40629 1.46863236e-02
1.41115 1.46300485e-02
1.41604 1.45740137e-02
1.42094 1.45182178e-02
1.42586 1.44626645e-02
1.43080 1.44073465e-02
1.43575 1.43522674e-02
1.44072 1.42974210e-02
1.44571 1.42428123e-02
1.45071 1.41884363e-02
1.45573 1.41342917e-02
1.46077 1.40803787e-02
1.46583 1.40266958e-02
1.47090 1.39732420e-02
1.47599 1.39200158e-02
1.48110 1.38670162e-02
1.48623 1.38142418e-02
1.49137 1.37616926e-02
1.49654 1.37093662e-02
1.50172 1.36572613e-02
1.50692 1.36053792e-02
1.51213 1.35537148e-02
1.51737 1.35022720e-02
1.52262 1.34510457e-02
1.52789 1.34000359e-02
1.53318 1.33492427e-02
1.53849 1.32986647e-02
1.54381 1.32482983e-02
1.54916 1.31981472e-02
1.55452 1.31482052e-02
1.55990 1.30984759e-02
1.56530 1.30489545e-02
1.57072 1.29996434e-02
1.57615 1.29505376e-02
1.58161 1.29016396e-02
1.58709 1.28529483e-02
1.59258 1.28044597e-02
1.59809 1.27561740e-02
1.60362 1.27080924e-02
1.60918 1.26602124e-02
1.61475 1.26125328e-02
1.62034 1.25650510e-02
1.62594 1.25177696e-02
1.63157 1.24706873e-02
1.63722 1.24237991e-02
1.64289 1.23771076e-02
1.64857 1.23306114e-02
1.65428 1.22843081e-02
1.66001 1.22381977e-02
1.66575 1.21922802e-02
1.67152 1.21465531e-02
1.67731 1.21010164e-02
1.68311 1.20556676e-02
1.68894 1.20105116e-02
1.69478 1.19655374e-02
1.70065 1.19207524e-02
1.70654 1.18761540e-02
1.71245 1.18317385e-02
1.71837 1.17875060e-02
1.72432 1.17434588e-02
1.73029 1.16995934e-02
1.73628 1.16559084e-02
1.74229 1.16124039e-02
1.74832 1.15690786e-02
1.75437 1.15259324e-02
1.76045 1.14829643e-02
1.76654 1.14401728e-02
1.77266 1.13975580e-02
1.77879 1.13551163e-02
1.78495 1.13128512e-02
1.79113 1.12707591e-02
1.79733 1.12288388e-02
1.80355 1.11870901e-02
1.80979 1.11455132e-02
1.81606 1.11041081e-02
1.82234 1.10628709e-02
1.82865 1.10218030e-02
1.83498 1.09809019e-02
1.84133 1.09401687e-02
1.84771 1.08996011e-02
1.85410 1.08592002e-02
1.86052 1.08189636e-02
1.86696 1.07788912e-02
1.87342 1.07389806e-02
1.87991 1.06992318e-02
1.88642 1.06596473e-02
1.89295 1.06202220e-02
1.89950 1.05809561e-02
1.90607 1.05418507e-02
1.91267 1.05029033e-02
1.91929 1.04641152e-02
1.92594 1.04254839e-02
1.93260 1.03870069e-02
1.93929 1.03486880e-02
1.94601 1.03105234e-02
1.95274 1.02725106e-02
1.95950 1.02346533e-02
1.96629 1.01969479e-02
1.97309 1.01593968e-02
1.97992 1.01219950e-02
1.98678 1.00847438e-02
1.99365 1.00476420e-02
2.00055 1.00131161e-02
2.00748 1.00064409e-02
2.01443 9.99978933e-03
2.02140 9.99316640e-03
2.02840 9.98656836e-03
2.03542 9.97999396e-03
2.04247 9.97344569e-03
2.04954 9.96692356e-03
2.05663 9.96042631e-03
2.06375 9.95395396e-03
2.07090 9.94750524e-03
2.07806 9.94108267e-03
2.08526 9.93468373e-03
2.09247 9.92830969e-03
2.09972 9.92196053e-03
2.10699 9.91563502e-03
2.11428 9.90933440e-03
2.12160 9.90305742e-03
2.12894 9.89680409e-03
2.13631 9.89057440e-03
2.14371 9.88436960e-03
2.15113 9.87818844e-03
2.15857 9.87202969e-03
2.16605 9.86589458e-03
2.17354 9.85978311e-03
2.18107 9.85369529e-03
2.18862 9.84762987e-03
2.19619 9.84158809e-03
2.20380 9.83556871e-03
2.21143 9.82957173e-03
2.21908 9.82359840e-03
2.22676 9.81764622e-03
2.23447 9.81171644e-03
2.24220 9.80581031e-03
2.24997 9.79992782e-03
2.25775 9.79406524e-03
2.26557 9.78822631e-03
2.27341 9.78240729e-03
2.28128 9.77661191e-03
2.28918 9.77083769e-03
2.29710 9.76508587e-03
2.30505 9.75935520e-03
2.31303 9.75364569e-03
2.32104 9.74795733e-03
2.32908 9.74229013e-03
2.33714 9.73664533e-03
2.34523 9.73102044e-03
2.35335 9.72541671e-03
2.36149 9.71983413e-03
2.36967 9.71427271e-03
2.37787 9.70873120e-03
2.38610 9.70321209e-03
2.39436 9.69771164e-03
2.40265 9.69223111e-03
2.41097 9.68677173e-03
2.41931 9.68133351e-03
2.42769 9.67591644e-03
2.43609 9.67051680e-03
2.44452 9.66513831e-03
2.45298 9.65977973e-03
2.46148 9.65443982e-03
2.47000 9.64912231e-03
2.47855 9.64382098e-03
2.48713 9.63854204e-03
2.49574 9.63328302e-03
2.50438 9.62765440e-03
2.51304 9.62167609e-03
2.52174 9.61572640e-03
2.53047 9.60980409e-03
2.53923 9.60390916e-03
2.54802 9.59804284e-03
2.55684 9.59220516e-03
2.56569 9.58639236e-03
2.57457 9.58061067e-03
2.58349 9.57485387e-03
2.59243 9.56912569e-03
2.60140 9.56342489e-03
2.61041 9.55775022e-03
2.61944 9.55210293e-03
2.62851 9.54648302e-03
2.63761 9.54088924e-03
2.64674 9.53532284e-03
2.65590 9.52978258e-03
2.66510 9.52426969e-03
2.67432 9.51878293e-03
2.68358 9.51332356e-03
2.69287 9.50788782e-03
2.70219 9.50248196e-03
2.71154 9.49709849e-03
2.72093 9.49174364e-03
2.73035 9.48641493e-03
2.73980 9.48110987e-03
2.74928 9.47583218e-03
2.75880 9.47058062e-03
2.76835 9.46535271e-03
2.77793 9.46015093e-03
2.78755 9.45497653e-03
2.79720 9.44982578e-03
2.80688 9.44470116e-03
2.81660 9.43960142e-03
2.82635 9.43452658e-03
2.83613 9.42947662e-03
2.84595 9.42445156e-03
2.85580 9.41945138e-03
2.86569 9.41447733e-03
2.87561 9.40952569e-03
2.88556 9.40459893e-03
2.89555 9.39969831e-03
2.90557 9.39482133e-03
2.91563 9.38996924e-03
2.92572 9.38514204e-03
2.93585 9.38033724e-03
2.94601 9.37555733e-03
2.95621 9.37080107e-03
2.96644 9.36606969e-03
2.97671 9.36136196e-03
2.98702 9.35667787e-03
2.99736 9.35201742e-03
3.00773 9.34662276e-03
3.01814 9.34099164e-03
3.02859 9.33538542e-03
3.03907 9.32980533e-03
3.04960 9.32424889e-03
3.06015 9.31871484e-03
3.07074 9.31320818e-03
3.08137 9.30772391e-03
3.09204 9.30226329e-03
3.10274 9.29682880e-03
3.11348 9.29141671e-03
3.12426 9.28602827e-03
3.13508 9.28066222e-03
3.14593 9.27532231e-03
3.15682 9.27000480e-03
3.16775 9.26471093e-03
3.17871 9.25943947e-03
3.18972 9.25419289e-03
3.20076 9.24896871e-03
3.21184 9.24376693e-03
3.22295 9.23858880e-03
3.23411 9.23343431e-03
3.24531 9.22830098e-03
3.25654 9.22319129e-03
3.26781 9.21810400e-03
3.27912 9.21304036e-03
3.29047 9.20799787e-03
3.30187 9.20297778e-03
3.31330 9.19798009e-03
3.32476 9.19300480e-03
3.33627 9.18805067e-03
3.34782 9.18312142e-03
3.35941 9.17821209e-03
3.37104 9.17332516e-03
3.38271 9.16846062e-03
3.39442 9.16361724e-03
3.40617 9.15879502e-03
3.41796 9.15399396e-03
3.42979 9.14921653e-03
3.44166 9.14445902e-03
3.45358 9.13972267e-03
3.46553 9.13500871e-03
3.47753 9.13031591e-03
3.48957 9.12564427e-03
3.50164 9.12099876e-03
3.51377 9.11641422e-03
3.52593 9.11184960e-03
3.53814 9.10730613e-03
3.55038 9.10278507e-03
3.56267 9.09828391e-03
3.57500 9.09380391e-03
3.58738 9.08934507e-03
3.59980 9.08490738e-03
3.61226 9.08048960e-03
3.62476 9.07609298e-03
3.63731 9.07171627e-03
3.64990 9.06736196e-03
3.66254 9.06302631e-03
3.67521 9.05870933e-03
3.68794 9.05441600e-03
3.70070 9.05014133e-03
3.71351 9.04588658e-03
3.72637 9.04165298e-03
3.73927 9.03743929e-03
3.75221 9.03324302e-03
3.76520 9.02906916e-03
3.77823 9.02491520e-03
3.79131 9.02077867e-03
3.80443 9.01666329e-03
3.81760 9.01256658e-03
3.83082 9.00848978e-03
3.84408 9.00443289e-03
3.85739 9.00039467e-03
3.87074 8.99637636e-03
3.88414 8.99237547e-03
3.89758 8.98839573e-03
3.91107 8.98443342e-03
3.92461 8.98049227e-03
3.93820 8.97656853e-03
3.95183 8.97266222e-03
3.96551 8.96877582e-03
3.97924 8.96490933e-03
3.99301 8.96106151e-03
4.00683 8.96071929e-03
4.02070 8.96398222e-03
4.03462 8.96728498e-03
4.04859 8.97062631e-03
4.06260 8.97400747e-03
4.07667 8.97742969e-03
4.09078 8.98088924e-03
4.10494 8.98438987e-03
4.11915 8.98792907e-03
4.13341 8.99150809e-03
4.14771 8.99512569e-03
4.16207 8.99878436e-03
4.17648 9.00248160e-03
4.19094 9.00621991e-03
4.20545 9.00999680e-03
4.22000 9.01380978e-03
4.23461 9.01766756e-03
4.24927 9.02156142e-03
4.26398 9.02549511e-03
4.27874 9.02946862e-03
4.29355 9.03348196e-03
4.30841 9.03753387e-03
4.32332 9.04162560e-03
4.33829 9.04575591e-03
4.35331 9.04992604e-03
4.36838 9.05413600e-03
4.38350 9.05838578e-03
4.39867 9.06267413e-03
4.41390 9.06700231e-03
4.42918 9.07136907e-03
4.44451 9.07577564e-03
4.45990 9.08022204e-03
4.47533 9.08470827e-03
4.49083 9.08923431e-03
4.50637 9.09471236e-03
4.52197 9.10153316e-03
4.53762 9.10836391e-03
4.55333 9.11520462e-03
4.56909 9.12205529e-03
4.58491 9.12891840e-03
4.60078 9.13579147e-03
4.61670 9.14267573e-03
4.63269 9.14956871e-03
4.64872 9.15647289e-03
4.66481 9.16338951e-03
4.68096 9.17031484e-03
4.69717 9.17725138e-03
4.71343 9.18419787e-03
4.72974 9.19115556e-03
4.74611 9.19812444e-03
4.76254 9.20510204e-03
4.77903 9.21209209e-03
4.79557 9.21909084e-03
4.81217 9.22610204e-03
4.82883 9.23312196e-03
4.84555 9.24015431e-03
4.86232 9.24719413e-03
4.87915 9.25424640e-03
4.89604 9.26130862e-03
4.91299 9.26838204e-03
4.92999 9.27546418e-03
4.94706 9.28255876e-03
4.96418 9.28966329e-03
4.98137 9.29677653e-03
4.99861 9.30390098e-03
5.01591 9.31133902e-03
5.03328 9.31882062e-03
5.05070 9.32632089e-03
5.06818 9.33383733e-03
5.08573 9.34137120e-03
5.10333 9.34892124e-03
5.12100 9.35648996e-03
5.13873 9.36407609e-03
5.15651 9.37167840e-03
5.17436 9.37930062e-03
5.19228 9.38693778e-03
5.21025 9.39459236e-03
5.22828 9.40226436e-03
5.24638 9.40995502e-03
5.26454 9.41766311e-03
5.28277 9.42538862e-03
5.30105 9.43313156e-03
5.31940 9.44089067e-03
5.33782 9.44866844e-03
5.35629 9.45646489e-03
5.37484 9.46427627e-03
5.39344 9.47210631e-03
5.41211 9.47995253e-03
5.43084 9.48781867e-03
5.44965 9.49570222e-03
5.46851 9.50360196e-03
5.48744 9.51152036e-03
5.50643 9.52264071e-03
5.52550 9.54003307e-03
5.54462 9.55747644e-03
5.56381 9.57496960e-03
5.58308 9.59251129e-03
5.60240 9.61010400e-03
5.62179 9.62774524e-03
5.64125 9.64543876e-03
5.66078 9.66318329e-03
5.68038 9.68097760e-03
5.70004 9.69882169e-03
5.71977 9.71671804e-03
5.73957 9.73466418e-03
5.75944 9.75266258e-03
5.77938 9.77071200e-03
5.79938 9.78881244e-03
5.81946 9.80696516e-03
5.83960 9.82517013e-03
5.85982 9.84342489e-03
5.88010 9.86173440e-03
5.90045 9.88009493e-03
5.92088 9.89850773e-03
5.94137 9.91697404e-03
5.96194 9.93549138e-03
5.98258 9.95406222e-03
6.00329 9.97131022e-03
6.02407 9.98128444e-03
6.04492 9.99128978e-03
6.06585 1.00013225e-02
6.08684 1.00113851e-02
6.10791 1.00214763e-02
6.12906 1.00315973e-02
6.15027 1.00417483e-02
6.17156 1.00519266e-02
6.19293 1.00621360e-02
6.21436 1.00625492e-02
6.23588 1.00581314e-02
6.25746 1.00537236e-02
6.27912 1.00493269e-02
6.30086 1.00449403e-02
6.32267 1.00405673e-02
6.34455 1.00362030e-02
6.36652 1.00318487e-02
6.38856 1.00275068e-02
6.41067 1.00273202e-02
6.43286 1.00315986e-02
6.45513 1.00358820e-02
6.47747 1.00401728e-02
6.49990 1.00444711e-02
6.52240 1.00487756e-02
6.54497 1.00530889e-02
6.56763 1.00574084e-02
6.59037 1.00617340e-02
6.61318 1.00648340e-02
6.63607 1.00670341e-02
6.65904 1.00692418e-02
6.68209 1.00714544e-02
6.70522 1.00736757e-02
6.72843 1.00759020e-02
6.75172 1.00781358e-02
6.77510 1.00803771e-02
6.79855 1.00826245e-02
6.82208 1.00826382e-02
6.84570 1.00825063e-02
6.86939 1.00823819e-02
6.89317 1.00822574e-02
6.91704 1.00821417e-02
6.94098 1.00820272e-02
6.96500 1.00819177e-02
6.98911 1.00818107e-02
7.01331 1.00830427e-02
7.03759 1.00854942e-02
7.06195 1.00881051e-02
7.08639 1.00908814e-02
7.11092 1.01076092e-02
7.13554 1.01417145e-02
7.16024 1.01759828e-02
7.18502 1.02104165e-02
7.20990 1.02443127e-02
7.23485 1.02773067e-02
7.25990 1.03104612e-02
7.28503 1.03437812e-02
7.31025 1.03850693e-02
7.33555 1.04380578e-02
7.36094 1.04913760e-02
7.38642 1.05450290e-02
7.41199 1.06151547e-02
7.43765 1.07042532e-02
7.46340 1.07941468e-02
7.48923 1.08848494e-02
7.51516 1.10090226e-02
7.54117 1.11585588e-02
7.56727 1.13105888e-02
7.59347 1.14651650e-02
7.61975 1.15630082e-02
7.64613 1.16422556e-02
7.67260 1.17223456e-02
7.69916 1.18032917e-02
7.72581 1.18697426e-02
7.75255 1.19367161e-02
7.77939 1.20047312e-02
7.80632 1.20519516e-02
7.83334 1.20296300e-02
7.86046 1.20096194e-02
7.88767 1.19919097e-02
7.91497 1.20179024e-02
7.94237 1.20802254e-02
7.96986 1.21446864e-02
7.99745 1.22113202e-02
8.02513 1.36748603e-02
8.05291 1.34990924e-02
8.08079 1.33303980e-02
8.10876 1.39149497e-02
8.13683 1.38450617e-02
8.16500 1.39576379e-02
8.19326 1.49258169e-02
8.22162 1.34498236e-02
8.25008 1.58729125e-02
8.27864 1.29567959e-02
8.30730 1.60970855e-02
8.33605 1.64841388e-02
8.36491 1.69321675e-02
8.39386 1.74206132e-02
8.42292 1.61231230e-02
8.45208 1.72699035e-02
8.48133 1.89834052e-02
8.51069 1.92527664e-02
8.54016 2.02850219e-02
8.56972 2.03337033e-02
8.59938 2.25527692e-02
8.62915 2.38923067e-02
8.65902 2.80377079e-02
8.68899 3.66817609e-02
8.71907 4.42199756e-02
8.74925 5.49524441e-02
8.77954 7.54805906e-02
8.80993 8.89473013e-02
8.84043 8.71371324e-02
8.87103 7.75412462e-02
8.90174 8.41049564e-02
8.93255 9.31010329e-02
8.96347 9.13846827e-02
8.99450 9.39622544e-02
9.02563 1.05245390e-01
9.05688 1.28118581e-01
9.08823 1.52384340e-01
9.11969 1.78122800e-01
9.15126 2.02021346e-01
9.18294 2.23392893e-01
9.21472 2.39427812e-01
9.24662 2.44588960e-01
9.27863 2.42077572e-01
9.31075 2.39098720e-01
9.34298 2.26812208e-01
9.37532 2.00462416e-01
9.40777 1.74856727e-01
9.44034 1.56938718e-01
9.47302 1.41333758e-01
9.50581 1.37574180e-01
9.53871 1.35749102e-01
9.57173 1.27509113e-01
9.60487 1.17883298e-01
9.63811 1.06686732e-01
9.67148 1.00741972e-01
9.70495 1.05039772e-01
9.73855 1.23677580e-01
9.77226 1.49434171e-01
9.80609 1.62257051e-01
9.84003 1.67150231e-01
9.87409 1.64968197e-01
9.90827 1.46372713e-01
9.94257 1.17741257e-01
9.97699 9.79807360e-02
10.01153 9.10190276e-02
10.04618 9.33323627e-02
10.08096 1.03197248e-01
10.11585 1.19066345e-01
10.15087 1.41854573e-01
10.18601 1.68776041e-01
10.22127 1.86398689e-01
10.25665 1.94728228e-01
10.29215 2.04040628e-01
10.32778 2.18157997e-01
10.36353 2.32301767e-01
10.39941 2.41858192e-01
10.43540 2.44198055e-01
10.47153 2.37102023e-01
10.50777 2.25232450e-01
10.54415 2.14159755e-01
10.58065 2.04902233e-01
10.61727 1.97344921e-01
10.65403 1.87056016e-01
10.69091 1.73287756e-01
10.72791 1.55557721e-01
10.76505 1.34060155e-01
10.80231 1.14823632e-01
10.83971 1.06960174e-01
10.87723 9.80139502e-02
10.91488 8.49927556e-02
10.95266 7.60082935e-02
10.99058 8.33649650e-02
11.02862 9.86213623e-02
11.06680 1.10046481e-01
11.10511 1.11795408e-01
11.14355 1.04259741e-01
11.18212 9.15937033e-02
11.22083 7.72826108e-02
11.25967 6.57422217e-02
11.29865 6.15763580e-02
11.33776 6.43558434e-02
11.37701 6.99007008e-02
11.41639 8.11057433e-02
11.45591 9.27827438e-02
11.49556 1.01616316e-01
11.53536 1.06669455e-01
11.57529 1.06889917e-01
11.61536 1.03404635e-01
11.65556 9.46409831e-02
11.69591 8.08608379e-02
11.73640 6.16278096e-02
11.77702 4.12787972e-02
11.81779 2.80328658e-02
11.85870 2.20318000e-02
11.89975 1.72251719e-02
11.94094 1.53964683e-02
11.98227 1.36868965e-02
12.02375 1.18180521e-02
12.06537 1.17814505e-02
12.10714 1.05430055e-02
12.14905 9.79159751e-03
12.19110 9.58849547e-03
12.23330 8.90797351e-03
12.27565 9.67866542e-03
12.31814 9.05116924e-03
12.36078 8.17152000e-03
12.40357 8.87212356e-03
12.44651 8.73474560e-03
12.48959 8.19229724e-03
12.53283 7.48443111e-03
12.57621 8.40783876e-03
12.61974 8.04335342e-03
12.66343 8.35815556e-03
12.70726 8.01513689e-03
12.75125 7.76408889e-03
12.79539 8.23630329e-03
12.83968 7.99211964e-03
12.88413 7.36694560e-03
12.92873 7.41822667e-03
12.97348 8.58732871e-03
13.01839 8.20781671e-03
13.06345 8.42292267e-03
13.10867 8.44835289e-03
13.15405 8.56070880e-03
13.19959 9.81947058e-03
13.24528 1.00806645e-02
13.29113 9.57063644e-03
13.33713 1.17558124e-02
13.38330 1.50587211e-02
13.42963 1.77684677e-02
13.47612 1.65655031e-02
13.52277 1.48134037e-02
13.56958 1.45221776e-02
13.61655 1.59939024e-02
13.66368 2.04965264e-02
13.71098 2.69772421e-02
13.75844 3.46926608e-02
13.80607 3.48880846e-02
13.85386 2.71252564e-02
13.90182 2.07169636e-02
13.94994 1.58255179e-02
13.99823 1.40067959e-02
14.04668 1.36756866e-02
14.09531 1.36472448e-02
14.14410 1.46181280e-02
14.19306 1.64635819e-02
14.24219 2.00118066e-02
14.29149 2.49447271e-02
14.34096 2.95027700e-02
14.39060 3.26655218e-02
14.44042 3.07426348e-02
14.49041 2.65947248e-02
14.54057 2.45165536e-02
14.59090 2.30381362e-02
14.64141 2.37550581e-02
14.69209 2.46190697e-02
14.74295 2.48628837e-02
14.79398 2.41528174e-02
14.84519 2.36406862e-02
14.89658 2.29936548e-02
14.94814 2.18902370e-02
14.99989 2.07992363e-02
15.05181 1.98942028e-02
15.10392 2.35359015e-02
15.15620 2.62573646e-02
15.20866 3.09081733e-02
15.26131 3.59582073e-02
15.31414 3.93608868e-02
15.36715 4.25191175e-02
15.42034 4.55712594e-02
15.47372 4.71167524e-02
15.52729 4.44172997e-02
15.58103 3.88581723e-02
15.63497 3.25464546e-02
15.68909 2.64230587e-02
15.74340 2.37789589e-02
15.79790 2.22476140e-02
15.85258 2.08773052e-02
15.90746 2.09563175e-02
15.96252 2.00291940e-02
16.01778 1.94931445e-02
16.07323 1.98716124e-02
16.12886 2.13911388e-02
16.18470 2.43003575e-02
16.24072 2.78210414e-02
16.29694 2.88781074e-02
16.35335 3.01443333e-02
16.40996 3.14209193e-02
16.46677 3.07230087e-02
16.52377 3.09006220e-02
16.58097 3.15715294e-02
16.63836 3.02861689e-02
16.69596 3.09151746e-02
16.75375 3.29125726e-02
16.81175 3.63532997e-02
16.86994 3.84035431e-02
16.92834 4.04718172e-02
16.98694 4.44111472e-02
17.04574 4.86696261e-02
17.10474 5.33209252e-02
17.16395 5.97095732e-02
17.22337 6.67204807e-02
17.28299 7.46030196e-02
17.34281 8.04531317e-02
17.40285 8.45142654e-02
17.46309 8.92490169e-02
17.52354 9.57213724e-02
17.58420 1.03141435e-01
17.64507 1.08029874e-01
17.70615 1.08172238e-01
17.76744 1.08655991e-01
17.82894 1.13856686e-01
17.89066 1.20824331e-01
17.95259 1.26083614e-01
18.01473 1.27635225e-01
18.07709 1.26198713e-01
18.13967 1.24609582e-01
18.20246 1.23731540e-01
18.26547 1.22855948e-01
18.32870 1.19332740e-01
18.39214 1.14856448e-01
18.45581 1.11855732e-01
18.51969 1.09014180e-01
18.58380 1.04357705e-01
18.64813 9.65379147e-02
18.71268 8.94730542e-02
18.77746 8.76447538e-02
18.84246 9.30453938e-02
18.90768 1.03493724e-01
18.97313 1.17204789e-01
19.03881 1.30740064e-01
19.10472 1.43612722e-01
19.17085 1.53319500e-01
19.23721 1.58470866e-01
19.30380 1.61988462e-01
19.37062 1.64652220e-01
19.43768 1.66125904e-01
19.50496 1.67785520e-01
19.57248 1.67491781e-01
19.64023 1.66726560e-01
19.70822 1.64690475e-01
19.77644 1.60136891e-01
19.84490 1.54701332e-01
19.91359 1.48330697e-01
19.98252 1.42147214e-01
20.05169 1.36542423e-01
20.12110 1.31862939e-01
20.19076 1.28112196e-01
20.26065 1.24692972e-01
20.33078 1.21883059e-01
20.40116 1.19642061e-01
20.47178 1.16891676e-01
20.54264 1.14320181e-01
20.61375 1.12160515e-01
20.68511 1.09960397e-01
20.75671 1.06008342e-01
20.82856 1.01802416e-01
20.90066 9.70234210e-02
20.97301 9.28658677e-02
21.04561 9.01546078e-02
21.11846 8.90139700e-02
21.19157 8.52798377e-02
21.26492 8.22443253e-02
21.33853 8.13427876e-02
21.41240 8.49145547e-02
21.48652 8.95282080e-02
21.56090 9.24543200e-02
21.63553 9.24690418e-02
21.71043 9.05361084e-02
21.78558 8.75862151e-02
21.86099 8.61667396e-02
21.93666 8.74990044e-02
22.01260 8.93314240e-02
22.08880 8.93397493e-02
22.16526 8.71251733e-02
22.24199 8.42110827e-02
22.31898 7.83403924e-02
22.39624 7.09109483e-02
22.47377 6.27661938e-02
22.55156 5.57962620e-02
22.62962 5.22305467e-02
22.70796 5.26988921e-02
22.78656 5.59982428e-02
22.86544 5.91416199e-02
22.94459 5.87016864e-02
23.02402 5.39710702e-02
23.10372 4.68103228e-02
23.18369 4.07045184e-02
23.26394 3.71421282e-02
23.34447 3.67636727e-02
23.42528 3.91018656e-02
23.50637 4.27942716e-02
23.58774 4.63074889e-02
23.66939 4.85715415e-02
23.75133 4.85782976e-02
23.83354 4.69868324e-02
23.91604 4.51312226e-02
23.99883 4.44355346e-02
24.08191 4.63407790e-02
24.16527 5.12581166e-02
24.24892 5.78171564e-02
24.33286 6.27140416e-02
24.41709 6.36197906e-02
24.50161 6.13633378e-02
24.58642 5.73046482e-02
24.67153 5.22045378e-02
24.75693 4.68035929e-02
24.84263 4.17451328e-02
24.92863 3.72411399e-02
25.01492 3.38546021e-02
25.10151 3.19260144e-02
25.18840 3.11978078e-02
25.27559 3.10712229e-02
25.36309 3.07741716e-02
25.45088 3.04254658e-02
25.53898 3.00858868e-02
25.62739 3.02181662e-02
25.71610 3.07399332e-02
25.80512 3.19477175e-02
25.89444 3.38421801e-02
25.98408 3.62407908e-02
26.07403 3.92615863e-02
26.16428 4.31445691e-02
26.25485 4.81837589e-02
26.34574 5.47010340e-02
26.43694 6.06294964e-02
26.52845 6.32542462e-02
26.62028 6.28347602e-02
26.71243 6.21094544e-02
26.80489 6.17895911e-02
26.89768 6.16986732e-02
26.99079 6.18208615e-02
27.08422 6.09220839e-02
27.17798 5.91429938e-02
27.27205 5.71082213e-02
27.36646 5.66604727e-02
27.46119 5.91288071e-02
27.55625 6.47961527e-02
27.65164 7.28269609e-02
27.74736 8.07737156e-02
27.84341 8.63531797e-02
27.93979 9.05041660e-02
28.03650 9.35046834e-02
28.13355 9.56362885e-02
28.23094 9.71469035e-02
28.32867 9.82311332e-02
28.42673 9.81820884e-02
28.52513 9.70133783e-02
28.62387 9.47075036e-02
28.72295 9.03374018e-02
28.82238 8.36569963e-02
28.92215 7.55209964e-02
29.02227 6.80579175e-02
29.12273 6.27258427e-02
29.22354 6.09252946e-02
29.32470 6.19635557e-02
29.42621 6.41702420e-02
29.52807 6.61057774e-02
29.63029 6.71988340e-02
29.73286 6.78423984e-02
29.83578 6.79874110e-02
29.93906 6.74669819e-02
30.04269 6.66637913e-02
30.14669 6.44874160e-02
30.25104 6.12944516e-02
30.35576 5.73843772e-02
30.46084 5.28599692e-02
30.56628 4.92178848e-02
30.67209 4.53378439e-02
30.77826 4.09534770e-02
30.88481 3.60481420e-02
30.99172 3.05258078e-02
31.09900 2.61069822e-02
31.20665 2.29379124e-02
31.31467 2.10075463e-02
31.42307 2.08733653e-02
31.53184 2.10241024e-02
31.64099 2.13234286e-02
31.75052 2.14991044e-02
31.86043 1.98181436e-02
31.97072 1.81797081e-02
32.08139 1.67340892e-02
32.19244 1.55896471e-02
32.30388 1.47216222e-02
32.41570 1.40183854e-02
32.52791 1.36262610e-02
32.64051 1.37755483e-02
32.75349 1.35017668e-02
32.86687 1.38968343e-02
32.98064 1.51470231e-02
33.09481 1.63710524e-02
33.20937 1.71737788e-02
33.32433 1.74195131e-02
33.43968 1.69079108e-02
33.55544 1.69201026e-02
33.67159 1.75379705e-02
33.78815 1.89312916e-02
33.90511 2.06012601e-02
34.02247 2.19848247e-02
34.14024 2.29068436e-02
34.25842 2.29490763e-02
34.37701 2.22789006e-02
34.49601 2.07470841e-02
34.61542 1.76453175e-02
34.73525 1.55025771e-02
34.85549 1.40088380e-02
34.97614 1.30483957e-02
35.09721 1.27600741e-02
35.21871 1.29096974e-02
35.34062 1.37014117e-02
35.46295 1.55507557e-02
35.58571 1.79460587e-02
35.70889 2.08417502e-02
35.83250 2.36860823e-02
35.95654 2.68306366e-02
36.08101 2.98434727e-02
36.20590 3.13825020e-02
36.33123 3.25907580e-02
36.45700 3.40826030e-02
36.58320 3.47515230e-02
36.70983 3.48610379e-02
36.83691 3.41648185e-02
36.96442 3.27387250e-02
37.09238 3.08024914e-02
37.22077 2.72643255e-02
37.34962 2.36944972e-02
37.47890 2.01884804e-02
37.60864 1.71870874e-02
37.73883 1.48157974e-02
37.86946 1.32927332e-02
38.00055 1.20756778e-02
38.13209 1.10998272e-02
38.26409 1.06411499e-02
38.39654 1.01579918e-02
38.52946 9.57549351e-03
38.66283 9.09310329e-03
38.79667 8.59762524e-03
38.93096 7.77179486e-03
39.06573 7.13945294e-03
39.20096 6.68123406e-03
39.33665 6.92130718e-03
39.47282 7.25633689e-03
39.60946 7.05354073e-03
39.74657 6.94705275e-03
39.88416 6.95021003e-03
40.02222 6.94295056e-03
40.16076 7.03208053e-03
40.29978 8.04245319e-03
40.43928 9.15287844e-03
40.57926 1.03401679e-02
40.71973 1.19093104e-02
40.86069 1.39263575e-02
41.00213 1.65586353e-02
41.14406 1.96338659e-02
41.28648 2.21454302e-02
41.42940 2.36908597e-02
41.57281 2.39025198e-02
41.71672 2.31009732e-02
41.86113 2.23444094e-02
42.00603 2.17972745e-02
42.15144 2.17377216e-02
42.29735 2.13764370e-02
42.44377 2.08609234e-02
42.59069 2.00814619e-02
42.73812 2.03809611e-02
42.88606 2.18234613e-02
43.03451 2.37095028e-02
43.18348 2.66808005e-02
43.33297 3.01317694e-02
43.48297 3.39531920e-02
43.63349 3.59695666e-02
43.78453 3.77646167e-02
43.93609 3.91370174e-02
44.08818 3.98105207e-02
44.24079 3.94246322e-02
44.39394 3.88573285e-02
44.54761 3.81971707e-02
44.70182 3.68152636e-02
44.85655 3.48870704e-02
45.01183 3.22860110e-02
45.16764 2.94631290e-02
45.32399 2.64360151e-02
45.48089 2.35610948e-02
45.63832 2.17083903e-02
45.79630 2.00736856e-02
45.95483 1.86795795e-02
46.11391 1.74220216e-02
46.27353 1.57665235e-02
46.43371 1.43088629e-02
46.59445 1.30552527e-02
46.75574 1.19421580e-02
46.91759 1.08222210e-02
47.08000 9.87021977e-03
47.24297 9.77128892e-03
47.40650 9.67187573e-03
47.57060 9.15196016e-03
47.73527 8.83489973e-03
47.90051 8.48006631e-03
48.06633 8.24432249e-03
48.23271 8.75667022e-03
48.39967 9.36942471e-03
48.56721 1.01260183e-02
48.73533 1.11654393e-02
48.90403 1.24225161e-02
49.07332 1.39228706e-02
49.24319 1.43644219e-02
49.41365 1.47203778e-02
49.58470 1.40193113e-02
49.75634 1.30741172e-02
49.92858 1.20066601e-02
50.10141 1.10177275e-02
50.27484 1.01400830e-02
50.44887 9.36093262e-03
50.62350 9.05360089e-03
50.79874 9.34826542e-03
50.97458 9.72665991e-03
51.15104 1.00640736e-02
51.32810 1.04921451e-02
51.50578 1.04722028e-02
51.68407 1.04604055e-02
51.86298 1.04555659e-02
52.04250 1.05648020e-02
52.22265 1.05265440e-02
52.40343 1.04161829e-02
52.58482 1.00550514e-02
52.76685 9.42127076e-03
52.94951 8.85081244e-03
53.13280 8.34583929e-03
53.31672 7.88546951e-03
53.50128 7.16899182e-03
53.68648 6.57393333e-03
53.87232 6.21543253e-03
54.05880 5.94565938e-03
54.24593 5.73493760e-03
54.43371 5.61032391e-03
54.62214 5.52017636e-03
54.81122 5.41438738e-03
55.00095 5.31663004e-03
55.19134 5.05685351e-03
55.38239 4.77764373e-03
55.57410 4.62184551e-03
55.76647 4.61695733e-03
55.95951 4.63826596e-03
56.15322 4.62686859e-03
56.34760 4.64305819e-03
56.54265 4.44693287e-03
56.73838 4.21209276e-03
56.93479 4.08084432e-03
57.13187 4.09451106e-03
57.32964 4.12926839e-03
57.52809 4.13459449e-03
57.72723 4.14463106e-03
57.92705 4.16205950e-03
58.12757 4.18040996e-03
58.32879 4.20196025e-03
58.53070 4.00527655e-03
58.73331 3.83412873e-03
58.93662 3.70074594e-03
59.14063 3.61196304e-03
59.34535 3.55876665e-03
59.55078 3.48677056e-03
59.75692 3.44808962e-03
59.96377 3.48940903e-03
60.17134 3.59966407e-03
60.37963 3.71805541e-03
60.58864 3.74894551e-03
60.79837 3.77382121e-03
61.00883 3.72430912e-03
61.22002 3.53182679e-03
61.43194 3.34994004e-03
61.64459 3.24082279e-03
61.85797 3.16036423e-03
62.07210 3.08632165e-03
62.28697 3.02324537e-03
62.50258 2.97171429e-03
62.71894 2.98141822e-03
62.93605 3.06268505e-03
63.15390 3.16670480e-03
63.37252 3.20115812e-03
63.59189 3.22034135e-03
63.81201 3.23985113e-03
64.03290 3.23350919e-03
64.25456 3.23054903e-03
64.47698 3.19366407e-03
64.70017 3.12076364e-03
64.92414 3.06975698e-03
65.14888 2.91942448e-03
65.37440 2.72652626e-03
65.60070 2.54995104e-03
65.82778 2.56280267e-03
66.05565 2.60163680e-03
66.28430 2.65789913e-03
66.51375 2.84272713e-03
66.74400 3.04316805e-03
66.97504 3.12617573e-03
67.20688 2.88129383e-03
67.43952 2.66877358e-03
67.67297 2.67494578e-03
67.90722 2.98838923e-03
68.14229 3.36465572e-03
68.37817 3.75174265e-03
68.61486 4.13265266e-03
68.85238 4.55543287e-03
69.09072 4.59225138e-03
69.32988 4.42163468e-03
69.56987 4.29398343e-03
69.81069 4.02464869e-03
70.05235 3.72399079e-03
70.29484 3.46784816e-03
70.53817 3.36362768e-03
70.78235 3.31077488e-03
71.02737 3.26277803e-03
71.27323 3.28825952e-03
71.51995 3.36491045e-03
71.76752 3.47125732e-03
72.01595 3.66912684e-03
72.26524 3.91082272e-03
72.51539 4.16875001e-03
72.76641 4.01410352e-03
73.01830 3.67274295e-03
73.27106 3.38322320e-03
73.52469 3.10082117e-03
73.77920 2.83939612e-03
74.03460 2.62985420e-03
74.29087 2.54437120e-03
74.54804 2.57572585e-03
74.80609 2.60759881e-03
75.06504 2.59310626e-03
75.32488 2.46194729e-03
75.58563 2.36658228e-03
75.84727 2.29564807e-03
76.10982 2.07918044e-03
76.37328 1.89678820e-03
76.63766 1.74152981e-03
76.90295 1.75471956e-03
77.16915 1.80750105e-03
77.43628 1.86682944e-03
77.70433 1.93210217e-03
77.97331 2.01177051e-03
78.24322 2.11165372e-03
78.51407 2.17452281e-03
78.78585 2.06431692e-03
79.05857 1.96437783e-03
79.33224 1.87357620e-03
79.60686 1.79568132e-03
79.88242 1.78548085e-03
80.15894 1.82263295e-03
80.43642 1.79741274e-03
80.71486 1.69971446e-03
80.99426 1.61682167e-03
81.27463 1.55920837e-03
81.55596 1.62140197e-03
81.83828 1.69564217e-03
82.12157 1.78447136e-03
82.40584 1.72150571e-03
82.69109 1.66199850e-03
82.97733 1.66896465e-03
83.26457 1.65773077e-03
83.55279 1.34958100e-03
83.84202 1.16965919e-03
84.13225 1.11810110e-03
84.42348 1.20798459e-03
84.71572 1.34788901e-03
85.00897 1.54078437e-03
85.30323 1.81291675e-03
85.59852 1.87186060e-03
85.89482 1.92648661e-03
86.19215 1.98575714e-03
86.49052 1.93009426e-03
86.78991 1.66022540e-03
87.09034 1.42911838e-03
87.39181 1.23107376e-03
87.69432 1.15817831e-03
87.99789 1.16080197e-03
88.30250 1.17880767e-03
88.60816 1.20813880e-03
88.91489 1.26214151e-03
89.22267 1.33482153e-03
89.53153 1.43420082e-03
89.84145 1.54272907e-03
90.15244 1.45068871e-03
90.46451 1.36450732e-03
90.77766 1.28378146e-03
91.09190 1.24397691e-03
91.40722 1.29942101e-03
91.72363 1.36655618e-03
92.04114 1.44750567e-03
92.35975 1.46958610e-03
92.67946 1.39305426e-03
93.00028 1.32350500e-03
93.32221 1.26019252e-03
93.64525 1.25513173e-03
93.96941 1.31356238e-03
94.29469 1.37611376e-03
94.62110 1.44314837e-03
94.94864 1.36567399e-03
95.27731 1.17343620e-03
95.60712 1.02885415e-03
95.93807 9.18271076e-04
96.27017 8.92863876e-04
96.60342 9.81063378e-04
96.93782 1.12400512e-03
97.27338 1.35159260e-03
97.61010 1.53890974e-03
97.94798 1.43443050e-03
98.28704 1.34013900e-03
98.62727 1.25460872e-03
98.96867 1.17666349e-03
99.31126 1.10532861e-03
99.65504 1.03979289e-03
100.00000 9.79377579e-04
