        2000  4.000000 2.800000
0.10000 1.51240554e+00
0.10035 1.51151521e+00
0.10069 1.51071912e+00
0.10104 1.50985015e+00
0.10139 1.50899716e+00
0.10174 1.50819563e+00
0.10210 1.50740969e+00
0.10245 1.50654341e+00
0.10280 1.50573786e+00
0.10316 1.50495625e+00
0.10352 1.50406955e+00
0.10387 1.50321975e+00
0.10423 1.50232723e+00
0.10459 1.50135064e+00
0.10496 1.50033806e+00
0.10532 1.49946496e+00
0.10568 1.49835790e+00
0.10605 1.49743204e+00
0.10642 1.49656700e+00
0.10679 1.49569290e+00
0.10716 1.49481074e+00
0.10753 1.49408338e+00
0.10790 1.49330362e+00
0.10827 1.49259687e+00
0.10865 1.49182158e+00
0.10902 1.49114386e+00
0.10940 1.49036802e+00
0.10978 1.48963360e+00
0.11016 1.48892018e+00
0.11054 1.48805525e+00
0.11092 1.48728125e+00
0.11131 1.48667307e+00
0.11169 1.48595134e+00
0.11208 1.48530149e+00
0.11247 1.48462197e+00
0.11286 1.48400553e+00
0.11325 1.48328788e+00
0.11364 1.48253146e+00
0.11403 1.48170071e+00
0.11443 1.48089252e+00
0.11482 1.47994132e+00
0.11522 1.47893422e+00
0.11562 1.47781830e+00
0.11602 1.47670477e+00
0.11642 1.47549168e+00
0.11682 1.47437427e+00
0.11723 1.47320186e+00
0.11763 1.47211635e+00
0.11804 1.47103010e+00
0.11845 1.46998721e+00
0.11886 1.46909499e+00
0.11927 1.46800804e+00
0.11968 1.46704534e+00
0.12010 1.46614934e+00
0.12051 1.46516817e+00
0.12093 1.46424225e+00
0.12135 1.46330305e+00
0.12177 1.46232845e+00
0.12219 1.46151921e+00
0.12262 1.46050753e+00
0.12304 1.45963985e+00
0.12347 1.45892793e+00
0.12389 1.45814089e+00
0.12432 1.45730896e+00
0.12475 1.45647458e+00
0.12518 1.45582722e+00
0.12562 1.45497672e+00
0.12605 1.45404254e+00
0.12649 1.45320418e+00
0.12693 1.45219165e+00
0.12737 1.45122561e+00
0.12781 1.45039622e+00
0.12825 1.44947090e+00
0.12869 1.44857639e+00
0.12914 1.44770961e+00
0.12959 1.44674447e+00
0.13003 1.44585703e+00
0.13048 1.44497955e+00
0.13094 1.44400998e+00
0.13139 1.44305061e+00
0.13184 1.44191354e+00
0.13230 1.44078418e+00
0.13276 1.43979644e+00
0.13322 1.43862960e+00
0.13368 1.43730620e+00
0.13414 1.43606519e+00
0.13461 1.43489756e+00
0.13507 1.43370483e+00
0.13554 1.43239150e+00
0.13601 1.43123839e+00
0.13648 1.43011501e+00
0.13695 1.42901771e+00
0.13743 1.42782055e+00
0.13790 1.42663708e+00
0.13838 1.42553182e+00
0.13886 1.42438643e+00
0.13934 1.42327196e+00
0.13982 1.42232528e+00
0.14031 1.42136462e+00
0.14079 1.42050894e+00
0.14128 1.41955495e+00
0.14177 1.41874522e+00
0.14226 1.41784817e+00
0.14275 1.41693674e+00
0.14324 1.41621581e+00
0.14374 1.41536730e+00
0.14424 1.41438160e+00
0.14474 1.41342198e+00
0.14524 1.41240995e+00
0.14574 1.41150424e+00
0.14625 1.41042506e+00
0.14675 1.40924961e+00
0.14726 1.40830428e+00
0.14777 1.40726651e+00
0.14828 1.40626304e+00
0.14879 1.40525614e+00
0.14931 1.40402981e+00
0.14983 1.40288915e+00
0.15034 1.40170290e+00
0.15087 1.40047488e+00
0.15139 1.39948978e+00
0.15191 1.39832398e+00
0.15244 1.39717939e+00
0.15297 1.39605317e+00
0.15349 1.39482789e+00
0.15403 1.39368001e+00
0.15456 1.39263667e+00
0.15509 1.39131482e+00
0.15563 1.39009781e+00
0.15617 1.38870219e+00
0.15671 1.38732857e+00
0.15725 1.38581751e+00
0.15780 1.38445052e+00
0.15834 1.38324565e+00
0.15889 1.38191285e+00
0.15944 1.38068687e+00
0.15999 1.37916352e+00
0.16055 1.37790315e+00
0.16110 1.37673193e+00
0.16166 1.37552053e+00
0.16222 1.37432527e+00
0.16278 1.37316037e+00
0.16335 1.37228597e+00
0.16391 1.37122780e+00
0.16448 1.37018152e+00
0.16505 1.36931733e+00
0.16562 1.36821400e+00
0.16619 1.36711252e+00
0.16677 1.36631722e+00
0.16734 1.36553058e+00
0.16792 1.36462960e+00
0.16851 1.36349487e+00
0.16909 1.36238209e+00
0.16967 1.36140963e+00
0.17026 1.36048097e+00
0.17085 1.35916709e+00
0.17144 1.35799856e+00
0.17204 1.35673306e+00
0.17263 1.35573193e+00
0.17323 1.35422869e+00
0.17383 1.35343861e+00
0.17443 1.35204284e+00
0.17503 1.35077127e+00
0.17564 1.34924245e+00
0.17625 1.34810876e+00
0.17686 1.34690553e+00
0.17747 1.34566910e+00
0.17808 1.34435571e+00
0.17870 1.34283465e+00
0.17932 1.34180654e+00
0.17994 1.34027946e+00
0.18056 1.33872724e+00
0.18119 1.33734033e+00
0.18182 1.33603043e+00
0.18244 1.33437726e+00
0.18308 1.33304565e+00
0.18371 1.33172127e+00
0.18435 1.33015780e+00
0.18498 1.32876103e+00
0.18562 1.32762824e+00
0.18627 1.32622923e+00
0.18691 1.32483819e+00
0.18756 1.32368728e+00
0.18821 1.32271686e+00
0.18886 1.32171758e+00
0.18951 1.32042151e+00
0.19017 1.31944039e+00
0.19083 1.31877735e+00
0.19149 1.31754386e+00
0.19215 1.31671312e+00
0.19282 1.31578426e+00
0.19348 1.31446117e+00
0.19415 1.31324475e+00
0.19483 1.31226079e+00
0.19550 1.31106160e+00
0.19618 1.30971197e+00
0.19686 1.30835752e+00
0.19754 1.30682197e+00
0.19822 1.30570217e+00
0.19891 1.30401919e+00
0.19960 1.30236233e+00
0.20029 1.30121884e+00
0.20098 1.29937064e+00
0.20168 1.29811639e+00
0.20237 1.29648641e+00
0.20307 1.29499910e+00
0.20378 1.29349377e+00
0.20448 1.29205739e+00
0.20519 1.29042328e+00
0.20590 1.28885996e+00
0.20661 1.28775405e+00
0.20733 1.28600122e+00
0.20805 1.28442232e+00
0.20877 1.28311078e+00
0.20949 1.28163740e+00
0.21021 1.28041312e+00
0.21094 1.27863780e+00
0.21167 1.27763657e+00
0.21240 1.27624075e+00
0.21314 1.27498670e+00
0.21388 1.27381328e+00
0.21462 1.27277806e+00
0.21536 1.27160892e+00
0.21611 1.27063881e+00
0.21685 1.26962573e+00
0.21760 1.26837800e+00
0.21836 1.26753680e+00
0.21911 1.26640730e+00
0.21987 1.26524852e+00
0.22063 1.26417382e+00
0.22140 1.26282683e+00
0.22216 1.26160912e+00
0.22293 1.26020956e+00
0.22370 1.25914313e+00
0.22448 1.25752356e+00
0.22526 1.25597263e+00
0.22604 1.25481778e+00
0.22682 1.25322076e+00
0.22760 1.25187970e+00
0.22839 1.25027148e+00
0.22918 1.24919354e+00
0.22998 1.24718013e+00
0.23077 1.24633202e+00
0.23157 1.24452011e+00
0.23237 1.24317611e+00
0.23318 1.24161174e+00
0.23398 1.24019342e+00
0.23479 1.23871552e+00
0.23561 1.23695060e+00
0.23642 1.23566364e+00
0.23724 1.23389678e+00
0.23806 1.23257862e+00
0.23889 1.23082330e+00
0.23971 1.22952326e+00
0.24054 1.22809050e+00
0.24137 1.22660807e+00
0.24221 1.22527059e+00
0.24305 1.22410126e+00
0.24389 1.22268932e+00
0.24473 1.22151635e+00
0.24558 1.22027634e+00
0.24643 1.21903846e+00
0.24728 1.21799637e+00
0.24814 1.21637471e+00
0.24900 1.21564596e+00
0.24986 1.21381429e+00
0.25073 1.21297568e+00
0.25159 1.21126332e+00
0.25246 1.21021052e+00
0.25334 1.20853371e+00
0.25422 1.20734641e+00
0.25510 1.20591495e+00
0.25598 1.20438324e+00
0.25687 1.20321655e+00
0.25775 1.20164292e+00
0.25865 1.20030798e+00
0.25954 1.19894945e+00
0.26044 1.19744218e+00
0.26134 1.19599041e+00
0.26225 1.19455611e+00
0.26315 1.19298901e+00
0.26406 1.19138248e+00
0.26498 1.18989572e+00
0.26590 1.18811770e+00
0.26682 1.18656399e+00
0.26774 1.18489390e+00
0.26867 1.18313988e+00
0.26960 1.18157800e+00
0.27053 1.17992702e+00
0.27147 1.17836230e+00
0.27241 1.17653959e+00
0.27335 1.17531028e+00
0.27430 1.17354347e+00
0.27525 1.17209847e+00
0.27620 1.17060777e+00
0.27715 1.16886774e+00
0.27811 1.16774764e+00
0.27908 1.16580277e+00
0.28004 1.16471866e+00
0.28101 1.16286364e+00
0.28198 1.16153647e+00
0.28296 1.16007022e+00
0.28394 1.15845627e+00
0.28492 1.15724637e+00
0.28591 1.15564442e+00
0.28690 1.15445483e+00
0.28789 1.15291232e+00
0.28889 1.15177774e+00
0.28989 1.15045350e+00
0.29089 1.14886987e+00
0.29190 1.14806267e+00
0.29291 1.14632334e+00
0.29392 1.14499959e+00
0.29494 1.14397547e+00
0.29596 1.14229298e+00
0.29699 1.14104450e+00
0.29801 1.13950716e+00
0.29905 1.13815893e+00
0.30008 1.13661169e+00
0.30112 1.13534330e+00
0.30216 1.13360277e+00
0.30321 1.13244634e+00
0.30426 1.13068918e+00
0.30531 1.12943070e+00
0.30637 1.12803060e+00
0.30743 1.12612695e+00
0.30849 1.12518132e+00
0.30956 1.12318906e+00
0.31063 1.12174879e+00
0.31171 1.12044616e+00
0.31279 1.11860124e+00
0.31387 1.11706097e+00
0.31496 1.11560900e+00
0.31605 1.11367673e+00
0.31714 1.11241820e+00
0.31824 1.11088106e+00
0.31934 1.10889995e+00
0.32044 1.10775108e+00
0.32155 1.10616631e+00
0.32267 1.10465854e+00
0.32378 1.10316227e+00
0.32490 1.10177655e+00
0.32603 1.10010537e+00
0.32716 1.09897685e+00
0.32829 1.09741169e+00
0.32943 1.09581298e+00
0.33057 1.09440228e+00
0.33171 1.09324350e+00
0.33286 1.09144438e+00
0.33401 1.09029372e+00
0.33517 1.08901393e+00
0.33633 1.08714298e+00
0.33749 1.08641220e+00
0.33866 1.08466918e+00
0.33983 1.08349447e+00
0.34101 1.08218342e+00
0.34219 1.08075281e+00
0.34337 1.07943275e+00
0.34456 1.07830574e+00
0.34576 1.07649591e+00
0.34695 1.07565955e+00
0.34815 1.07393311e+00
0.34936 1.07240782e+00
0.35057 1.07125601e+00
0.35178 1.06972952e+00
0.35300 1.06826551e+00
0.35422 1.06684485e+00
0.35545 1.06523076e+00
0.35668 1.06391677e+00
0.35791 1.06238396e+00
0.35915 1.06076887e+00
0.36039 1.05939376e+00
0.36164 1.05768425e+00
0.36289 1.05623691e+00
0.36415 1.05461933e+00
0.36541 1.05281244e+00
0.36668 1.05148447e+00
0.36795 1.04988641e+00
0.36922 1.04783521e+00
0.37050 1.04662975e+00
0.37178 1.04503845e+00
0.37307 1.04303236e+00
0.37436 1.04166038e+00
0.37565 1.04056268e+00
0.37695 1.03836952e+00
0.37826 1.03691228e+00
0.37957 1.03592772e+00
0.38088 1.03409033e+00
0.38220 1.03258495e+00
0.38352 1.03119241e+00
0.38485 1.02965134e+00
0.38618 1.02838057e+00
0.38752 1.02695871e+00
0.38886 1.02526522e+00
0.39021 1.02398016e+00
0.39156 1.02284826e+00
0.39291 1.02107762e+00
0.39427 1.01980485e+00
0.39564 1.01855921e+00
0.39701 1.01677941e+00
0.39838 1.01576235e+00
0.39976 1.01424666e+00
0.40115 1.01249513e+00
0.40253 1.01143696e+00
0.40393 1.00979877e+00
0.40533 1.00818020e+00
0.40673 1.00663549e+00
0.40814 1.00500467e+00
0.40955 1.00392554e+00
0.41097 1.00209173e+00
0.41239 1.00009584e+00
0.41382 9.98849650e-01
0.41525 9.97312313e-01
0.41669 9.95465607e-01
0.41813 9.93777444e-01
0.41958 9.92270919e-01
0.42103 9.90758172e-01
0.42249 9.88973340e-01
0.42395 9.87113842e-01
0.42542 9.85667847e-01
0.42689 9.84127772e-01
0.42837 9.82419001e-01
0.42985 9.80894357e-01
0.43134 9.79117241e-01
0.43283 9.77557106e-01
0.43433 9.76300814e-01
0.43583 9.74535445e-01
0.43734 9.72967246e-01
0.43886 9.71655054e-01
0.44037 9.69996260e-01
0.44190 9.68659776e-01
0.44343 9.67262165e-01
0.44496 9.65448562e-01
0.44650 9.64144384e-01
0.44805 9.62975701e-01
0.44960 9.61163193e-01
0.45116 9.59802816e-01
0.45272 9.58568327e-01
0.45429 9.57042340e-01
0.45586 9.55389518e-01
0.45744 9.53814898e-01
0.45902 9.52314844e-01
0.46061 9.51281557e-01
0.46220 9.49660395e-01
0.46380 9.47704676e-01
0.46541 9.46455602e-01
0.46702 9.45182635e-01
0.46864 9.43229454e-01
0.47026 9.41542635e-01
0.47189 9.40233429e-01
0.47352 9.38514951e-01
0.47516 9.37070798e-01
0.47680 9.35628238e-01
0.47845 9.33825536e-01
0.48011 9.31904960e-01
0.48177 9.30635826e-01
0.48344 9.29100779e-01
0.48511 9.27466624e-01
0.48679 9.26174443e-01
0.48848 9.24412260e-01
0.49017 9.22417863e-01
0.49186 9.21261924e-01
0.49357 9.20230727e-01
0.49528 9.18582137e-01
0.49699 9.16543787e-01
0.49871 9.15152348e-01
0.50044 9.14107712e-01
0.50217 9.12760875e-01
0.50391 9.11176249e-01
0.50565 9.09601031e-01
0.50740 9.07827300e-01
0.50916 9.06795008e-01
0.51092 9.05774862e-01
0.51269 9.04006059e-01
0.51446 9.02283548e-01
0.51625 9.01373163e-01
0.51803 8.99952455e-01
0.51983 8.98250652e-01
0.52163 8.96341376e-01
0.52343 8.95170304e-01
0.52524 8.94582478e-01
0.52706 8.92836423e-01
0.52889 8.90624896e-01
0.53072 8.89339186e-01
0.53255 8.88317049e-01
0.53440 8.86632818e-01
0.53625 8.84964117e-01
0.53810 8.83638436e-01
0.53997 8.82162823e-01
0.54183 8.80771086e-01
0.54371 8.79346795e-01
0.54559 8.77754354e-01
0.54748 8.75984206e-01
0.54938 8.74877995e-01
0.55128 8.73737536e-01
0.55319 8.72175161e-01
0.55510 8.70356530e-01
0.55702 8.69247182e-01
0.55895 8.67869383e-01
0.56089 8.66496014e-01
0.56283 8.65087403e-01
0.56478 8.63574009e-01
0.56673 8.62336384e-01
0.56869 8.61291797e-01
0.57066 8.59870244e-01
0.57264 8.57867783e-01
0.57462 8.56670876e-01
0.57661 8.56081756e-01
0.57860 8.54578916e-01
0.58061 8.52657692e-01
0.58262 8.51263865e-01
0.58463 8.50090553e-01
0.58666 8.48844267e-01
0.58869 8.47787086e-01
0.59073 8.46532686e-01
0.59277 8.44538588e-01
0.59482 8.42806322e-01
0.59688 8.41985337e-01
0.59895 8.40954140e-01
0.60102 8.39167964e-01
0.60310 8.37725753e-01
0.60519 8.36546368e-01
0.60728 8.35119986e-01
0.60939 8.33785244e-01
0.61150 8.32480469e-01
0.61361 8.31108544e-01
0.61574 8.29815218e-01
0.61787 8.28402674e-01
0.62001 8.26880469e-01
0.62215 8.25703822e-01
0.62431 8.24695723e-01
0.62647 8.23334101e-01
0.62864 8.21948537e-01
0.63081 8.20596572e-01
0.63300 8.19008562e-01
0.63519 8.17988167e-01
0.63739 8.17019840e-01
0.63959 8.15402261e-01
0.64181 8.14098830e-01
0.64403 8.12840647e-01
0.64626 8.11354980e-01
0.64849 8.10223680e-01
0.65074 8.08975403e-01
0.65299 8.07497550e-01
0.65525 8.06291136e-01
0.65752 8.05202596e-01
0.65980 8.03662571e-01
0.66208 8.02201045e-01
0.66437 8.00977607e-01
0.66667 7.99668551e-01
0.66898 7.98190450e-01
0.67130 7.97002951e-01
0.67362 7.96048811e-01
0.67595 7.94608789e-01
0.67829 7.92597717e-01
0.68064 7.91229874e-01
0.68299 7.90448960e-01
0.68536 7.89540018e-01
0.68773 7.88563428e-01
0.69011 7.86800149e-01
0.69250 7.84725511e-01
0.69490 7.83478180e-01
0.69730 7.82682581e-01
0.69972 7.81472334e-01
0.70214 7.80358905e-01
0.70457 7.78994297e-01
0.70701 7.77425451e-01
0.70946 7.76320583e-01
0.71191 7.75104661e-01
0.71438 7.73487680e-01
0.71685 7.72107541e-01
0.71933 7.71160818e-01
0.72182 7.70135047e-01
0.72432 7.68781988e-01
0.72683 7.67009998e-01
0.72934 7.65400284e-01
0.73187 7.64307712e-01
0.73440 7.63311708e-01
0.73694 7.61930126e-01
0.73949 7.60305579e-01
0.74205 7.59063175e-01
0.74462 7.58052188e-01
0.74720 7.56808142e-01
0.74979 7.55210375e-01
0.75238 7.53616740e-01
0.75499 7.52400071e-01
0.75760 7.51365788e-01
0.76022 7.50139712e-01
0.76285 7.48649067e-01
0.76549 7.46946866e-01
0.76814 7.45352583e-01
0.77080 7.44747883e-01
0.77347 7.44315015e-01
0.77615 7.42486926e-01
0.77884 7.40235477e-01
0.78153 7.39204828e-01
0.78424 7.38652544e-01
0.78695 7.37326962e-01
0.78968 7.35601863e-01
0.79241 7.34126997e-01
0.79515 7.32869113e-01
0.79790 7.31742841e-01
0.80067 7.30590236e-01
0.80344 7.29288348e-01
0.80622 7.27884366e-01
0.80901 7.26340608e-01
0.81181 7.24879979e-01
0.81462 7.23920711e-01
0.81744 7.23236316e-01
0.82027 7.21821732e-01
0.82311 7.19892693e-01
0.82596 7.18305529e-01
0.82882 7.17269703e-01
0.83169 7.16156921e-01
0.83457 7.14552085e-01
0.83745 7.13071644e-01
0.84035 7.12133284e-01
0.84326 7.11316828e-01
0.84618 7.10051776e-01
0.84911 7.08129906e-01
0.85205 7.06258560e-01
0.85500 7.05342151e-01
0.85796 7.04692800e-01
0.86093 7.03435065e-01
0.86391 7.02090169e-01
0.86690 7.00806002e-01
0.86990 6.99170304e-01
0.87291 6.97416334e-01
0.87593 6.96214300e-01
0.87897 6.95258318e-01
0.88201 6.94111886e-01
0.88506 6.92806713e-01
0.88813 6.91456690e-01
0.89120 6.89989390e-01
0.89428 6.88542300e-01
0.89738 6.87435591e-01
0.90049 6.86546859e-01
0.90360 6.85601230e-01
0.90673 6.84199936e-01
0.90987 6.82316245e-01
0.91302 6.80452167e-01
0.91618 6.79243115e-01
0.91935 6.78416704e-01
0.92253 6.77006101e-01
0.92573 6.75413212e-01
0.92893 6.74246123e-01
0.93215 6.73441863e-01
0.93537 6.72583246e-01
0.93861 6.71137600e-01
0.94186 6.69185017e-01
0.94512 6.67495161e-01
0.94839 6.66616036e-01
0.95168 6.65936868e-01
0.95497 6.64565689e-01
0.95828 6.62563278e-01
0.96159 6.60966059e-01
0.96492 6.60091264e-01
0.96826 6.59306268e-01
0.97161 6.58074766e-01
0.97498 6.56469284e-01
0.97835 6.54780722e-01
0.98174 6.53430201e-01
0.98514 6.52406571e-01
0.98855 6.51338140e-01
0.99197 6.50198130e-01
0.99540 6.49176590e-01
0.99885 6.47957881e-01
1.00231 6.46467136e-01
1.00578 6.45008946e-01
1.00926 6.43681223e-01
1.01275 6.42193266e-01
1.01626 6.40915520e-01
1.01978 6.39967701e-01
1.02330 6.38822215e-01
1.02685 6.37267058e-01
1.03040 6.35707420e-01
1.03397 6.34469845e-01
1.03755 6.33878635e-01
1.04114 6.33464533e-01
1.04474 6.32336021e-01
1.04836 6.30582798e-01
1.05199 6.28769742e-01
1.05563 6.26883214e-01
1.05928 6.25548572e-01
1.06295 6.25159708e-01
1.06663 6.24836302e-01
1.07032 6.23834972e-01
1.07403 6.21883883e-01
1.07775 6.19982620e-01
1.08148 6.18605717e-01
1.08522 6.17520313e-01
1.08898 6.16745621e-01
1.09275 6.16349092e-01
1.09653 6.15557625e-01
1.10032 6.13923371e-01
1.10413 6.12137543e-01
1.10796 6.10843321e-01
1.11179 6.09782308e-01
1.11564 6.08773063e-01
1.11950 6.08132672e-01
1.12338 6.07458034e-01
1.12726 6.06124736e-01
1.13117 6.04292715e-01
1.13508 6.02624860e-01
1.13901 6.01320533e-01
1.14295 6.00696320e-01
1.14691 6.00108793e-01
1.15088 5.99192384e-01
1.15487 5.97831509e-01
1.15886 5.96856612e-01
1.16287 5.96139513e-01
1.16690 5.94743545e-01
1.17094 5.93091570e-01
1.17499 5.91605106e-01
1.17906 5.91250340e-01
1.18314 5.91152924e-01
1.18724 5.89955719e-01
1.19135 5.87874012e-01
1.19547 5.86036964e-01
1.19961 5.85216377e-01
1.20376 5.84754887e-01
1.20793 5.84306638e-01
1.21211 5.82852530e-01
1.21630 5.80971228e-01
1.22052 5.80298432e-01
1.22474 5.79948196e-01
1.22898 5.79240107e-01
1.23323 5.77435115e-01
1.23750 5.75213035e-01
1.24179 5.74425600e-01
1.24609 5.74403150e-01
1.25040 5.74249436e-01
1.25473 5.72949490e-01
1.25907 5.70620736e-01
1.26343 5.69453995e-01
1.26780 5.68887723e-01
1.27219 5.67889230e-01
1.27659 5.66691876e-01
1.28101 5.65202724e-01
1.28545 5.64076153e-01
1.28990 5.63192896e-01
1.29436 5.62487794e-01
1.29884 5.61878165e-01
1.30334 5.60696092e-01
1.30785 5.59225458e-01
1.31238 5.58292672e-01
1.31692 5.57313294e-01
1.32148 5.56315996e-01
1.32605 5.55050197e-01
1.33064 5.53690468e-01
1.33525 5.52918165e-01
1.33987 5.52148900e-01
1.34451 5.50694393e-01
1.34916 5.49449899e-01
1.35383 5.48207595e-01
1.35852 5.46917156e-01
1.36322 5.46208818e-01
1.36794 5.45586745e-01
1.37268 5.44172956e-01
1.37743 5.42842994e-01
1.38220 5.41915932e-01
1.38698 5.41006492e-01
1.39178 5.40174357e-01
1.39660 5.39389262e-01
1.40144 5.38013803e-01
1.40629 5.36251868e-01
1.41115 5.35103196e-01
1.41604 5.34147314e-01
1.42094 5.33045831e-01
1.42586 5.32244160e-01
1.43080 5.31722887e-01
1.43575 5.30489543e-01
1.44072 5.29027271e-01
1.44571 5.27947342e-01
1.45071 5.27053483e-01
1.45573 5.25443769e-01
1.46077 5.24323520e-01
1.46583 5.23244437e-01
1.47090 5.22206322e-01
1.47599 5.21347157e-01
1.48110 5.20727872e-01
1.48623 5.19870350e-01
1.49137 5.18303644e-01
1.49654 5.17441892e-01
1.50172 5.16644601e-01
1.50692 5.15354709e-01
1.51213 5.13643349e-01
1.51737 5.12537486e-01
1.52262 5.12003868e-01
1.52789 5.11239232e-01
1.53318 5.10375388e-01
1.53849 5.08930240e-01
1.54381 5.07305095e-01
1.54916 5.05861888e-01
1.55452 5.05114624e-01
1.55990 5.04639445e-01
1.56530 5.03972722e-01
1.57072 5.03414564e-01
1.57615 5.02148018e-01
1.58161 5.01014777e-01
1.58709 5.00507890e-01
1.59258 5.00166962e-01
1.59809 4.99588494e-01
1.60362 4.98065444e-01
1.60918 4.96058702e-01
1.61475 4.93903623e-01
1.62034 4.91366151e-01
1.62594 4.89957888e-01
1.63157 4.90238236e-01
1.63722 4.92143481e-01
1.64289 4.94338233e-01
1.64857 4.93669767e-01
1.65428 4.91194069e-01
1.66001 4.88459975e-01
1.66575 4.85238756e-01
1.67152 4.82878692e-01
1.67731 4.81759787e-01
1.68311 4.81801301e-01
1.68894 4.83904313e-01
1.69478 4.86738560e-01
1.70065 4.87375218e-01
1.70654 4.85452004e-01
1.71245 4.81779698e-01
1.71837 4.77964629e-01
1.72432 4.74690844e-01
1.73029 4.73122197e-01
1.73628 4.74016206e-01
1.74229 4.76515449e-01
1.74832 4.79092892e-01
1.75437 4.81133881e-01
1.76045 4.80595335e-01
1.76654 4.76276167e-01
1.77266 4.71520597e-01
1.77879 4.68720996e-01
1.78495 4.67802446e-01
1.79113 4.68392462e-01
1.79733 4.70163904e-01
1.80355 4.72141376e-01
1.80979 4.72910343e-01
1.81606 4.71827228e-01
1.82234 4.69382244e-01
1.82865 4.67092964e-01
1.83498 4.66317774e-01
1.84133 4.66315883e-01
1.84771 4.65945188e-01
1.85410 4.65824676e-01
1.86052 4.65950812e-01
1.86696 4.65648661e-01
1.87342 4.64613582e-01
1.87991 4.63512996e-01
1.88642 4.62336747e-01
1.89295 4.61881728e-01
1.89950 4.61877049e-01
1.90607 4.61331982e-01
1.91267 4.61142727e-01
1.91929 4.61254926e-01
1.92594 4.61545628e-01
1.93260 4.62323008e-01
1.93929 4.62601365e-01
1.94601 4.61628558e-01
1.95274 4.59857415e-01
1.95950 4.58109468e-01
1.96629 4.56540572e-01
1.97309 4.54777593e-01
1.97992 4.53778105e-01
1.98678 4.55348942e-01
1.99365 4.58603513e-01
2.00055 4.60948046e-01
2.00748 4.61824533e-01
2.01443 4.61282901e-01
2.02140 4.60726137e-01
2.02840 4.60123428e-01
2.03542 4.58679474e-01
2.04247 4.58195335e-01
2.04954 4.59838997e-01
2.05663 4.62051620e-01
2.06375 4.64210133e-01
2.07090 4.66823367e-01
2.07806 4.69697884e-01
2.08526 4.71236964e-01
2.09247 4.70752277e-01
2.09972 4.69674190e-01
2.10699 4.68859079e-01
2.11428 4.68488135e-01
2.12160 4.68576590e-01
2.12894 4.69166158e-01
2.13631 4.69842140e-01
2.14371 4.71714631e-01
2.15113 4.75220729e-01
2.15857 4.78846293e-01
2.16605 4.81584768e-01
2.17354 4.83034546e-01
2.18107 4.83086862e-01
2.18862 4.82026347e-01
2.19619 4.80938603e-01
2.20380 4.80465863e-01
2.21143 4.79669120e-01
2.21908 4.78845447e-01
2.22676 4.79362987e-01
2.23447 4.81550521e-01
2.24220 4.85231488e-01
2.24997 4.89432284e-01
2.25775 4.92820409e-01
2.26557 4.95369628e-01
2.27341 4.96605312e-01
2.28128 4.96071794e-01
2.28918 4.94114332e-01
2.29710 4.91115819e-01
2.30505 4.88498553e-01
2.31303 4.87698027e-01
2.32104 4.88743111e-01
2.32908 4.91514290e-01
2.33714 4.96164629e-01
2.34523 5.01964736e-01
2.35335 5.07491662e-01
2.36149 5.10686350e-01
2.36967 5.10226105e-01
2.37787 5.06741810e-01
2.38610 5.01641131e-01
2.39436 4.97483890e-01
2.40265 4.96270258e-01
2.41097 4.97647161e-01
2.41931 5.00931797e-01
2.42769 5.05929636e-01
2.43609 5.11533220e-01
2.44452 5.15921131e-01
2.45298 5.18263972e-01
2.46148 5.18745124e-01
2.47000 5.17642396e-01
2.47855 5.15476466e-01
2.48713 5.13163940e-01
2.49574 5.11492053e-01
2.50438 5.10529799e-01
2.51304 5.10386738e-01
2.52174 5.11604800e-01
2.53047 5.14504455e-01
2.53923 5.18582400e-01
2.54802 5.22487417e-01
2.55684 5.25290354e-01
2.56569 5.26832420e-01
2.57457 5.26716089e-01
2.58349 5.25452331e-01
2.59243 5.24186133e-01
2.60140 5.23022827e-01
2.61041 5.22080434e-01
2.61944 5.22112640e-01
2.62851 5.23343744e-01
2.63761 5.25117077e-01
2.64674 5.26983844e-01
2.65590 5.29073465e-01
2.66510 5.31165774e-01
2.67432 5.32734372e-01
2.68358 5.33605035e-01
2.69287 5.33765767e-01
2.70219 5.33326130e-01
2.71154 5.32699278e-01
2.72093 5.32149035e-01
2.73035 5.31786304e-01
2.73980 5.32026332e-01
2.74928 5.33157632e-01
2.75880 5.35013547e-01
2.76835 5.37102322e-01
2.77793 5.39057543e-01
2.78755 5.40677860e-01
2.79720 5.41566044e-01
2.80688 5.41454094e-01
2.81660 5.40554361e-01
2.82635 5.39346802e-01
2.83613 5.38469319e-01
2.84595 5.38423374e-01
2.85580 5.39244708e-01
2.86569 5.40502044e-01
2.87561 5.41669184e-01
2.88556 5.42491662e-01
2.89555 5.42853348e-01
2.90557 5.42845084e-01
2.91563 5.42891278e-01
2.92572 5.43351922e-01
2.93585 5.44369529e-01
2.94601 5.45877596e-01
2.95621 5.47511900e-01
2.96644 5.48787008e-01
2.97671 5.49350841e-01
2.98702 5.49068103e-01
2.99736 5.48094848e-01
3.00773 5.46911879e-01
3.01814 5.46067051e-01
3.02859 5.45785756e-01
3.03907 5.46104235e-01
3.04960 5.47025721e-01
3.06015 5.48395456e-01
3.07074 5.49824277e-01
3.08137 5.50834268e-01
3.09204 5.51073948e-01
3.10274 5.50507477e-01
3.11348 5.49451342e-01
3.12426 5.48427164e-01
3.13508 5.47948551e-01
3.14593 5.48306503e-01
3.15682 5.49452089e-01
3.16775 5.51044132e-01
3.17871 5.52595755e-01
3.18972 5.53637753e-01
3.20076 5.53891470e-01
3.21184 5.53409273e-01
3.22295 5.52558123e-01
3.23411 5.51820864e-01
3.24531 5.51546041e-01
3.25654 5.51805483e-01
3.26781 5.52412124e-01
3.27912 5.53045945e-01
3.29047 5.53412160e-01
3.30187 5.53340928e-01
3.31330 5.52807708e-01
3.32476 5.51938240e-01
3.33627 5.50985593e-01
3.34782 5.50223644e-01
3.35941 5.49828210e-01
3.37104 5.49844139e-01
3.38271 5.50219961e-01
3.39442 5.50839744e-01
3.40617 5.51530958e-01
3.41796 5.52096135e-01
3.42979 5.52385294e-01
3.44166 5.52363591e-01
3.45358 5.52117141e-01
3.46553 5.51789504e-01
3.47753 5.51519708e-01
3.48957 5.51425877e-01
3.50164 5.51592782e-01
3.51377 5.52029931e-01
3.52593 5.52639360e-01
3.53814 5.53225344e-01
3.55038 5.53575879e-01
3.56267 5.53546610e-01
3.57500 5.53117326e-01
3.58738 5.52401024e-01
3.59980 5.51601344e-01
3.61226 5.50924316e-01
3.62476 5.50491598e-01
3.63731 5.50301746e-01
3.64990 5.50254059e-01
3.66254 5.50204928e-01
3.67521 5.50032398e-01
3.68794 5.49684551e-01
3.70070 5.49193742e-01
3.71351 5.48650318e-01
3.72637 5.48155975e-01
3.73927 5.47781746e-01
3.75221 5.47547541e-01
3.76520 5.47429070e-01
3.77823 5.47380039e-01
3.79131 5.47355947e-01
3.80443 5.47326926e-01
3.81760 5.47277447e-01
3.83082 5.47201387e-01
3.84408 5.47102229e-01
3.85739 5.46990976e-01
3.87074 5.46880519e-01
3.88414 5.46776832e-01
3.89758 5.46675883e-01
3.91107 5.46568064e-01
3.92461 5.46444914e-01
3.93820 5.46300459e-01
3.95183 5.46128626e-01
3.96551 5.45918514e-01
3.97924 5.45652452e-01
3.99301 5.45309084e-01
4.00683 5.44980252e-01
4.02070 5.44657842e-01
4.03462 5.44245333e-01
4.04859 5.43783097e-01
4.06260 5.43322404e-01
4.07667 5.42906660e-01
4.09078 5.42556672e-01
4.10494 5.42268060e-01
4.11915 5.42018773e-01
4.13341 5.41783972e-01
4.14771 5.41548821e-01
4.16207 5.41315214e-01
4.17648 5.41100124e-01
4.19094 5.40925952e-01
4.20545 5.40809721e-01
4.22000 5.40755413e-01
4.23461 5.40754567e-01
4.24927 5.40792000e-01
4.26398 5.40853028e-01
4.27874 5.40929337e-01
4.29355 5.41018837e-01
4.30841 5.41122475e-01
4.32332 5.41240149e-01
4.33829 5.41368078e-01
4.35331 5.41499492e-01
4.36838 5.41625678e-01
4.38350 5.41737081e-01
4.39867 5.41824540e-01
4.41390 5.41878599e-01
4.42918 5.41890297e-01
4.44451 5.41851371e-01
4.45990 5.41755499e-01
4.47533 5.41599196e-01
4.49083 5.41381468e-01
4.50637 5.41157916e-01
4.52197 5.40954126e-01
4.53762 5.40696078e-01
4.55333 5.40389796e-01
4.56909 5.40043641e-01
4.58491 5.39668117e-01
4.60078 5.39274873e-01
4.61670 5.38876004e-01
4.63269 5.38482411e-01
4.64872 5.38102955e-01
4.66481 5.37743808e-01
4.68096 5.37409600e-01
4.69717 5.37103666e-01
4.71343 5.36828743e-01
4.72974 5.36587570e-01
4.74611 5.36382386e-01
4.76254 5.36215182e-01
4.77903 5.36086855e-01
4.79557 5.35997006e-01
4.81217 5.35944192e-01
4.82883 5.35925774e-01
4.84555 5.35938567e-01
4.86232 5.35978987e-01
4.87915 5.36043449e-01
4.89604 5.36128519e-01
4.91299 5.36230464e-01
4.92999 5.36345351e-01
4.94706 5.36468800e-01
4.96418 5.36595932e-01
4.98137 5.36721572e-01
4.99861 5.36840292e-01
5.01591 5.36904704e-01
5.03328 5.36946069e-01
5.05070 5.36962844e-01
5.06818 5.36950549e-01
5.08573 5.36905600e-01
5.10333 5.36825159e-01
5.12100 5.36707634e-01
5.13873 5.36552676e-01
5.15651 5.36360782e-01
5.17436 5.36133596e-01
5.19228 5.35873657e-01
5.21025 5.35584000e-01
5.22828 5.35268309e-01
5.24638 5.34930617e-01
5.26454 5.34575403e-01
5.28277 5.34207047e-01
5.30105 5.33830080e-01
5.31940 5.33448932e-01
5.33782 5.33067883e-01
5.35629 5.32690916e-01
5.37484 5.32321813e-01
5.39344 5.31963712e-01
5.41211 5.31619797e-01
5.43084 5.31292608e-01
5.44965 5.30984284e-01
5.46851 5.30696768e-01
5.48744 5.30431253e-01
5.50643 5.30268629e-01
5.52550 5.30288092e-01
5.54462 5.30334485e-01
5.56381 5.30407260e-01
5.58308 5.30505273e-01
5.60240 5.30626930e-01
5.62179 5.30770041e-01
5.64125 5.30932167e-01
5.66078 5.31110521e-01
5.68038 5.31301817e-01
5.70004 5.31502820e-01
5.71977 5.31709845e-01
5.73957 5.31919260e-01
5.75944 5.32127531e-01
5.77938 5.32330972e-01
5.79938 5.32526251e-01
5.81946 5.32710428e-01
5.83960 5.32880619e-01
5.85982 5.33034432e-01
5.88010 5.33169977e-01
5.90045 5.33285860e-01
5.92088 5.33381084e-01
5.94137 5.33455154e-01
5.96194 5.33508018e-01
5.98258 5.33540124e-01
6.00329 5.33481038e-01
6.02407 5.33024676e-01
6.04492 5.32549845e-01
6.06585 5.32058688e-01
6.08684 5.31553543e-01
6.10791 5.31036800e-01
6.12906 5.30511246e-01
6.15027 5.29979620e-01
6.17156 5.29444658e-01
6.19293 5.28909198e-01
6.21436 5.27916779e-01
6.23588 5.26703844e-01
6.25746 5.25499669e-01
6.27912 5.24306446e-01
6.30086 5.23126165e-01
6.32267 5.21960718e-01
6.34455 5.20811499e-01
6.36652 5.19680000e-01
6.38856 5.18567218e-01
6.41067 5.17522731e-01
6.43286 5.16554254e-01
6.45513 5.15610617e-01
6.47747 5.14691371e-01
6.49990 5.13795968e-01
6.52240 5.12923314e-01
6.54497 5.12072114e-01
6.56763 5.11240626e-01
6.59037 5.10427058e-01
6.61318 5.09565006e-01
6.63607 5.08669902e-01
6.65904 5.07786695e-01
6.68209 5.06913095e-01
6.70522 5.06046613e-01
6.72843 5.05184761e-01
6.75172 5.04325547e-01
6.77510 5.03466681e-01
6.79855 5.02606222e-01
6.82208 5.01472932e-01
6.84570 5.00317191e-01
6.86939 4.99155129e-01
6.89317 4.97985948e-01
6.91704 4.96808754e-01
6.94098 4.95623296e-01
6.96500 4.94429476e-01
6.98911 4.93227442e-01
7.01331 4.91843371e-01
7.03759 4.90313998e-01
7.06195 4.88785074e-01
7.08639 4.87258539e-01
7.11092 4.86388523e-01
7.13554 4.86332971e-01
7.16024 4.86277468e-01
7.18502 4.86223410e-01
7.20990 4.85911054e-01
7.23485 4.85211577e-01
7.25990 4.84525291e-01
7.28503 4.83854137e-01
7.31025 4.83614805e-01
7.33555 4.83997746e-01
7.36094 4.84395122e-01
7.38642 4.84807481e-01
7.41199 4.85615723e-01
7.43765 4.86881970e-01
7.46340 4.88178432e-01
7.48923 4.89504761e-01
7.51516 4.91917141e-01
7.54117 4.95128953e-01
7.56727 4.98392782e-01
7.59347 5.01708132e-01
7.61975 5.03123762e-01
7.64613 5.03923093e-01
7.67260 5.04748658e-01
7.69916 5.05600007e-01
7.72581 5.05761188e-01
7.75255 5.05932523e-01
7.77939 5.06137557e-01
7.80632 5.05511004e-01
7.83334 5.02119495e-01
7.86046 4.98808128e-01
7.88767 4.95577451e-01
7.91497 4.93593010e-01
7.94237 4.92650069e-01
7.96986 4.91786524e-01
7.99745 4.91003072e-01
8.02513 5.35021461e-01
8.05291 5.26574720e-01
8.08079 5.18411015e-01
8.10876 5.32828452e-01
8.13683 5.24315356e-01
8.16500 5.24050788e-01
8.19326 5.52774108e-01
8.22162 4.98906588e-01
8.25008 5.70115044e-01
8.27864 4.78476395e-01
8.30730 5.65308501e-01
8.33605 5.70105436e-01
8.36491 5.72764366e-01
8.39386 5.88423310e-01
8.42292 5.35199218e-01
8.45208 5.61196459e-01
8.48133 6.02127531e-01
8.51069 5.98546766e-01
8.54016 6.16811577e-01
8.56972 5.99341269e-01
8.59938 6.37814862e-01
8.62915 6.43957938e-01
8.65902 7.02102066e-01
8.68899 8.14094798e-01
8.71907 8.95721294e-01
8.74925 9.03933931e-01
8.77954 1.01197461e+00
8.80993 1.19410129e+00
8.84043 1.31267390e+00
8.87103 1.26294022e+00
8.90174 1.20344234e+00
8.93255 1.18005385e+00
8.96347 1.16982064e+00
8.99450 1.20399532e+00
9.02563 1.18648927e+00
9.05688 1.25639519e+00
9.08823 1.30046709e+00
9.11969 1.34151798e+00
9.15126 1.38833493e+00
9.18294 1.44433005e+00
9.21472 1.49714825e+00
9.24662 1.55651214e+00
9.27863 1.60588552e+00
9.31075 1.64806681e+00
9.34298 1.67234343e+00
9.37532 1.69647361e+00
9.40777 1.72994603e+00
9.44034 1.76584407e+00
9.47302 1.81267495e+00
9.50581 1.86382665e+00
9.53871 1.90849543e+00
9.57173 1.95254080e+00
9.60487 1.98418354e+00
9.63811 1.96609877e+00
9.67148 1.91064633e+00
9.70495 1.87164942e+00
9.73855 1.86779413e+00
9.77226 1.88515015e+00
9.80609 1.90246485e+00
9.84003 1.92976796e+00
9.87409 1.96791765e+00
9.90827 1.99443776e+00
9.94257 1.96752839e+00
9.97699 1.89294884e+00
10.01153 1.81544334e+00
10.04618 1.76071467e+00
10.08096 1.73506716e+00
10.11585 1.72753230e+00
10.15087 1.72921031e+00
10.18601 1.75384489e+00
10.22127 1.77821151e+00
10.25665 1.77909506e+00
10.29215 1.75530965e+00
10.32778 1.72792724e+00
10.36353 1.70543425e+00
10.39941 1.69202865e+00
10.43540 1.67866655e+00
10.47153 1.68025805e+00
10.50777 1.69246824e+00
10.54415 1.71327216e+00
10.58065 1.73267136e+00
10.61727 1.74649156e+00
10.65403 1.76570788e+00
10.69091 1.78957632e+00
10.72791 1.80986773e+00
10.76505 1.82548999e+00
10.80231 1.84627918e+00
10.83971 1.86529828e+00
10.87723 1.86262571e+00
10.91488 1.84277931e+00
10.95266 1.78028878e+00
10.99058 1.74026297e+00
11.02862 1.69373115e+00
11.06680 1.63900302e+00
11.10511 1.60270994e+00
11.14355 1.55390487e+00
11.18212 1.51868720e+00
11.22083 1.50377014e+00
11.25967 1.52887367e+00
11.29865 1.60801506e+00
11.33776 1.67859826e+00
11.37701 1.66944651e+00
11.41639 1.65986763e+00
11.45591 1.64037624e+00
11.49556 1.62568816e+00
11.53536 1.59093705e+00
11.57529 1.54687884e+00
11.61536 1.48697054e+00
11.65556 1.41666779e+00
11.69591 1.35721401e+00
11.73640 1.30428679e+00
11.77702 1.22618143e+00
11.81779 1.13149593e+00
11.85870 1.10402188e+00
11.89975 1.01578893e+00
11.94094 1.00925116e+00
11.98227 9.71982841e-01
12.02375 8.94387349e-01
12.06537 8.96721828e-01
12.10714 8.19006571e-01
12.14905 7.68691890e-01
12.19110 7.57245191e-01
12.23330 7.06114155e-01
12.27565 7.47871388e-01
12.31814 7.11200548e-01
12.36078 6.51109710e-01
12.40357 6.82604409e-01
12.44651 6.65001244e-01
12.48959 6.26850759e-01
12.53283 5.66309532e-01
12.57621 6.09917454e-01
12.61974 5.76783972e-01
12.66343 5.81721927e-01
12.70726 5.54013675e-01
12.75125 5.33367147e-01
12.79539 5.44040249e-01
12.83968 5.28752498e-01
12.88413 4.82863559e-01
12.92873 4.78683819e-01
12.97348 5.35665536e-01
13.01839 5.11398670e-01
13.06345 5.14168007e-01
13.10867 5.08290148e-01
13.15405 5.07957881e-01
13.19959 5.67731285e-01
13.24528 5.68575815e-01
13.29113 5.31592619e-01
13.33713 6.01173141e-01
13.38330 6.98308999e-01
13.42963 7.78037170e-01
13.47612 7.59710485e-01
13.52277 7.11988480e-01
13.56958 6.88308196e-01
13.61655 7.04357298e-01
13.66368 7.98816007e-01
13.71098 8.91108587e-01
13.75844 9.83371648e-01
13.80607 1.03523477e+00
13.85386 9.97955093e-01
13.90182 9.47242489e-01
13.94994 8.13871794e-01
13.99823 7.30675257e-01
14.04668 6.87138069e-01
14.09531 6.64183147e-01
14.14410 6.77010980e-01
14.19306 6.91265195e-01
14.24219 7.75893888e-01
14.29149 8.70876459e-01
14.34096 9.44662556e-01
14.39060 1.01603319e+00
14.44042 1.01936805e+00
14.49041 9.86570468e-01
14.54057 9.80808043e-01
14.59090 9.51395748e-01
14.64141 9.74184064e-01
14.69209 1.00285377e+00
14.74295 1.00752099e+00
14.79398 9.88545451e-01
14.84519 9.68933504e-01
14.89658 9.48388473e-01
14.94814 8.99186176e-01
14.99989 8.38062848e-01
15.05181 7.96544697e-01
15.10392 8.84971186e-01
15.15620 9.30978795e-01
15.20866 1.02409664e+00
15.26131 1.12975928e+00
15.31414 1.19000996e+00
15.36715 1.21415268e+00
15.42034 1.21869878e+00
15.47372 1.21820508e+00
15.52729 1.21173333e+00
15.58103 1.18827968e+00
15.63497 1.13293630e+00
15.68909 1.03331081e+00
15.74340 9.70439232e-01
15.79790 9.21768661e-01
15.85258 8.67555086e-01
15.90746 8.63066076e-01
15.96252 8.19838507e-01
16.01778 7.78196558e-01
16.07323 7.61004757e-01
16.12886 7.73646620e-01
16.18470 8.21534684e-01
16.24072 8.90737792e-01
16.29694 8.85956487e-01
16.35335 9.00414741e-01
16.40996 9.46311794e-01
16.46677 9.21376412e-01
16.52377 9.22351808e-01
16.58097 9.29102770e-01
16.63836 8.58182777e-01
16.69596 8.39029234e-01
16.75375 8.54620530e-01
16.81175 9.10533916e-01
16.86994 9.20201458e-01
16.92834 9.15587854e-01
16.98694 9.58763157e-01
17.04574 1.00400245e+00
17.10474 1.04731364e+00
17.16395 1.13054244e+00
17.22337 1.21716518e+00
17.28299 1.32778867e+00
17.34281 1.42051402e+00
17.40285 1.48474831e+00
17.46309 1.55031216e+00
17.52354 1.64577250e+00
17.58420 1.77069387e+00
17.64507 1.88419392e+00
17.70615 1.93875086e+00
17.76744 1.93666468e+00
17.82894 1.92981774e+00
17.89066 1.95242671e+00
17.95259 1.99830071e+00
18.01473 2.03791775e+00
18.07709 2.06555826e+00
18.13967 2.08059662e+00
18.20246 2.08468686e+00
18.26547 2.07659797e+00
18.32870 2.03628146e+00
18.39214 1.97035527e+00
18.45581 1.92551082e+00
18.51969 1.90355797e+00
18.58380 1.88657917e+00
18.64813 1.85906426e+00
18.71268 1.82533165e+00
18.77746 1.79001287e+00
18.84246 1.77491831e+00
18.90768 1.78625151e+00
18.97313 1.84271285e+00
19.03881 1.91581759e+00
19.10472 2.00106667e+00
19.17085 2.06102251e+00
19.23721 2.08206855e+00
19.30380 2.07840740e+00
19.37062 2.06620089e+00
19.43768 2.04476658e+00
19.50496 2.02253234e+00
19.57248 1.99929707e+00
19.64023 1.97301340e+00
19.70822 1.94974030e+00
19.77644 1.93401052e+00
19.84490 1.93642823e+00
19.91359 1.94693483e+00
19.98252 1.96110706e+00
20.05169 1.95813632e+00
20.12110 1.95893008e+00
20.19076 1.96155078e+00
20.26065 1.96245842e+00
20.33078 1.96970288e+00
20.40116 1.96708562e+00
20.47178 1.96345313e+00
20.54264 1.95398505e+00
20.61375 1.95063839e+00
20.68511 1.92200636e+00
20.75671 1.89629828e+00
20.82856 1.87584972e+00
20.90066 1.85154612e+00
20.97301 1.83031849e+00
21.04561 1.81987974e+00
21.11846 1.83184054e+00
21.19157 1.84988817e+00
21.26492 1.88088897e+00
21.33853 1.93284453e+00
21.41240 2.00648105e+00
21.48652 2.06113192e+00
21.56090 2.08399286e+00
21.63553 2.09191360e+00
21.71043 2.10088007e+00
21.78558 2.12553799e+00
21.86099 2.16966848e+00
21.93666 2.23159950e+00
22.01260 2.28708580e+00
22.08880 2.33723044e+00
22.16526 2.37892480e+00
22.24199 2.41024199e+00
22.31898 2.40863666e+00
22.39624 2.38780764e+00
22.47377 2.34692764e+00
22.55156 2.29165490e+00
22.62962 2.23828267e+00
22.70796 2.20363186e+00
22.78656 2.20192199e+00
22.86544 2.21523207e+00
22.94459 2.21161173e+00
23.02402 2.19712292e+00
23.10372 2.17990329e+00
23.18369 2.13593806e+00
23.26394 2.05319943e+00
23.34447 1.98452103e+00
23.42528 1.96287168e+00
23.50637 1.96655225e+00
23.58774 1.97017956e+00
23.66939 1.96829646e+00
23.75133 1.94601045e+00
23.83354 1.91552485e+00
23.91604 1.88965683e+00
23.99883 1.88136420e+00
24.08191 1.91450933e+00
24.16527 1.98279842e+00
24.24892 2.06971022e+00
24.33286 2.11286756e+00
24.41709 2.06262436e+00
24.50161 1.94412935e+00
24.58642 1.83375440e+00
24.67153 1.77486081e+00
24.75693 1.74694489e+00
24.84263 1.72794113e+00
24.92863 1.69489988e+00
25.01492 1.64798393e+00
25.10151 1.61134958e+00
25.18840 1.60988914e+00
25.27559 1.61101462e+00
25.36309 1.60221819e+00
25.45088 1.58382560e+00
25.53898 1.56686069e+00
25.62739 1.54931830e+00
25.71610 1.54307129e+00
25.80512 1.55786440e+00
25.89444 1.58965627e+00
25.98408 1.62804484e+00
26.07403 1.67280711e+00
26.16428 1.73771803e+00
26.25485 1.82448164e+00
26.34574 1.94221838e+00
26.43694 2.05437668e+00
26.52845 2.10914219e+00
26.62028 2.08465052e+00
26.71243 2.03365966e+00
26.80489 1.99082613e+00
26.89768 1.96616000e+00
26.99079 1.96861071e+00
27.08422 1.96504488e+00
27.17798 1.97065538e+00
27.27205 1.99217750e+00
27.36646 1.99975004e+00
27.46119 2.01013518e+00
27.55625 2.04543061e+00
27.65164 2.10828103e+00
27.74736 2.18336882e+00
27.84341 2.22848839e+00
27.93979 2.27368547e+00
28.03650 2.30490485e+00
28.13355 2.32876602e+00
28.23094 2.35059617e+00
28.32867 2.37081326e+00
28.42673 2.39088227e+00
28.52513 2.41582606e+00
28.62387 2.44427456e+00
28.72295 2.45819243e+00
28.82238 2.45121010e+00
28.92215 2.42875733e+00
29.02227 2.39443655e+00
29.12273 2.35529828e+00
29.22354 2.33159340e+00
29.32470 2.32238302e+00
29.42621 2.30587935e+00
29.52807 2.25649616e+00
29.63029 2.19289051e+00
29.73286 2.11741655e+00
29.83578 2.03029916e+00
29.93906 1.93916118e+00
30.04269 1.88084552e+00
30.14669 1.82461251e+00
30.25104 1.76717941e+00
30.35576 1.70205962e+00
30.46084 1.62024855e+00
30.56628 1.59368026e+00
30.67209 1.56221677e+00
30.77826 1.53457915e+00
30.88481 1.52028247e+00
30.99172 1.49117487e+00
31.09900 1.45873494e+00
31.20665 1.44350906e+00
31.31467 1.44641992e+00
31.42307 1.44119479e+00
31.53184 1.41594885e+00
31.64099 1.38824229e+00
31.75052 1.36624454e+00
31.86043 1.33810004e+00
31.97072 1.31478408e+00
32.08139 1.30016086e+00
32.19244 1.29824198e+00
32.30388 1.29667378e+00
32.41570 1.30789767e+00
32.52791 1.33222994e+00
32.64051 1.36129833e+00
32.75349 1.35645863e+00
32.86687 1.35079188e+00
32.98064 1.34702081e+00
33.09481 1.36520563e+00
33.20937 1.39494696e+00
33.32433 1.42669174e+00
33.43968 1.45459214e+00
33.55544 1.45483824e+00
33.67159 1.44422512e+00
33.78815 1.43744031e+00
33.90511 1.39735615e+00
34.02247 1.38414219e+00
34.14024 1.39884416e+00
34.25842 1.42219706e+00
34.37701 1.44594613e+00
34.49601 1.44690814e+00
34.61542 1.41190222e+00
34.73525 1.35886275e+00
34.85549 1.26805076e+00
34.97614 1.13004207e+00
35.09721 1.00850544e+00
35.21871 9.18910571e-01
35.34062 8.74770923e-01
35.46295 9.02182201e-01
35.58571 9.64289486e-01
35.70889 1.05751495e+00
35.83250 1.12949541e+00
35.95654 1.20741331e+00
36.08101 1.29638965e+00
36.20590 1.29906087e+00
36.33123 1.29104486e+00
36.45700 1.32018601e+00
36.58320 1.32848173e+00
36.70983 1.32155475e+00
36.83691 1.29842566e+00
36.96442 1.26656887e+00
37.09238 1.23179357e+00
37.22077 1.18674264e+00
37.34962 1.13986542e+00
37.47890 1.08479487e+00
37.60864 1.02648941e+00
37.73883 9.60861340e-01
37.86946 8.87482972e-01
38.00055 8.09773589e-01
38.13209 7.36203278e-01
38.26409 6.83390898e-01
38.39654 6.35646393e-01
38.52946 5.86932665e-01
38.66283 5.46349739e-01
38.79667 5.07712476e-01
38.93096 4.52443314e-01
39.06573 4.06686087e-01
39.20096 3.70337308e-01
39.33665 3.78966585e-01
39.47282 3.93526286e-01
39.60946 3.74284686e-01
39.74657 3.60098298e-01
39.88416 3.52273361e-01
40.02222 3.46554193e-01
40.16076 3.46234874e-01
40.29978 3.88780722e-01
40.43928 4.33730254e-01
40.57926 4.78138354e-01
40.71973 5.32908345e-01
40.86069 5.99832825e-01
41.00213 6.90061120e-01
41.14406 7.94129628e-01
41.28648 8.92112505e-01
41.42940 9.58144370e-01
41.57281 9.82046165e-01
41.71672 9.80190549e-01
41.86113 9.79659371e-01
42.00603 9.68137508e-01
42.15144 9.67720121e-01
42.29735 9.53096107e-01
42.44377 9.34812679e-01
42.59069 9.04346489e-01
42.73812 9.09144121e-01
42.88606 9.48237646e-01
43.03451 9.90139684e-01
43.18348 1.05414151e+00
43.33297 1.13459405e+00
43.48297 1.22247652e+00
43.63349 1.26366429e+00
43.78453 1.29125044e+00
43.93609 1.30887033e+00
44.08818 1.30440442e+00
44.24079 1.27755443e+00
44.39394 1.24442423e+00
44.54761 1.21003750e+00
44.70182 1.16342997e+00
44.85655 1.10859805e+00
45.01183 1.06382468e+00
45.16764 1.02419057e+00
45.32399 1.00960334e+00
45.48089 1.00341850e+00
45.63832 9.95645305e-01
45.79630 9.82789945e-01
45.95483 9.70335196e-01
46.11391 9.63643371e-01
46.27353 9.55209173e-01
46.43371 9.44539406e-01
46.59445 9.17504348e-01
46.75574 8.81993280e-01
46.91759 8.07216804e-01
47.08000 7.28983360e-01
47.24297 6.94452082e-01
47.40650 6.62735843e-01
47.57060 6.24275008e-01
47.73527 5.93303922e-01
47.90051 5.44553060e-01
48.06633 5.04896747e-01
48.23271 5.12366201e-01
48.39967 5.25578766e-01
48.56721 5.47840135e-01
48.73533 5.81791815e-01
48.90403 6.26052324e-01
49.07332 6.80619570e-01
49.24319 6.98913052e-01
49.41365 7.16985323e-01
49.58470 6.94045184e-01
49.75634 6.61164971e-01
49.92858 6.14978012e-01
50.10141 5.67039424e-01
50.27484 5.22383929e-01
50.44887 4.81523342e-01
50.62350 4.62278407e-01
50.79874 4.69892715e-01
50.97458 4.81586958e-01
51.15104 4.93250937e-01
51.32810 5.09184953e-01
51.50578 5.07821838e-01
51.68407 5.06986020e-01
51.86298 5.06423431e-01
52.04250 5.10491122e-01
52.22265 5.08658503e-01
52.40343 5.04118372e-01
52.58482 4.87494436e-01
52.76685 4.57784868e-01
52.94951 4.31280341e-01
53.13280 4.08155676e-01
53.31672 3.86851833e-01
53.50128 3.51792299e-01
53.68648 3.22424604e-01
53.87232 3.03679936e-01
54.05880 2.89008434e-01
54.24593 2.77393735e-01
54.43371 2.70119659e-01
54.62214 2.64627328e-01
54.81122 2.59033998e-01
55.00095 2.53809323e-01
55.19134 2.40375346e-01
55.38239 2.26089472e-01
55.57410 2.18112135e-01
55.76647 2.17605447e-01
55.95951 2.18237525e-01
56.15322 2.17039673e-01
56.34760 2.17054606e-01
56.54265 2.07229777e-01
56.73838 1.95727357e-01
56.93479 1.89081262e-01
57.13187 1.89092174e-01
57.32964 1.90065727e-01
57.52809 1.90035527e-01
57.72723 1.90231647e-01
57.92705 1.90762049e-01
58.12757 1.91381120e-01
58.32879 1.92163009e-01
58.53070 1.82558447e-01
58.73331 1.74178278e-01
58.93662 1.67822577e-01
59.14063 1.63722869e-01
59.34535 1.61191878e-01
59.55078 1.57506775e-01
59.75692 1.55308165e-01
59.96377 1.56725722e-01
60.17134 1.61251283e-01
60.37963 1.66106578e-01
60.58864 1.67369644e-01
60.79837 1.68399168e-01
61.00883 1.66057079e-01
61.22002 1.57244331e-01
61.43194 1.48925151e-01
61.64459 1.43777700e-01
61.85797 1.39894601e-01
62.07210 1.36333329e-01
62.28697 1.33396301e-01
62.50258 1.30964532e-01
62.71894 1.31180816e-01
62.93605 1.34486758e-01
63.15390 1.38770643e-01
63.37252 1.40082950e-01
63.59189 1.40738837e-01
63.81201 1.41399597e-01
64.03290 1.40922342e-01
64.25456 1.40586751e-01
64.47698 1.38759000e-01
64.70017 1.35350955e-01
64.92414 1.32899743e-01
65.14888 1.26259312e-01
65.37440 1.17831905e-01
65.60070 1.10114089e-01
65.82778 1.10355437e-01
66.05565 1.11696734e-01
66.28430 1.13808566e-01
66.51375 1.21599565e-01
66.74400 1.30037734e-01
66.97504 1.33415958e-01
67.20688 1.22739192e-01
67.43952 1.13466752e-01
67.67297 1.13425322e-01
67.90722 1.26248486e-01
68.14229 1.41601336e-01
68.37817 1.57512290e-01
68.61486 1.73298700e-01
68.85238 1.90779526e-01
69.09072 1.92315633e-01
69.32988 1.85295667e-01
69.56987 1.80047347e-01
69.81069 1.68769380e-01
70.05235 1.56132873e-01
70.29484 1.45349737e-01
70.53817 1.40874048e-01
70.78235 1.38537056e-01
71.02737 1.36409195e-01
71.27323 1.37220314e-01
71.51995 1.40098854e-01
71.76752 1.44186784e-01
72.01595 1.52172603e-01
72.26524 1.62000976e-01
72.51539 1.72466102e-01
72.76641 1.66016475e-01
73.01830 1.51937169e-01
73.27106 1.39993240e-01
73.52469 1.28320919e-01
73.77920 1.17488234e-01
74.03460 1.08788223e-01
74.29087 1.05176592e-01
74.54804 1.06348271e-01
74.80609 1.07539986e-01
75.06504 1.06844779e-01
75.32488 1.01406597e-01
75.58563 9.74293625e-02
75.84727 9.44457273e-02
76.10982 8.54662293e-02
76.37328 7.78985088e-02
76.63766 7.14567268e-02
76.90295 7.19197198e-02
77.16915 7.40011079e-02
77.43628 7.63469106e-02
77.70433 7.89413582e-02
77.97331 8.21240050e-02
78.24322 8.61206229e-02
78.51407 8.86005419e-02
78.78585 8.40426247e-02
79.05857 7.99086898e-02
79.33224 7.61523641e-02
79.60686 7.29135083e-02
79.88242 7.24189810e-02
80.15894 7.38420097e-02
80.43642 7.27559954e-02
80.71486 6.87564316e-02
80.99426 6.53597355e-02
81.27463 6.29877099e-02
81.55596 6.54486635e-02
81.83828 6.83915755e-02
82.12157 7.19170916e-02
82.40584 6.93113643e-02
82.69109 6.68360269e-02
82.97733 6.70361281e-02
83.26457 6.65172704e-02
83.55279 5.41570141e-02
83.84202 4.69322794e-02
84.13225 4.48537799e-02
84.42348 4.84272071e-02
84.71572 5.39856974e-02
85.00897 6.16486528e-02
85.30323 7.24510578e-02
85.59852 7.47194261e-02
85.89482 7.68074994e-02
86.19215 7.90720149e-02
86.49052 7.67802361e-02
86.78991 6.60181013e-02
87.09034 5.68024377e-02
87.39181 4.89066716e-02
87.69432 4.59831829e-02
87.99789 4.60590667e-02
88.30250 4.67466372e-02
88.60816 4.78839633e-02
88.91489 4.99841077e-02
89.22267 5.28204071e-02
89.53153 5.67112846e-02
89.84145 6.09638251e-02
90.15244 5.72992996e-02
90.46451 5.38695708e-02
90.77766 5.06583915e-02
91.09190 4.90589518e-02
91.40722 5.12010091e-02
91.72363 5.37977067e-02
92.04114 5.69307648e-02
92.35975 5.77596196e-02
92.67946 5.47368540e-02
93.00028 5.19891755e-02
93.32221 4.94872796e-02
93.64525 4.92579833e-02
93.96941 5.15005717e-02
94.29469 5.38991737e-02
94.62110 5.64672939e-02
94.94864 5.34173646e-02
95.27731 4.59097956e-02
95.60712 4.02569266e-02
95.93807 3.59289380e-02
96.27017 3.49190763e-02
96.60342 3.83300188e-02
96.93782 4.38634958e-02
97.27338 5.26725298e-02
97.61010 5.98812928e-02
97.94798 5.57395786e-02
98.28704 5.20025010e-02
98.62727 4.86138693e-02
98.96867 4.55272892e-02
99.31126 4.27042769e-02
99.65504 4.01127343e-02
100.00000 3.77257629e-02
