        2000  2.000000 2.800000
0.10000 7.60634660e-01
0.10035 7.59232992e-01
0.10069 7.57533330e-01
0.10104 7.56421394e-01
0.10139 7.54617547e-01
0.10174 7.53364316e-01
0.10210 7.51717593e-01
0.10245 7.50222816e-01
0.10280 7.48859204e-01
0.10316 7.47020114e-01
0.10352 7.45874876e-01
0.10387 7.44140021e-01
0.10423 7.42702414e-01
0.10459 7.41450478e-01
0.10496 7.39565991e-01
0.10532 7.38404427e-01
0.10568 7.36669397e-01
0.10605 7.35283036e-01
0.10642 7.33778229e-01
0.10679 7.32121003e-01
0.10716 7.30679488e-01
0.10753 7.29235236e-01
0.10790 7.27514940e-01
0.10827 7.26067701e-01
0.10865 7.24392629e-01
0.10902 7.22839886e-01
0.10940 7.21440782e-01
0.10978 7.19728277e-01
0.11016 7.18466933e-01
0.11054 7.16673788e-01
0.11092 7.15274137e-01
0.11131 7.13901316e-01
0.11169 7.12389714e-01
0.11208 7.11075008e-01
0.11247 7.09420444e-01
0.11286 7.08307189e-01
0.11325 7.06498738e-01
0.11364 7.05420352e-01
0.11403 7.03712551e-01
0.11443 7.02457205e-01
0.11482 7.00928480e-01
0.11522 6.99465561e-01
0.11562 6.98106254e-01
0.11602 6.96461721e-01
0.11642 6.95478933e-01
0.11682 6.93465796e-01
0.11723 6.92389899e-01
0.11763 6.90817867e-01
0.11804 6.89450969e-01
0.11845 6.88023492e-01
0.11886 6.86898638e-01
0.11927 6.85009970e-01
0.11968 6.83807065e-01
0.12010 6.82449948e-01
0.12051 6.80713227e-01
0.12093 6.79580907e-01
0.12135 6.77887940e-01
0.12177 6.76422158e-01
0.12219 6.75002820e-01
0.12262 6.73289568e-01
0.12304 6.72140423e-01
0.12347 6.70386204e-01
0.12389 6.69011342e-01
0.12432 6.67598350e-01
0.12475 6.65888782e-01
0.12518 6.64665244e-01
0.12562 6.62941888e-01
0.12605 6.62039865e-01
0.12649 6.59928117e-01
0.12693 6.59110642e-01
0.12737 6.57185810e-01
0.12781 6.56197522e-01
0.12825 6.54402933e-01
0.12869 6.53412256e-01
0.12914 6.51639819e-01
0.12959 6.50441941e-01
0.13003 6.48921305e-01
0.13048 6.47712178e-01
0.13094 6.46191915e-01
0.13139 6.44932388e-01
0.13184 6.43591051e-01
0.13230 6.42513660e-01
0.13276 6.40867036e-01
0.13322 6.39771676e-01
0.13368 6.38490720e-01
0.13414 6.37142812e-01
0.13461 6.36162290e-01
0.13507 6.34420242e-01
0.13554 6.33516302e-01
0.13601 6.31957934e-01
0.13648 6.31119179e-01
0.13695 6.29237877e-01
0.13743 6.28548281e-01
0.13790 6.26701724e-01
0.13838 6.25761845e-01
0.13886 6.24292181e-01
0.13934 6.23100900e-01
0.13982 6.21771684e-01
0.14031 6.20311104e-01
0.14079 6.19363957e-01
0.14128 6.17891307e-01
0.14177 6.16461963e-01
0.14226 6.15335566e-01
0.14275 6.13802162e-01
0.14324 6.12504380e-01
0.14374 6.11538791e-01
0.14424 6.09529212e-01
0.14474 6.08829163e-01
0.14524 6.06914560e-01
0.14574 6.05968533e-01
0.14625 6.04484981e-01
0.14675 6.02921860e-01
0.14726 6.01992533e-01
0.14777 6.00267908e-01
0.14828 5.99422382e-01
0.14879 5.97932036e-01
0.14931 5.96300270e-01
0.14983 5.95628345e-01
0.15034 5.93596789e-01
0.15087 5.92955054e-01
0.15139 5.91223584e-01
0.15191 5.90202044e-01
0.15244 5.88830791e-01
0.15297 5.87488434e-01
0.15349 5.86329333e-01
0.15403 5.85080036e-01
0.15456 5.83520398e-01
0.15509 5.82937127e-01
0.15563 5.81037980e-01
0.15617 5.80278197e-01
0.15671 5.78679733e-01
0.15725 5.77759492e-01
0.15780 5.76508551e-01
0.15834 5.75238620e-01
0.15889 5.73880309e-01
0.15944 5.72928981e-01
0.15999 5.71666692e-01
0.16055 5.70118130e-01
0.16110 5.69044324e-01
0.16166 5.68033636e-01
0.16222 5.66658126e-01
0.16278 5.65316142e-01
0.16335 5.64183324e-01
0.16391 5.62825785e-01
0.16448 5.61401145e-01
0.16505 5.60998642e-01
0.16562 5.58588576e-01
0.16619 5.57962172e-01
0.16677 5.56689454e-01
0.16734 5.55214613e-01
0.16792 5.53880395e-01
0.16851 5.52694912e-01
0.16909 5.51315918e-01
0.16967 5.49999022e-01
0.17026 5.48842062e-01
0.17085 5.47179061e-01
0.17144 5.46629166e-01
0.17204 5.44441458e-01
0.17263 5.43768537e-01
0.17323 5.42328391e-01
0.17383 5.40926699e-01
0.17443 5.40039385e-01
0.17503 5.38506180e-01
0.17564 5.37291253e-01
0.17625 5.36278425e-01
0.17686 5.34978752e-01
0.17747 5.33327300e-01
0.17808 5.32884750e-01
0.17870 5.31319886e-01
0.17932 5.29714852e-01
0.17994 5.29539335e-01
0.18056 5.27466788e-01
0.18119 5.26563744e-01
0.18182 5.25850055e-01
0.18244 5.24111666e-01
0.18308 5.22994279e-01
0.18371 5.22430795e-01
0.18435 5.20876907e-01
0.18498 5.19509237e-01
0.18562 5.18763641e-01
0.18627 5.17293180e-01
0.18691 5.16219573e-01
0.18756 5.15078692e-01
0.18821 5.13809980e-01
0.18886 5.12754916e-01
0.18951 5.11368530e-01
0.19017 5.10306222e-01
0.19083 5.08955403e-01
0.19149 5.07879058e-01
0.19215 5.06640263e-01
0.19282 5.05290962e-01
0.19348 5.04183730e-01
0.19415 5.02816210e-01
0.19483 5.02227961e-01
0.19550 5.00206460e-01
0.19618 4.99373828e-01
0.19686 4.98320828e-01
0.19754 4.97059186e-01
0.19822 4.95459477e-01
0.19891 4.94784814e-01
0.19960 4.93637511e-01
0.20029 4.92114660e-01
0.20098 4.90928828e-01
0.20168 4.90580334e-01
0.20237 4.89125678e-01
0.20307 4.87389006e-01
0.20378 4.87390599e-01
0.20448 4.85405038e-01
0.20519 4.84613646e-01
0.20590 4.83527246e-01
0.20661 4.82812612e-01
0.20733 4.81386677e-01
0.20805 4.80320114e-01
0.20877 4.79571929e-01
0.20949 4.78270912e-01
0.21021 4.76943812e-01
0.21094 4.76364299e-01
0.21167 4.75111591e-01
0.21240 4.74084725e-01
0.21314 4.72863776e-01
0.21388 4.71959961e-01
0.21462 4.70773806e-01
0.21536 4.69494443e-01
0.21611 4.68791605e-01
0.21685 4.67552089e-01
0.21760 4.66299132e-01
0.21836 4.65036718e-01
0.21911 4.64480028e-01
0.21987 4.62844480e-01
0.22063 4.62170738e-01
0.22140 4.60866460e-01
0.22216 4.59771673e-01
0.22293 4.58818827e-01
0.22370 4.57873248e-01
0.22448 4.56561429e-01
0.22526 4.55787808e-01
0.22604 4.54291513e-01
0.22682 4.53543502e-01
0.22760 4.53043161e-01
0.22839 4.51503982e-01
0.22918 4.50402599e-01
0.22998 4.49808676e-01
0.23077 4.49024377e-01
0.23157 4.47303733e-01
0.23237 4.46663964e-01
0.23318 4.45936338e-01
0.23398 4.45008679e-01
0.23479 4.44119200e-01
0.23561 4.42448409e-01
0.23642 4.41964868e-01
0.23724 4.41613685e-01
0.23806 4.39957927e-01
0.23889 4.38772992e-01
0.23971 4.38198780e-01
0.24054 4.37673252e-01
0.24137 4.36092359e-01
0.24221 4.34672796e-01
0.24305 4.34325124e-01
0.24389 4.33962766e-01
0.24473 4.31822869e-01
0.24558 4.31168615e-01
0.24643 4.30117259e-01
0.24728 4.29362005e-01
0.24814 4.28457643e-01
0.24900 4.27289483e-01
0.24986 4.25798389e-01
0.25073 4.25986350e-01
0.25159 4.24649369e-01
0.25246 4.22764633e-01
0.25334 4.22170286e-01
0.25422 4.22153710e-01
0.25510 4.20949188e-01
0.25598 4.19238848e-01
0.25687 4.18622649e-01
0.25775 4.18043559e-01
0.25865 4.17374919e-01
0.25954 4.15861227e-01
0.26044 4.14756683e-01
0.26134 4.14494379e-01
0.26225 4.13725063e-01
0.26315 4.12144021e-01
0.26406 4.11471100e-01
0.26498 4.10712860e-01
0.26590 4.10485824e-01
0.26682 4.08342841e-01
0.26774 4.07580345e-01
0.26867 4.07282748e-01
0.26960 4.06765333e-01
0.27053 4.04730293e-01
0.27147 4.04408804e-01
0.27241 4.03474325e-01
0.27335 4.02523570e-01
0.27430 4.01365141e-01
0.27525 4.00499829e-01
0.27620 4.00096380e-01
0.27715 3.98628757e-01
0.27811 3.98260924e-01
0.27908 3.96991940e-01
0.28004 3.95368114e-01
0.28101 3.95442581e-01
0.28198 3.95531609e-01
0.28296 3.92811452e-01
0.28394 3.91845813e-01
0.28492 3.91938475e-01
0.28591 3.92336548e-01
0.28690 3.89933849e-01
0.28789 3.87827204e-01
0.28889 3.88159570e-01
0.28989 3.89347541e-01
0.29089 3.86947630e-01
0.29190 3.84667360e-01
0.29291 3.84323819e-01
0.29392 3.85130219e-01
0.29494 3.84154724e-01
0.29596 3.82479403e-01
0.29699 3.80941070e-01
0.29801 3.81024697e-01
0.29905 3.79929710e-01
0.30008 3.80018165e-01
0.30112 3.78277113e-01
0.30216 3.77419591e-01
0.30321 3.75898830e-01
0.30426 3.75408196e-01
0.30531 3.76311463e-01
0.30637 3.74246955e-01
0.30743 3.72940612e-01
0.30849 3.71629540e-01
0.30956 3.71359520e-01
0.31063 3.71720334e-01
0.31171 3.70255424e-01
0.31279 3.68909756e-01
0.31387 3.66959662e-01
0.31496 3.67754713e-01
0.31605 3.66904533e-01
0.31714 3.65840011e-01
0.31824 3.65372498e-01
0.31934 3.63370585e-01
0.32044 3.62797518e-01
0.32155 3.62830148e-01
0.32267 3.62050304e-01
0.32378 3.60404800e-01
0.32490 3.60443776e-01
0.32603 3.59409369e-01
0.32716 3.57327563e-01
0.32829 3.56569273e-01
0.32943 3.57841966e-01
0.33057 3.56554364e-01
0.33171 3.54739865e-01
0.33286 3.53454777e-01
0.33401 3.52550613e-01
0.33517 3.52239701e-01
0.33633 3.52496206e-01
0.33749 3.52234674e-01
0.33866 3.48981870e-01
0.33983 3.47176928e-01
0.34101 3.47911250e-01
0.34219 3.49036277e-01
0.34337 3.46678528e-01
0.34456 3.45154407e-01
0.34576 3.44755314e-01
0.34695 3.44033710e-01
0.34815 3.42722613e-01
0.34936 3.41413682e-01
0.35057 3.42325511e-01
0.35178 3.42656409e-01
0.35300 3.39009017e-01
0.35422 3.36968626e-01
0.35545 3.37760117e-01
0.35668 3.39815342e-01
0.35791 3.37377476e-01
0.35915 3.34462962e-01
0.36039 3.33720974e-01
0.36164 3.35413767e-01
0.36289 3.33835463e-01
0.36415 3.31376217e-01
0.36541 3.32364256e-01
0.36668 3.32077063e-01
0.36795 3.30393305e-01
0.36922 3.28736302e-01
0.37050 3.27933312e-01
0.37178 3.27764615e-01
0.37307 3.27860636e-01
0.37436 3.26932903e-01
0.37565 3.25825746e-01
0.37695 3.24806172e-01
0.37826 3.22371716e-01
0.37957 3.21979342e-01
0.38088 3.24260807e-01
0.38220 3.24441152e-01
0.38352 3.20431378e-01
0.38485 3.18028082e-01
0.38618 3.18284960e-01
0.38752 3.20080320e-01
0.38886 3.19743922e-01
0.39021 3.17175911e-01
0.39156 3.15239207e-01
0.39291 3.15604327e-01
0.39427 3.16313387e-01
0.39564 3.14603570e-01
0.39701 3.13270297e-01
0.39838 3.12513650e-01
0.39976 3.12586724e-01
0.40115 3.13136843e-01
0.40253 3.10695716e-01
0.40393 3.09697547e-01
0.40533 3.09195836e-01
0.40673 3.08437372e-01
0.40814 3.08657863e-01
0.40955 3.08845451e-01
0.41097 3.07324068e-01
0.41239 3.05636327e-01
0.41382 3.04131545e-01
0.41525 3.04847872e-01
0.41669 3.04519538e-01
0.41813 3.04419385e-01
0.41958 3.04206187e-01
0.42103 3.01862649e-01
0.42249 2.99899488e-01
0.42395 3.00604441e-01
0.42542 3.00142702e-01
0.42689 3.00157660e-01
0.42837 3.00099072e-01
0.42985 2.98613579e-01
0.43134 2.96421067e-01
0.43283 2.96827104e-01
0.43433 2.95802354e-01
0.43583 2.95457742e-01
0.43734 2.94813468e-01
0.43886 2.95984590e-01
0.44037 2.94759908e-01
0.44190 2.92794905e-01
0.44343 2.90828508e-01
0.44496 2.90133362e-01
0.44650 2.91172523e-01
0.44805 2.92065188e-01
0.44960 2.91739218e-01
0.45116 2.89355659e-01
0.45272 2.86497020e-01
0.45429 2.86729508e-01
0.45586 2.87156850e-01
0.45744 2.86847456e-01
0.45902 2.86715669e-01
0.46061 2.85042140e-01
0.46220 2.84647104e-01
0.46380 2.84513227e-01
0.46541 2.83351762e-01
0.46702 2.81537337e-01
0.46864 2.80851449e-01
0.47026 2.81448036e-01
0.47189 2.80869220e-01
0.47352 2.81155765e-01
0.47516 2.80185472e-01
0.47680 2.77898382e-01
0.47845 2.76490293e-01
0.48011 2.76180999e-01
0.48177 2.76856508e-01
0.48344 2.76443676e-01
0.48511 2.76273088e-01
0.48679 2.74930955e-01
0.48848 2.73945006e-01
0.49017 2.72757756e-01
0.49186 2.71283289e-01
0.49357 2.70541326e-01
0.49528 2.70785013e-01
0.49699 2.72366976e-01
0.49871 2.71604555e-01
0.50044 2.69487058e-01
0.50217 2.67196484e-01
0.50391 2.65643740e-01
0.50565 2.65087772e-01
0.50740 2.66347772e-01
0.50916 2.67465010e-01
0.51092 2.67348306e-01
0.51269 2.64891648e-01
0.51446 2.62031765e-01
0.51625 2.60182347e-01
0.51803 2.61491303e-01
0.51983 2.62671435e-01
0.52163 2.62897052e-01
0.52343 2.60992181e-01
0.52524 2.58802233e-01
0.52706 2.57585440e-01
0.52889 2.56504292e-01
0.53072 2.56732000e-01
0.53255 2.57613316e-01
0.53440 2.58125852e-01
0.53625 2.56210901e-01
0.53810 2.53263036e-01
0.53997 2.51633561e-01
0.54183 2.52250158e-01
0.54371 2.54326588e-01
0.54559 2.53852206e-01
0.54748 2.52566421e-01
0.54938 2.50664661e-01
0.55128 2.48744309e-01
0.55319 2.48016359e-01
0.55510 2.46796555e-01
0.55702 2.47317180e-01
0.55895 2.48796476e-01
0.56089 2.49237732e-01
0.56283 2.48754315e-01
0.56478 2.45296277e-01
0.56673 2.42336715e-01
0.56869 2.39812558e-01
0.57066 2.41753668e-01
0.57264 2.44743321e-01
0.57462 2.46273116e-01
0.57661 2.44287605e-01
0.57860 2.40838478e-01
0.58061 2.38286894e-01
0.58262 2.39525465e-01
0.58463 2.38528565e-01
0.58666 2.38054805e-01
0.58869 2.37142080e-01
0.59073 2.36806553e-01
0.59277 2.38960636e-01
0.59482 2.39917316e-01
0.59688 2.36631982e-01
0.59895 2.34833909e-01
0.60102 2.31648654e-01
0.60310 2.31176089e-01
0.60519 2.35396722e-01
0.60728 2.35414916e-01
0.60939 2.32433924e-01
0.61150 2.32082492e-01
0.61361 2.31422489e-01
0.61574 2.32535072e-01
0.61787 2.32736149e-01
0.62001 2.29303897e-01
0.62215 2.26732651e-01
0.62431 2.28389156e-01
0.62647 2.29807026e-01
0.62864 2.30183744e-01
0.63081 2.28384128e-01
0.63300 2.26963296e-01
0.63519 2.25257038e-01
0.63739 2.27890756e-01
0.63959 2.27412267e-01
0.64181 2.25743044e-01
0.64403 2.23738841e-01
0.64626 2.24011175e-01
0.64849 2.26207172e-01
0.65074 2.26122276e-01
0.65299 2.23476736e-01
0.65525 2.22402183e-01
0.65752 2.23336487e-01
0.65980 2.24099481e-01
0.66208 2.22511620e-01
0.66437 2.21208412e-01
0.66667 2.21293060e-01
0.66898 2.21313319e-01
0.67130 2.21448267e-01
0.67362 2.21105995e-01
0.67595 2.24154510e-01
0.67829 2.20133561e-01
0.68064 2.17088779e-01
0.68299 2.17367634e-01
0.68536 2.20874553e-01
0.68773 2.19780985e-01
0.69011 2.21177749e-01
0.69250 2.19489461e-01
0.69490 2.19562958e-01
0.69730 2.15239833e-01
0.69972 2.15390535e-01
0.70214 2.18005412e-01
0.70457 2.22538524e-01
0.70701 2.20394994e-01
0.70946 2.14358716e-01
0.71191 2.13518667e-01
0.71438 2.13703964e-01
0.71685 2.18530194e-01
0.71933 2.21350105e-01
0.72182 2.19894702e-01
0.72432 2.15052071e-01
0.72683 2.09153404e-01
0.72934 2.11474318e-01
0.73187 2.20103968e-01
0.73440 2.20362738e-01
0.73694 2.14329671e-01
0.73949 2.12280569e-01
0.74205 2.14600910e-01
0.74462 2.14335620e-01
0.74720 2.17891420e-01
0.74979 2.17474805e-01
0.75238 2.13905515e-01
0.75499 2.11528228e-01
0.75760 2.10291300e-01
0.76022 2.14029660e-01
0.76285 2.15841596e-01
0.76549 2.15535065e-01
0.76814 2.12919691e-01
0.77080 2.13276672e-01
0.77347 2.13393799e-01
0.77615 2.14823342e-01
0.77884 2.15660505e-01
0.78153 2.12792708e-01
0.78424 2.10348992e-01
0.78695 2.09779360e-01
0.78968 2.13115915e-01
0.79241 2.11112334e-01
0.79515 2.10795499e-01
0.79790 2.12803982e-01
0.80067 2.18086873e-01
0.80344 2.18079481e-01
0.80622 2.13025966e-01
0.80901 2.07563104e-01
0.81181 2.05187883e-01
0.81462 2.07834692e-01
0.81744 2.12666148e-01
0.82027 2.13657547e-01
0.82311 2.09398610e-01
0.82596 2.09428526e-01
0.82882 2.14605564e-01
0.83169 2.17796569e-01
0.83457 2.12516142e-01
0.83745 2.08861209e-01
0.84035 2.08735968e-01
0.84326 2.08190976e-01
0.84618 2.03655947e-01
0.84911 2.03105131e-01
0.85205 2.05342667e-01
0.85500 2.12575751e-01
0.85796 2.20001376e-01
0.86093 2.19261877e-01
0.86391 2.11153500e-01
0.86690 2.05018414e-01
0.86990 2.03682279e-01
0.87291 2.03786514e-01
0.87593 2.05583292e-01
0.87897 2.05762468e-01
0.88201 2.07897984e-01
0.88506 2.06597017e-01
0.88813 2.06291954e-01
0.89120 2.08667449e-01
0.89428 2.12597056e-01
0.89738 2.13709938e-01
0.90049 2.11675072e-01
0.90360 2.04969358e-01
0.90673 1.99997604e-01
0.90987 1.97690304e-01
0.91302 2.01076811e-01
0.91618 2.03618215e-01
0.91935 2.02721742e-01
0.92253 2.05451182e-01
0.92573 2.08381177e-01
0.92893 2.10655996e-01
0.93215 2.09532910e-01
0.93537 2.06599929e-01
0.93861 2.01853941e-01
0.94186 2.00734812e-01
0.94512 1.99027186e-01
0.94839 1.98046912e-01
0.95168 1.99026588e-01
0.95497 2.02005564e-01
0.95828 2.01281796e-01
0.96159 1.97651303e-01
0.96492 1.97761387e-01
0.96826 2.04758773e-01
0.97161 2.09751957e-01
0.97498 2.08801899e-01
0.97835 2.02475143e-01
0.98174 1.96934727e-01
0.98514 1.93638592e-01
0.98855 1.91758236e-01
0.99197 1.92386283e-01
0.99540 1.95639659e-01
0.99885 1.97949124e-01
1.00231 1.97184089e-01
1.00578 1.96593575e-01
1.00926 1.96582002e-01
1.01275 1.99090453e-01
1.01626 2.01202176e-01
1.01978 2.00629060e-01
1.02330 1.97108178e-01
1.02685 1.93685333e-01
1.03040 1.90504235e-01
1.03397 1.89466418e-01
1.03755 1.89178105e-01
1.04114 1.88789664e-01
1.04474 1.88229614e-01
1.04836 1.88892430e-01
1.05199 1.92162532e-01
1.05563 1.97461973e-01
1.05928 2.00135712e-01
1.06295 1.97516480e-01
1.06663 1.91873422e-01
1.07032 1.87579865e-01
1.07403 1.85419136e-01
1.07775 1.83899943e-01
1.08148 1.82690194e-01
1.08522 1.83060914e-01
1.08898 1.85141600e-01
1.09275 1.86728715e-01
1.09653 1.86690112e-01
1.10032 1.86093252e-01
1.10413 1.86795666e-01
1.10796 1.88691751e-01
1.11179 1.90025298e-01
1.11564 1.89620380e-01
1.11950 1.86937557e-01
1.12338 1.82574236e-01
1.12726 1.78438425e-01
1.13117 1.76694759e-01
1.13508 1.76387531e-01
1.13901 1.76299349e-01
1.14295 1.76697298e-01
1.14691 1.78512917e-01
1.15088 1.81247957e-01
1.15487 1.83796779e-01
1.15886 1.84812320e-01
1.16287 1.83406645e-01
1.16690 1.80216885e-01
1.17094 1.76873312e-01
1.17499 1.74584306e-01
1.17906 1.73658290e-01
1.18314 1.73197447e-01
1.18724 1.72729611e-01
1.19135 1.72766695e-01
1.19547 1.73342624e-01
1.19961 1.73922261e-01
1.20376 1.74051410e-01
1.20793 1.73846251e-01
1.21211 1.73650873e-01
1.21630 1.73507836e-01
1.22052 1.73482649e-01
1.22474 1.73360270e-01
1.22898 1.72178969e-01
1.23323 1.69394823e-01
1.23750 1.66224402e-01
1.24179 1.64492658e-01
1.24609 1.64329461e-01
1.25040 1.64718400e-01
1.25473 1.65073390e-01
1.25907 1.65670350e-01
1.26343 1.66774546e-01
1.26780 1.68037707e-01
1.27219 1.68736562e-01
1.27659 1.68323282e-01
1.28101 1.66809365e-01
1.28545 1.64722482e-01
1.28990 1.62737045e-01
1.29436 1.61323356e-01
1.29884 1.60544359e-01
1.30334 1.60157212e-01
1.30785 1.59959097e-01
1.31238 1.59858770e-01
1.31692 1.59732683e-01
1.32148 1.59440388e-01
1.32605 1.58875161e-01
1.33064 1.58082325e-01
1.33525 1.57297330e-01
1.33987 1.56764135e-01
1.34451 1.56619954e-01
1.34916 1.56789099e-01
1.35383 1.56864537e-01
1.35852 1.56337788e-01
1.36322 1.55133714e-01
1.36794 1.53769230e-01
1.37268 1.52814692e-01
1.37743 1.52356885e-01
1.38220 1.52140452e-01
1.38698 1.51989376e-01
1.39178 1.51934073e-01
1.39660 1.52021035e-01
1.40144 1.52121536e-01
1.40629 1.51961202e-01
1.41115 1.51330194e-01
1.41604 1.50253799e-01
1.42094 1.48952334e-01
1.42586 1.47679268e-01
1.43080 1.46611908e-01
1.43575 1.45829625e-01
1.44072 1.45337422e-01
1.44571 1.45096647e-01
1.45071 1.45018994e-01
1.45573 1.44950226e-01
1.46077 1.44714204e-01
1.46583 1.44208786e-01
1.47090 1.43472572e-01
1.47599 1.42671225e-01
1.48110 1.42002386e-01
1.48623 1.41588135e-01
1.49137 1.41436238e-01
1.49654 1.41456124e-01
1.50172 1.41485419e-01
1.50692 1.41338027e-01
1.51213 1.40890724e-01
1.51737 1.40160284e-01
1.52262 1.39293429e-01
1.52789 1.38463012e-01
1.53318 1.37767367e-01
1.53849 1.37213216e-01
1.54381 1.36762204e-01
1.54916 1.36375879e-01
1.55452 1.36020839e-01
1.55990 1.35649323e-01
1.56530 1.35199854e-01
1.57072 1.34631865e-01
1.57615 1.33955982e-01
1.58161 1.33224299e-01
1.58709 1.32495801e-01
1.59258 1.31815737e-01
1.59809 1.31215815e-01
1.60362 1.30715225e-01
1.60918 1.30314713e-01
1.61475 1.29993074e-01
1.62034 1.29711132e-01
1.62594 1.29421102e-01
1.63157 1.29078980e-01
1.63722 1.28658706e-01
1.64289 1.28164885e-01
1.64857 1.27636245e-01
1.65428 1.27131822e-01
1.66001 1.26703634e-01
1.66575 1.26372288e-01
1.67152 1.26118172e-01
1.67731 1.25889394e-01
1.68311 1.25621092e-01
1.68894 1.25259431e-01
1.69478 1.24782162e-01
1.70065 1.24205909e-01
1.70654 1.23576469e-01
1.71245 1.22947378e-01
1.71837 1.22358258e-01
1.72432 1.21822972e-01
1.73029 1.21331541e-01
1.73628 1.20861440e-01
1.74229 1.20390517e-01
1.74832 1.19905358e-01
1.75437 1.19402852e-01
1.76045 1.18887452e-01
1.76654 1.18367996e-01
1.77266 1.17854464e-01
1.77879 1.17355367e-01
1.78495 1.16876356e-01
1.79113 1.16420466e-01
1.79733 1.15989216e-01
1.80355 1.15583253e-01
1.80979 1.15202155e-01
1.81606 1.14843630e-01
1.82234 1.14503524e-01
1.82865 1.14176110e-01
1.83498 1.13854272e-01
1.84133 1.13530069e-01
1.84771 1.13195911e-01
1.85410 1.12846720e-01
1.86052 1.12481675e-01
1.86696 1.12104384e-01
1.87342 1.11720772e-01
1.87991 1.11335641e-01
1.88642 1.10949639e-01
1.89295 1.10558436e-01
1.89950 1.10153742e-01
1.90607 1.09726873e-01
1.91267 1.09272277e-01
1.91929 1.08790055e-01
1.92594 1.08286453e-01
1.93260 1.07771801e-01
1.93929 1.07257223e-01
1.94601 1.06751307e-01
1.95274 1.06258432e-01
1.95950 1.05778574e-01
1.96629 1.05308946e-01
1.97309 1.04846162e-01
1.97992 1.04388156e-01
1.98678 1.03935303e-01
1.99365 1.03489991e-01
2.00055 1.03055730e-01
2.00748 1.02635580e-01
2.01443 1.02231435e-01
2.02140 1.01843740e-01
2.02840 1.01472075e-01
2.03542 1.01115492e-01
2.04247 1.00773020e-01
2.04954 1.00443716e-01
2.05663 1.00126407e-01
2.06375 9.98196267e-02
2.07090 9.95211840e-02
2.07806 9.92286400e-02
2.08526 9.89392320e-02
2.09247 9.86499733e-02
2.09972 9.83581262e-02
2.10699 9.80608284e-02
2.11428 9.77557156e-02
2.12160 9.74406471e-02
2.12894 9.71142542e-02
2.13631 9.67757653e-02
2.14371 9.64252053e-02
2.15113 9.60630222e-02
2.15857 9.56898880e-02
2.16605 9.53065493e-02
2.17354 9.49136036e-02
2.18107 9.45116978e-02
2.18862 9.41015040e-02
2.19619 9.36841422e-02
2.20380 9.32609316e-02
2.21143 9.28336391e-02
2.21908 9.24042062e-02
2.22676 9.19745244e-02
2.23447 9.15462364e-02
2.24220 9.11207111e-02
2.24997 9.06989440e-02
2.25775 9.02818062e-02
2.26557 8.98699698e-02
2.27341 8.94641564e-02
2.28128 8.90652124e-02
2.28918 8.86740587e-02
2.29710 8.82916160e-02
2.30505 8.79187804e-02
2.31303 8.75562489e-02
2.32104 8.72044942e-02
2.32908 8.68637156e-02
2.33714 8.65338382e-02
2.34523 8.62145884e-02
2.35335 8.59053689e-02
2.36149 8.56055076e-02
2.36967 8.53142080e-02
2.37787 8.50303751e-02
2.38610 8.47528640e-02
2.39436 8.44803307e-02
2.40265 8.42113564e-02
2.41097 8.39443733e-02
2.41931 8.36779876e-02
2.42769 8.34106560e-02
2.43609 8.31411093e-02
2.44452 8.28681529e-02
2.45298 8.25907662e-02
2.46148 8.23081529e-02
2.47000 8.20196160e-02
2.47855 8.17247822e-02
2.48713 8.14233529e-02
2.49574 8.11152782e-02
2.50438 8.08007573e-02
2.51304 8.04800142e-02
2.52174 8.01533724e-02
2.53047 7.98214343e-02
2.53923 7.94846777e-02
2.54802 7.91437547e-02
2.55684 7.87992949e-02
2.56569 7.84520427e-02
2.57457 7.81026948e-02
2.58349 7.77519605e-02
2.59243 7.74006464e-02
2.60140 7.70494468e-02
2.61041 7.66991033e-02
2.61944 7.63502432e-02
2.62851 7.60036380e-02
2.63761 7.56598254e-02
2.64674 7.53194748e-02
2.65590 7.49831488e-02
2.66510 7.46513127e-02
2.67432 7.43245415e-02
2.68358 7.40031662e-02
2.69287 7.36876647e-02
2.70219 7.33782510e-02
2.71154 7.30752562e-02
2.72093 7.27787947e-02
2.73035 7.24889884e-02
2.73980 7.22058226e-02
2.74928 7.19292348e-02
2.75880 7.16590859e-02
2.76835 7.13951367e-02
2.77793 7.11370215e-02
2.78755 7.08843968e-02
2.79720 7.06367673e-02
2.80688 7.03936004e-02
2.81660 7.01543036e-02
2.82635 6.99182375e-02
2.83613 6.96847200e-02
2.84595 6.94530492e-02
2.85580 6.92225159e-02
2.86569 6.89924107e-02
2.87561 6.87620366e-02
2.88556 6.85307417e-02
2.89555 6.82979136e-02
2.90557 6.80629849e-02
2.91563 6.78254677e-02
2.92572 6.75849316e-02
2.93585 6.73410329e-02
2.94601 6.70934980e-02
2.95621 6.68421376e-02
2.96644 6.65868324e-02
2.97671 6.63275424e-02
2.98702 6.60643001e-02
2.99736 6.57971975e-02
3.00773 6.55263890e-02
3.01814 6.52520811e-02
3.02859 6.49745276e-02
3.03907 6.46940199e-02
3.04960 6.44108914e-02
3.06015 6.41255079e-02
3.07074 6.38382478e-02
3.08137 6.35495168e-02
3.09204 6.32597429e-02
3.10274 6.29693568e-02
3.11348 6.26787940e-02
3.12426 6.23885024e-02
3.13508 6.20989227e-02
3.14593 6.18104903e-02
3.15682 6.15236359e-02
3.16775 6.12387826e-02
3.17871 6.09563211e-02
3.18972 6.06766446e-02
3.20076 6.04001116e-02
3.21184 6.01270606e-02
3.22295 5.98578027e-02
3.23411 5.95926116e-02
3.24531 5.93317486e-02
3.25654 5.90754204e-02
3.26781 5.88238062e-02
3.27912 5.85770553e-02
3.29047 5.83352697e-02
3.30187 5.80985166e-02
3.31330 5.78668135e-02
3.32476 5.76401604e-02
3.33627 5.74184924e-02
3.34782 5.72017127e-02
3.35941 5.69896942e-02
3.37104 5.67822603e-02
3.38271 5.65791943e-02
3.39442 5.63802574e-02
3.40617 5.61851584e-02
3.41796 5.59935886e-02
3.42979 5.58052121e-02
3.44166 5.56196629e-02
3.45358 5.54365504e-02
3.46553 5.52554862e-02
3.47753 5.50760523e-02
3.48957 5.48978404e-02
3.50164 5.47204324e-02
3.51377 5.45434151e-02
3.52593 5.43663904e-02
3.53814 5.41889675e-02
3.55038 5.40107804e-02
3.56267 5.38314834e-02
3.57500 5.36507602e-02
3.58738 5.34683172e-02
3.59980 5.32839029e-02
3.61226 5.30972860e-02
3.62476 5.29082848e-02
3.63731 5.27167449e-02
3.64990 5.25225518e-02
3.66254 5.23256185e-02
3.67521 5.21259125e-02
3.68794 5.19234165e-02
3.70070 5.17181504e-02
3.71351 5.15101739e-02
3.72637 5.12995666e-02
3.73927 5.10864430e-02
3.75221 5.08709351e-02
3.76520 5.06531996e-02
3.77823 5.04334208e-02
3.79131 5.02117877e-02
3.80443 4.99885170e-02
3.81760 4.97638325e-02
3.83082 4.95379684e-02
3.84408 4.93111684e-02
3.85739 4.90836814e-02
3.87074 4.88557614e-02
3.88414 4.86276647e-02
3.89758 4.83996476e-02
3.91107 4.81719566e-02
3.92461 4.79448505e-02
3.93820 4.77185707e-02
3.95183 4.74933586e-02
3.96551 4.72694357e-02
3.97924 4.70470336e-02
3.99301 4.68263563e-02
4.00683 4.66076028e-02
4.02070 4.63909575e-02
4.03462 4.61765970e-02
4.04859 4.59646805e-02
4.06260 4.57553500e-02
4.07667 4.55487300e-02
4.09078 4.53449397e-02
4.10494 4.51440764e-02
4.11915 4.49462148e-02
4.13341 4.47514268e-02
4.14771 4.45597500e-02
4.16207 4.43712242e-02
4.17648 4.41858567e-02
4.19094 4.40036501e-02
4.20545 4.38245845e-02
4.22000 4.36486251e-02
4.23461 4.34757244e-02
4.24927 4.33058180e-02
4.26398 4.31388309e-02
4.27874 4.29746663e-02
4.29355 4.28132196e-02
4.30841 4.26543812e-02
4.32332 4.24980142e-02
4.33829 4.23439943e-02
4.35331 4.21921671e-02
4.36838 4.20423808e-02
4.38350 4.18944761e-02
4.39867 4.17482887e-02
4.41390 4.16036494e-02
4.42918 4.14603840e-02
4.44451 4.13183257e-02
4.45990 4.11772928e-02
4.47533 4.10371186e-02
4.49083 4.08976313e-02
4.50637 4.07586617e-02
4.52197 4.06200530e-02
4.53762 4.04816434e-02
4.55333 4.03432885e-02
4.56909 4.02048466e-02
4.58491 4.00661806e-02
4.60078 3.99271662e-02
4.61670 3.97876939e-02
4.63269 3.96476590e-02
4.64872 3.95069696e-02
4.66481 3.93655435e-02
4.68096 3.92233109e-02
4.69717 3.90802172e-02
4.71343 3.89362126e-02
4.72974 3.87912597e-02
4.74611 3.86453412e-02
4.76254 3.84984420e-02
4.77903 3.83505621e-02
4.79557 3.82017092e-02
4.81217 3.80519079e-02
4.82883 3.79011758e-02
4.84555 3.77495577e-02
4.86232 3.75970958e-02
4.87915 3.74438475e-02
4.89604 3.72898699e-02
4.91299 3.71352252e-02
4.92999 3.69799932e-02
4.94706 3.68242436e-02
4.96418 3.66680583e-02
4.98137 3.65115246e-02
4.99861 3.63547246e-02
5.01591 3.61977529e-02
5.03328 3.60406990e-02
5.05070 3.58836501e-02
5.06818 3.57267058e-02
5.08573 3.55699506e-02
5.10333 3.54134766e-02
5.12100 3.52573810e-02
5.13873 3.51017532e-02
5.15651 3.49466731e-02
5.17436 3.47922300e-02
5.19228 3.46385038e-02
5.21025 3.44855765e-02
5.22828 3.43335253e-02
5.24638 3.41824174e-02
5.26454 3.40323324e-02
5.28277 3.38833252e-02
5.30105 3.37354652e-02
5.31940 3.35888050e-02
5.33782 3.34434016e-02
5.35629 3.32993024e-02
5.37484 3.31565547e-02
5.39344 3.30151957e-02
5.41211 3.28752629e-02
5.43084 3.27367861e-02
5.44965 3.25997952e-02
5.46851 3.24643150e-02
5.48744 3.23303580e-02
5.50643 3.21979417e-02
5.52550 3.20670784e-02
5.54462 3.19377682e-02
5.56381 3.18100135e-02
5.58308 3.16838169e-02
5.60240 3.15591708e-02
5.62179 3.14360604e-02
5.64125 3.13144757e-02
5.66078 3.11943993e-02
5.68038 3.10758087e-02
5.70004 3.09586791e-02
5.71977 3.08429881e-02
5.73957 3.07286933e-02
5.75944 3.06157774e-02
5.77938 3.05041931e-02
5.79938 3.03939054e-02
5.81946 3.02848747e-02
5.83960 3.01770535e-02
5.85982 3.00704021e-02
5.88010 2.99648683e-02
5.90045 2.98604071e-02
5.92088 2.97569639e-02
5.94137 2.96544939e-02
5.96194 2.95529422e-02
5.98258 2.94522468e-02
6.00329 2.93523627e-02
6.02407 2.92532302e-02
6.04492 2.91547947e-02
6.06585 2.90570012e-02
6.08684 2.89597977e-02
6.10791 2.88631193e-02
6.12906 2.87669163e-02
6.15027 2.86711364e-02
6.17156 2.85757198e-02
6.19293 2.84806144e-02
6.21436 2.83857678e-02
6.23588 2.82911328e-02
6.25746 2.81966546e-02
6.27912 2.81022834e-02
6.30086 2.80079744e-02
6.32267 2.79136804e-02
6.34455 2.78193564e-02
6.36652 2.77249628e-02
6.38856 2.76304622e-02
6.41067 2.75358073e-02
6.43286 2.74409682e-02
6.45513 2.73459100e-02
6.47747 2.72505980e-02
6.49990 2.71550048e-02
6.52240 2.70591029e-02
6.54497 2.69628700e-02
6.56763 2.68662763e-02
6.59037 2.67693042e-02
6.61318 2.66719364e-02
6.63607 2.65741554e-02
6.65904 2.64759488e-02
6.68209 2.63773042e-02
6.70522 2.63878620e-02
6.72843 2.67693589e-02
6.75172 2.71676857e-02
6.77510 2.75659452e-02
6.79855 2.79935687e-02
6.82208 2.83912533e-02
6.84570 2.88161540e-02
6.86939 2.92674119e-02
6.89317 2.97020366e-02
6.91704 3.01558034e-02
6.94098 3.06307207e-02
6.96500 3.10996597e-02
6.98911 3.15799431e-02
7.01331 3.20797668e-02
7.03759 3.25925899e-02
7.06195 3.31137358e-02
7.08639 3.36521945e-02
7.11092 3.42101636e-02
7.13554 3.47681600e-02
7.16024 3.53654485e-02
7.18502 3.59536128e-02
7.20990 3.65568249e-02
7.23485 3.72044836e-02
7.25990 3.78565924e-02
7.28503 3.85432619e-02
7.31025 3.92524384e-02
7.33555 3.99700373e-02
7.36094 4.07194318e-02
7.38642 4.15018489e-02
7.41199 4.23137369e-02
7.43765 4.31349433e-02
7.46340 4.40229988e-02
7.48923 4.49154745e-02
7.51516 4.58565483e-02
7.54117 4.68322425e-02
7.56727 4.78624459e-02
7.59347 4.89363765e-02
7.61975 5.00472324e-02
7.64613 5.12202133e-02
7.67260 5.24414887e-02
7.69916 5.37335257e-02
7.72581 5.50752409e-02
7.75255 5.65012000e-02
7.77939 5.79861483e-02
7.80632 5.95592903e-02
7.83334 6.12279410e-02
7.86046 6.29889966e-02
7.88767 6.48532615e-02
7.91497 6.68240658e-02
7.94237 6.89301486e-02
7.96986 7.11644441e-02
7.99745 7.35639047e-02
8.02513 7.61324206e-02
8.05291 7.88870457e-02
8.08079 8.18360057e-02
8.10876 8.50300366e-02
8.13683 8.84881735e-02
8.16500 9.22557639e-02
8.19326 9.63463822e-02
8.22162 1.00847271e-01
8.25008 1.05794404e-01
8.27864 1.11280338e-01
8.30730 1.17388793e-01
8.33605 1.24265220e-01
8.36491 1.32048846e-01
8.39386 1.40966162e-01
8.42292 1.51294901e-01
8.45208 1.63443143e-01
8.48133 1.77998613e-01
8.51069 1.95855420e-01
8.54016 2.18422524e-01
8.56972 2.48151854e-01
8.59938 2.89346201e-01
8.62915 3.50132060e-01
8.65902 4.43879545e-01
8.68899 5.74674340e-01
8.71907 6.98674990e-01
8.74925 7.85424391e-01
8.77954 8.99374983e-01
8.80993 1.06024646e+00
8.84043 1.20361895e+00
8.87103 1.30418624e+00
8.90174 1.27159772e+00
8.93255 1.13652921e+00
8.96347 1.01686288e+00
8.99450 9.37119954e-01
9.02563 8.95646752e-01
9.05688 9.00098926e-01
9.08823 9.52673419e-01
9.11969 1.04192594e+00
9.15126 1.14987851e+00
9.18294 1.26213462e+00
9.21472 1.37144647e+00
9.24662 1.46970788e+00
9.27863 1.53957328e+00
9.31075 1.57995239e+00
9.34298 1.62483072e+00
9.37532 1.68746460e+00
9.40777 1.74942551e+00
9.44034 1.78408085e+00
9.47302 1.79541724e+00
9.50581 1.81108057e+00
9.53871 1.79691381e+00
9.57173 1.70761049e+00
9.60487 1.60807484e+00
9.63811 1.56221682e+00
9.67148 1.52009287e+00
9.70495 1.47537227e+00
9.73855 1.50449276e+00
9.77226 1.61384135e+00
9.80609 1.73795403e+00
9.84003 1.81871499e+00
9.87409 1.86052683e+00
9.90827 1.86160974e+00
9.94257 1.78425383e+00
9.97699 1.61801372e+00
10.01153 1.44112068e+00
10.04618 1.30961152e+00
10.08096 1.24222436e+00
10.11585 1.23391097e+00
10.15087 1.27360228e+00
10.18601 1.36912648e+00
10.22127 1.50697747e+00
10.25665 1.62265523e+00
10.29215 1.63432145e+00
10.32778 1.61037886e+00
10.36353 1.62678733e+00
10.39941 1.65960448e+00
10.43540 1.68459300e+00
10.47153 1.69640193e+00
10.50777 1.70200143e+00
10.54415 1.71304704e+00
10.58065 1.74062709e+00
10.61727 1.78955093e+00
10.65403 1.85267538e+00
10.69091 1.92488999e+00
10.72791 1.99653141e+00
10.76505 2.07891861e+00
10.80231 2.17967506e+00
10.83971 2.25632014e+00
10.87723 2.24726905e+00
10.91488 2.15574887e+00
10.95266 2.03519580e+00
10.99058 1.93437340e+00
11.02862 1.87303275e+00
11.06680 1.83809323e+00
11.10511 1.80964373e+00
11.14355 1.77725682e+00
11.18212 1.74560935e+00
11.22083 1.72867744e+00
11.25967 1.73156530e+00
11.29865 1.74121895e+00
11.33776 1.74197632e+00
11.37701 1.73180846e+00
11.41639 1.71500834e+00
11.45591 1.68931238e+00
11.49556 1.64739115e+00
11.53536 1.58195590e+00
11.57529 1.49121614e+00
11.61536 1.38339520e+00
11.65556 1.27724501e+00
11.69591 1.19272678e+00
11.73640 1.13734417e+00
11.77702 1.10521812e+00
11.81779 1.08108630e+00
11.85870 1.04136881e+00
11.89975 9.75526844e-01
11.94094 9.06149564e-01
11.98227 8.51712288e-01
12.02375 8.09314539e-01
12.06537 7.66883986e-01
12.10714 7.14160085e-01
12.14905 6.49435260e-01
12.19110 5.79436480e-01
12.23330 5.11888633e-01
12.27565 4.51973660e-01
12.31814 4.01168444e-01
12.36078 3.58869454e-01
12.40357 3.24008558e-01
12.44651 2.95117212e-01
12.48959 2.71098788e-01
12.53283 2.50995634e-01
12.57621 2.34066660e-01
12.61974 2.19753184e-01
12.66343 2.07579257e-01
12.70726 1.97238372e-01
12.75125 1.88431836e-01
12.79539 1.80990357e-01
12.83968 1.74743420e-01
12.88413 1.69639232e-01
12.92873 1.65579556e-01
12.97348 1.62583182e-01
13.01839 1.60710891e-01
13.06345 1.60094716e-01
13.10867 1.60975708e-01
13.15405 1.63864935e-01
13.19959 1.69650482e-01
13.24528 1.80135822e-01
13.29113 1.99057451e-01
13.33713 2.34322468e-01
13.38330 2.95929461e-01
13.42963 3.53841227e-01
13.47612 3.33006116e-01
13.52277 2.94753710e-01
13.56958 2.93417276e-01
13.61655 3.29870837e-01
13.66368 4.04128156e-01
13.71098 5.17612156e-01
13.75844 6.41842656e-01
13.80607 7.05685195e-01
13.85386 6.55954830e-01
13.90182 5.32082980e-01
13.94994 4.16795282e-01
13.99823 3.44046578e-01
14.04668 3.06003662e-01
14.09531 2.92622748e-01
14.14410 2.98512679e-01
14.19306 3.22545764e-01
14.24219 3.65480839e-01
14.29149 4.26326905e-01
14.34096 5.00064544e-01
14.39060 5.77130599e-01
14.44042 6.30933035e-01
14.49041 6.28115911e-01
14.54057 5.63861461e-01
14.59090 4.75780306e-01
14.64141 4.00561031e-01
14.69209 3.55311264e-01
14.74295 3.45980594e-01
14.79398 3.33026101e-01
14.84519 2.95946784e-01
14.89658 2.85101276e-01
14.94814 2.91694542e-01
14.99989 3.11039182e-01
15.05181 3.42869906e-01
15.10392 3.88953924e-01
15.15620 4.50922777e-01
15.20866 5.28090204e-01
15.26131 6.14684000e-01
15.31414 6.99680302e-01
15.36715 7.72900576e-01
15.42034 8.37096089e-01
15.47372 8.96046816e-01
15.52729 9.32842848e-01
15.58103 9.22054784e-01
15.63497 8.56163317e-01
15.68909 7.49547829e-01
15.74340 6.30345209e-01
15.79790 5.27516142e-01
15.85258 4.52215879e-01
15.90746 4.02047346e-01
15.96252 3.71577945e-01
16.01778 3.57041664e-01
16.07323 3.56668953e-01
16.12886 3.69827634e-01
16.18470 3.95938642e-01
16.24072 4.29002212e-01
16.29694 4.55413355e-01
16.35335 4.61396245e-01
16.40996 4.45839520e-01
16.46677 4.19421707e-01
16.52377 3.94639516e-01
16.58097 3.78981941e-01
16.63836 3.74529568e-01
16.69596 3.80776804e-01
16.75375 3.96891712e-01
16.81175 4.22746414e-01
16.86994 4.58372917e-01
16.92834 5.03158880e-01
16.98694 5.55490980e-01
17.04574 6.14953273e-01
17.10474 6.84134777e-01
17.16395 7.67097383e-01
17.22337 8.64980455e-01
17.28299 9.68814759e-01
17.34281 1.06000620e+00
17.40285 1.13155631e+00
17.46309 1.20070996e+00
17.52354 1.29190392e+00
17.58420 1.42004897e+00
17.64507 1.58492046e+00
17.70615 1.75381746e+00
17.76744 1.84950005e+00
17.82894 1.84220313e+00
17.89066 1.82613337e+00
17.95259 1.86718361e+00
18.01473 1.93258638e+00
18.07709 1.97559463e+00
18.13967 1.97527456e+00
18.20246 1.94935079e+00
18.26547 1.91786386e+00
18.32870 1.87198766e+00
18.39214 1.81081152e+00
18.45581 1.76977870e+00
18.51969 1.75624786e+00
18.58380 1.73184331e+00
18.64813 1.68437547e+00
18.71268 1.63295154e+00
18.77746 1.59479705e+00
18.84246 1.59077341e+00
18.90768 1.63339516e+00
18.97313 1.70766176e+00
19.03881 1.79360558e+00
19.10472 1.87948619e+00
19.17085 1.94489941e+00
19.23721 1.96202396e+00
19.30380 1.92851058e+00
19.37062 1.87879950e+00
19.43768 1.83896680e+00
19.50496 1.81227509e+00
19.57248 1.79375424e+00
19.64023 1.77964237e+00
19.70822 1.76897895e+00
19.77644 1.76423846e+00
19.84490 1.76886511e+00
19.91359 1.78606943e+00
19.98252 1.81275686e+00
20.05169 1.83946772e+00
20.12110 1.86573122e+00
20.19076 1.90046351e+00
20.26065 1.94410175e+00
20.33078 1.99154435e+00
20.40116 2.02727215e+00
20.47178 2.02408881e+00
20.54264 1.96058459e+00
20.61375 1.84823478e+00
20.68511 1.72382378e+00
20.75671 1.61476764e+00
20.82856 1.53274078e+00
20.90066 1.48133452e+00
20.97301 1.45943989e+00
21.04561 1.46861869e+00
21.11846 1.50900151e+00
21.19157 1.57488860e+00
21.26492 1.65939623e+00
21.33853 1.74481447e+00
21.41240 1.81187335e+00
21.48652 1.84701403e+00
21.56090 1.84729963e+00
21.63553 1.82271289e+00
21.71043 1.79469298e+00
21.78558 1.78205963e+00
21.86099 1.78636416e+00
21.93666 1.79649593e+00
22.01260 1.79882279e+00
22.08880 1.79231509e+00
22.16526 1.77759157e+00
22.24199 1.75383812e+00
22.31898 1.71080597e+00
22.39624 1.64127388e+00
22.47377 1.53462256e+00
22.55156 1.38396976e+00
22.62962 1.21505930e+00
22.70796 1.06875363e+00
22.78656 9.76346087e-01
22.86544 9.49207467e-01
22.94459 9.65140139e-01
23.02402 9.90201732e-01
23.10372 9.79239420e-01
23.18369 9.16316999e-01
23.26394 8.33996526e-01
23.34447 7.70184252e-01
23.42528 7.39565717e-01
23.50637 7.44216505e-01
23.58774 7.72513180e-01
23.66939 8.19157298e-01
23.75133 8.73506044e-01
23.83354 9.27882119e-01
23.91604 9.76558763e-01
23.99883 1.01794194e+00
24.08191 1.05655001e+00
24.16527 1.09953419e+00
24.24892 1.15285186e+00
24.33286 1.21394841e+00
24.41709 1.27285387e+00
24.50161 1.31259921e+00
24.58642 1.32248622e+00
24.67153 1.30538140e+00
24.75693 1.27306057e+00
24.84263 1.23825722e+00
24.92863 1.21145629e+00
25.01492 1.18707533e+00
25.10151 1.14953836e+00
25.18840 1.08546816e+00
25.27559 9.97921593e-01
25.36309 9.03670681e-01
25.45088 8.17604455e-01
25.53898 7.47746297e-01
25.62739 6.92677639e-01
25.71610 6.52292679e-01
25.80512 6.25659228e-01
25.89444 6.10602247e-01
25.98408 6.07864245e-01
26.07403 6.18167623e-01
26.16428 6.41246468e-01
26.25485 6.79843609e-01
26.34574 7.36443605e-01
26.43694 8.07371115e-01
26.52845 8.82181863e-01
26.62028 9.35835936e-01
26.71243 9.62124252e-01
26.80489 9.76732164e-01
26.89768 9.96193084e-01
26.99079 1.01997399e+00
27.08422 1.04167964e+00
27.17798 1.05830415e+00
27.27205 1.07305318e+00
27.36646 1.09444172e+00
27.46119 1.13143356e+00
27.55625 1.19275908e+00
27.65164 1.28149016e+00
27.74736 1.39152737e+00
27.84341 1.51310925e+00
27.93979 1.63333378e+00
28.03650 1.74049297e+00
28.13355 1.82809073e+00
28.23094 1.89414604e+00
28.32867 1.93899126e+00
28.42673 1.96264352e+00
28.52513 1.96654197e+00
28.62387 1.95121208e+00
28.72295 1.91700253e+00
28.82238 1.86412964e+00
28.92215 1.79395243e+00
29.02227 1.71454418e+00
29.12273 1.63322089e+00
29.22354 1.55767703e+00
29.32470 1.49551631e+00
29.42621 1.45245985e+00
29.52807 1.42440351e+00
29.63029 1.40390741e+00
29.73286 1.38446841e+00
29.83578 1.36210440e+00
29.93906 1.33389207e+00
30.04269 1.29550614e+00
30.14669 1.24499897e+00
30.25104 1.18467318e+00
30.35576 1.11916485e+00
30.46084 1.05265988e+00
30.56628 9.88194020e-01
30.67209 9.28657458e-01
30.77826 8.77949707e-01
30.88481 8.39971428e-01
30.99172 8.15962187e-01
31.09900 8.02964512e-01
31.20665 7.92771093e-01
31.31467 7.74847435e-01
31.42307 7.45209920e-01
31.53184 7.10991406e-01
31.64099 6.81698528e-01
31.75052 6.59730325e-01
31.86043 6.40138091e-01
31.97072 6.16659481e-01
32.08139 5.85087278e-01
32.19244 5.44935079e-01
32.30388 5.00786620e-01
32.41570 4.59670823e-01
32.52791 4.26755292e-01
32.64051 4.03752882e-01
32.75349 3.89604743e-01
32.86687 3.81425931e-01
32.98064 3.75443936e-01
33.09481 3.68461134e-01
33.20937 3.59502478e-01
33.32433 3.50092014e-01
33.43968 3.42888075e-01
33.55544 3.40074187e-01
33.67159 3.42356548e-01
33.78815 3.49533209e-01
33.90511 3.60100284e-01
34.02247 3.72315228e-01
34.14024 3.84382581e-01
34.25842 3.95136971e-01
34.37701 4.04206706e-01
34.49601 4.11650748e-01
34.61542 4.17350802e-01
34.73525 4.20677127e-01
34.85549 4.20693927e-01
34.97614 4.16596668e-01
35.09721 4.08216356e-01
35.21871 3.96540804e-01
35.34062 3.83913824e-01
35.46295 3.73539538e-01
35.58571 3.68538812e-01
35.70889 3.71087534e-01
35.83250 3.82714130e-01
35.95654 4.03970759e-01
36.08101 4.34733052e-01
36.20590 4.73706713e-01
36.33123 5.17697177e-01
36.45700 5.61171966e-01
36.58320 5.97418416e-01
36.70983 6.20516126e-01
36.83691 6.26715167e-01
36.96442 6.14807103e-01
37.09238 5.86111324e-01
37.22077 5.44216846e-01
37.34962 4.93880086e-01
37.47890 4.39592270e-01
37.60864 3.85235287e-01
37.73883 3.34402320e-01
37.86946 2.90357578e-01
38.00055 2.53784322e-01
38.13209 2.23937683e-01
38.26409 1.99887605e-01
38.39654 1.80614209e-01
38.52946 1.65194517e-01
38.66283 1.52862102e-01
38.79667 1.43017352e-01
38.93096 1.35201619e-01
39.06573 1.29074495e-01
39.20096 1.24496569e-01
39.33665 1.21157222e-01
39.47282 1.18895357e-01
39.60946 1.17638386e-01
39.74657 1.17352351e-01
39.88416 1.18036905e-01
40.02222 1.19722617e-01
40.16076 1.22481164e-01
40.29978 1.26658107e-01
40.43928 1.32266435e-01
40.57926 1.39553165e-01
40.71973 1.48833950e-01
40.86069 1.60488257e-01
41.00213 1.74941698e-01
41.14406 1.92873488e-01
41.28648 2.14901147e-01
41.42940 2.39935250e-01
41.57281 2.66395198e-01
41.71672 2.92037690e-01
41.86113 3.14616164e-01
42.00603 3.32590036e-01
42.15144 3.50254228e-01
42.29735 3.74655600e-01
42.44377 4.06421473e-01
42.59069 4.37933253e-01
42.73812 4.56030711e-01
42.88606 4.59967942e-01
43.03451 4.79000430e-01
43.18348 5.15182603e-01
43.33297 5.67971488e-01
43.48297 6.34021472e-01
43.63349 7.12460000e-01
43.78453 7.62121049e-01
43.93609 7.71749888e-01
44.08818 7.52356167e-01
44.24079 7.32982731e-01
44.39394 7.16020555e-01
44.54761 6.95425796e-01
44.70182 6.70231453e-01
44.85655 6.40196166e-01
45.01183 6.03718954e-01
45.16764 5.62261601e-01
45.32399 5.19020034e-01
45.48089 4.76302236e-01
45.63832 4.34689995e-01
45.79630 3.95958757e-01
45.95483 3.60184633e-01
46.11391 3.25614327e-01
46.27353 2.92244726e-01
46.43371 2.61663012e-01
46.59445 2.33298576e-01
46.75574 2.07758432e-01
46.91759 1.86658292e-01
47.08000 1.69378212e-01
47.24297 1.54702292e-01
47.40650 1.42488423e-01
47.57060 1.33387699e-01
47.73527 1.26194206e-01
47.90051 1.20557450e-01
48.06633 1.16527687e-01
48.23271 1.14545426e-01
48.39967 1.13801460e-01
48.56721 1.14277172e-01
48.73533 1.16487636e-01
48.90403 1.20068428e-01
49.07332 1.24588780e-01
49.24319 1.30054729e-01
49.41365 1.35896051e-01
49.58470 1.41097003e-01
49.75634 1.45384393e-01
49.92858 1.46541636e-01
50.10141 1.45032650e-01
50.27484 1.41216967e-01
50.44887 1.34123512e-01
50.62350 1.25700604e-01
50.79874 1.16712850e-01
50.97458 1.07698292e-01
51.15104 9.97582830e-02
51.32810 9.28399310e-02
51.50578 8.77261828e-02
51.68407 8.55563097e-02
51.86298 8.61898364e-02
52.04250 9.18753721e-02
52.22265 1.05611550e-01
52.40343 1.17663275e-01
52.58482 1.18901067e-01
52.76685 1.01444590e-01
52.94951 8.01109792e-02
53.13280 6.48392117e-02
53.31672 5.47525788e-02
53.50128 4.75442862e-02
53.68648 4.33087349e-02
53.87232 4.00616135e-02
54.05880 3.75502201e-02
54.24593 3.60929483e-02
54.43371 3.50896896e-02
54.62214 3.46280007e-02
54.81122 3.54017764e-02
55.00095 3.72257287e-02
55.19134 4.11755132e-02
55.38239 5.09541337e-02
55.57410 6.47742841e-02
55.76647 9.07556658e-02
55.95951 9.56268693e-02
56.15322 8.05681856e-02
56.34760 5.96363712e-02
56.54265 4.08424004e-02
56.73838 3.26340647e-02
56.93479 2.71669838e-02
57.13187 2.36269028e-02
57.32964 2.16497444e-02
57.52809 1.99560380e-02
57.72723 1.87623893e-02
57.92705 1.77817987e-02
58.12757 1.69336732e-02
58.32879 1.62703804e-02
58.53070 1.56495255e-02
58.73331 1.51199089e-02
58.93662 1.46360836e-02
59.14063 1.41890836e-02
59.34535 1.37925884e-02
59.55078 1.34111670e-02
59.75692 1.30670816e-02
59.96377 1.27370743e-02
60.17134 1.24302590e-02
60.37963 1.21313054e-02
60.58864 1.18400775e-02
60.79837 1.15563616e-02
61.00883 1.12799461e-02
61.22002 1.10106374e-02
61.43194 1.07482348e-02
61.64459 1.04925478e-02
61.85797 1.02433980e-02
62.07210 1.00005980e-02
62.28697 9.76397980e-03
62.50258 9.53337156e-03
62.71894 9.30861294e-03
62.93605 9.08954468e-03
63.15390 8.87600722e-03
63.37252 8.66785422e-03
63.59189 8.46494133e-03
63.81201 8.26712718e-03
64.03290 8.07427065e-03
64.25456 7.88624306e-03
64.47698 7.70290926e-03
64.70017 7.52414855e-03
64.92414 7.34983524e-03
65.14888 7.17985333e-03
65.37440 7.01408338e-03
65.60070 6.85241685e-03
65.82778 6.69474226e-03
66.05565 6.54095605e-03
66.28430 6.39095470e-03
66.51375 6.24463915e-03
66.74400 6.10190759e-03
66.97504 5.96267093e-03
67.20688 5.82683410e-03
67.43952 5.69430997e-03
67.67297 5.56501020e-03
67.90722 5.43885092e-03
68.14229 5.31575271e-03
68.37817 5.19563321e-03
68.61486 5.07841426e-03
68.85238 4.96402194e-03
69.09072 4.85238382e-03
69.32988 4.74342898e-03
69.56987 4.63708572e-03
69.81069 4.53328736e-03
70.05235 4.43197042e-03
70.29484 4.33307044e-03
70.53817 4.23652494e-03
70.78235 4.14227445e-03
71.02737 4.05025973e-03
71.27323 3.96042453e-03
71.51995 3.87271285e-03
71.76752 3.78707143e-03
72.01595 3.70344725e-03
72.26524 3.62178980e-03
72.51539 3.54204878e-03
72.76641 3.46417692e-03
73.01830 3.38812619e-03
73.27106 3.31385177e-03
73.52469 3.24130887e-03
73.77920 3.17045369e-03
74.03460 3.10124491e-03
74.29087 3.03364121e-03
74.54804 2.96760277e-03
74.80609 2.90309052e-03
75.06504 2.84006688e-03
75.32488 2.77849476e-03
75.58563 2.71833906e-03
75.84727 2.65956395e-03
76.10982 2.60213632e-03
76.37328 2.54602233e-03
76.63766 2.49119036e-03
76.90295 2.43760907e-03
77.16915 2.38524732e-03
77.43628 2.33407627e-03
77.70433 2.28406652e-03
77.97331 2.23518972e-03
78.24322 2.18741874e-03
78.51407 2.14072644e-03
78.78585 2.09508743e-03
79.05857 2.05047559e-03
79.33224 2.00686677e-03
79.60686 1.96423659e-03
79.88242 1.92256164e-03
80.15894 1.88181902e-03
80.43642 1.84198684e-03
80.71486 1.80304320e-03
80.99426 1.76496644e-03
81.27463 1.72773664e-03
81.55596 1.69133365e-03
81.83828 1.65573732e-03
82.12157 1.62092921e-03
82.40584 1.58689034e-03
82.69109 1.55360297e-03
82.97733 1.52104940e-03
83.26457 1.48921171e-03
83.55279 1.45807417e-03
83.84202 1.42761985e-03
84.13225 1.39783258e-03
84.42348 1.36869739e-03
84.71572 1.34019874e-03
85.00897 1.31232192e-03
85.30323 1.28505253e-03
85.59852 1.25837625e-03
85.89482 1.23227990e-03
86.19215 1.20674975e-03
86.49052 1.18177273e-03
86.78991 1.15733647e-03
87.09034 1.13342830e-03
87.39181 1.11003591e-03
87.69432 1.08714816e-03
87.99789 1.06475286e-03
88.30250 1.04283894e-03
88.60816 1.02139572e-03
88.91489 1.00041242e-03
89.22267 9.79878418e-04
89.53153 9.59783428e-04
89.84145 9.40117796e-04
90.15244 9.20872064e-04
90.46451 9.02036153e-04
90.77766 8.83601177e-04
91.09190 8.65558027e-04
91.40722 8.47898116e-04
91.72363 8.30612683e-04
92.04114 8.13693540e-04
92.35975 7.97132149e-04
92.67946 7.80920672e-04
93.00028 7.65051516e-04
93.32221 7.49517067e-04
93.64525 7.34309707e-04
93.96941 7.19421995e-04
94.29469 7.04847310e-04
94.62110 6.90578684e-04
94.94864 6.76608900e-04
95.27731 6.62931908e-04
95.60712 6.49541013e-04
95.93807 6.36430069e-04
96.27017 6.23592729e-04
96.60342 6.11023093e-04
96.93782 5.98715264e-04
97.27338 5.86663641e-04
97.61010 5.74862475e-04
97.94798 5.63306464e-04
98.28704 5.51990183e-04
98.62727 5.40908629e-04
98.96867 5.30056402e-04
99.31126 5.19428597e-04
99.65504 5.09020636e-04
100.00000 4.98827492e-04
