        2000  2.000000 2.800000
0.10000 1.37143179e+00
0.10035 1.37033394e+00
0.10069 1.36807876e+00
0.10104 1.36710983e+00
0.10139 1.36571132e+00
0.10174 1.36403929e+00
0.10210 1.36278290e+00
0.10245 1.36135004e+00
0.10280 1.35959712e+00
0.10316 1.35844850e+00
0.10352 1.35729465e+00
0.10387 1.35522539e+00
0.10423 1.35378482e+00
0.10459 1.35259612e+00
0.10496 1.35144078e+00
0.10532 1.34962116e+00
0.10568 1.34821817e+00
0.10605 1.34712156e+00
0.10642 1.34566308e+00
0.10679 1.34443406e+00
0.10716 1.34295392e+00
0.10753 1.34060316e+00
0.10790 1.33937540e+00
0.10827 1.33779868e+00
0.10865 1.33604078e+00
0.10902 1.33422912e+00
0.10940 1.33278756e+00
0.10978 1.33082880e+00
0.11016 1.32839367e+00
0.11054 1.32695410e+00
0.11092 1.32511755e+00
0.11131 1.32272846e+00
0.11169 1.32046108e+00
0.11208 1.31885600e+00
0.11247 1.31713618e+00
0.11286 1.31464455e+00
0.11325 1.31269824e+00
0.11364 1.31082062e+00
0.11403 1.30841188e+00
0.11443 1.30637248e+00
0.11482 1.30453269e+00
0.11522 1.30229195e+00
0.11562 1.30037028e+00
0.11602 1.29797870e+00
0.11642 1.29569042e+00
0.11682 1.29291132e+00
0.11723 1.29168132e+00
0.11763 1.28898162e+00
0.11804 1.28710027e+00
0.11845 1.28473781e+00
0.11886 1.28291545e+00
0.11927 1.28111324e+00
0.11968 1.27915723e+00
0.12010 1.27755861e+00
0.12051 1.27597842e+00
0.12093 1.27435467e+00
0.12135 1.27245739e+00
0.12177 1.27153849e+00
0.12219 1.26950009e+00
0.12262 1.26863943e+00
0.12304 1.26698606e+00
0.12347 1.26602261e+00
0.12389 1.26457433e+00
0.12432 1.26332092e+00
0.12475 1.26220167e+00
0.12518 1.26058364e+00
0.12562 1.25949824e+00
0.12605 1.25811143e+00
0.12649 1.25677116e+00
0.12693 1.25555659e+00
0.12737 1.25420039e+00
0.12781 1.25274066e+00
0.12825 1.25147431e+00
0.12869 1.25020423e+00
0.12914 1.24883410e+00
0.12959 1.24735819e+00
0.13003 1.24629767e+00
0.13048 1.24470379e+00
0.13094 1.24346382e+00
0.13139 1.24164494e+00
0.13184 1.24051748e+00
0.13230 1.23895719e+00
0.13276 1.23701237e+00
0.13322 1.23579406e+00
0.13368 1.23379822e+00
0.13414 1.23247662e+00
0.13461 1.23036380e+00
0.13507 1.22883861e+00
0.13554 1.22678926e+00
0.13601 1.22519911e+00
0.13648 1.22306091e+00
0.13695 1.22126318e+00
0.13743 1.21970439e+00
0.13790 1.21750695e+00
0.13838 1.21587598e+00
0.13886 1.21395182e+00
0.13934 1.21189899e+00
0.13982 1.20967168e+00
0.14031 1.20829483e+00
0.14079 1.20553664e+00
0.14128 1.20421828e+00
0.14177 1.20181227e+00
0.14226 1.19959790e+00
0.14275 1.19776533e+00
0.14324 1.19534439e+00
0.14374 1.19343740e+00
0.14424 1.19158144e+00
0.14474 1.18961273e+00
0.14524 1.18665020e+00
0.14574 1.18560139e+00
0.14625 1.18319538e+00
0.14675 1.18126699e+00
0.14726 1.17936025e+00
0.14777 1.17737660e+00
0.14828 1.17545991e+00
0.14879 1.17385084e+00
0.14931 1.17163150e+00
0.14983 1.16945547e+00
0.15034 1.16818116e+00
0.15087 1.16584782e+00
0.15139 1.16405159e+00
0.15191 1.16199925e+00
0.15244 1.16034091e+00
0.15297 1.15871815e+00
0.15349 1.15588480e+00
0.15403 1.15496814e+00
0.15456 1.15311467e+00
0.15509 1.15130500e+00
0.15563 1.14920910e+00
0.15617 1.14809806e+00
0.15671 1.14569628e+00
0.15725 1.14442720e+00
0.15780 1.14244953e+00
0.15834 1.14114212e+00
0.15889 1.13918460e+00
0.15944 1.13738091e+00
0.15999 1.13613796e+00
0.16055 1.13415132e+00
0.16110 1.13235360e+00
0.16166 1.13081397e+00
0.16222 1.12907573e+00
0.16278 1.12742311e+00
0.16335 1.12556839e+00
0.16391 1.12426396e+00
0.16448 1.12262876e+00
0.16505 1.12096420e+00
0.16562 1.11949625e+00
0.16619 1.11822592e+00
0.16677 1.11605113e+00
0.16734 1.11529924e+00
0.16792 1.11317074e+00
0.16851 1.11165924e+00
0.16909 1.10994489e+00
0.16967 1.10875147e+00
0.17026 1.10675289e+00
0.17085 1.10525433e+00
0.17144 1.10373959e+00
0.17204 1.10183285e+00
0.17263 1.10085298e+00
0.17323 1.09873692e+00
0.17383 1.09716743e+00
0.17443 1.09560764e+00
0.17503 1.09376412e+00
0.17564 1.09236014e+00
0.17625 1.09063733e+00
0.17686 1.08851456e+00
0.17747 1.08694308e+00
0.17808 1.08536139e+00
0.17870 1.08286030e+00
0.17932 1.08152800e+00
0.17994 1.07965063e+00
0.18056 1.07741088e+00
0.18119 1.07550514e+00
0.18182 1.07387840e+00
0.18244 1.07159161e+00
0.18308 1.07007861e+00
0.18371 1.06788789e+00
0.18435 1.06599584e+00
0.18498 1.06412519e+00
0.18562 1.06234265e+00
0.18627 1.06036100e+00
0.18691 1.05836988e+00
0.18756 1.05713440e+00
0.18821 1.05482297e+00
0.18886 1.05345408e+00
0.18951 1.05125988e+00
0.19017 1.05020956e+00
0.19083 1.04815349e+00
0.19149 1.04612754e+00
0.19215 1.04475068e+00
0.19282 1.04379072e+00
0.19348 1.04167193e+00
0.19415 1.03999417e+00
0.19483 1.03905735e+00
0.19550 1.03761006e+00
0.19618 1.03571577e+00
0.19686 1.03412636e+00
0.19754 1.03309447e+00
0.19822 1.03155957e+00
0.19891 1.02969714e+00
0.19960 1.02818812e+00
0.20029 1.02745440e+00
0.20098 1.02510539e+00
0.20168 1.02427559e+00
0.20237 1.02253785e+00
0.20307 1.02122546e+00
0.20378 1.01927865e+00
0.20448 1.01794087e+00
0.20519 1.01638009e+00
0.20590 1.01480612e+00
0.20661 1.01319157e+00
0.20733 1.01202404e+00
0.20805 1.00980196e+00
0.20877 1.00839026e+00
0.20949 1.00709753e+00
0.21021 1.00466489e+00
0.21094 1.00346350e+00
0.21167 1.00182482e+00
0.21240 9.99792142e-01
0.21314 9.97989938e-01
0.21388 9.96921707e-01
0.21462 9.94509227e-01
0.21536 9.92725938e-01
0.21611 9.90885156e-01
0.21685 9.89345529e-01
0.21760 9.87962453e-01
0.21836 9.85341156e-01
0.21911 9.83753742e-01
0.21987 9.82033173e-01
0.22063 9.80461689e-01
0.22140 9.78133333e-01
0.22216 9.76654684e-01
0.22293 9.74994347e-01
0.22370 9.72633138e-01
0.22448 9.71291378e-01
0.22526 9.69619342e-01
0.22604 9.67878613e-01
0.22682 9.65827520e-01
0.22760 9.64150507e-01
0.22839 9.62754738e-01
0.22918 9.60935111e-01
0.22998 9.59314098e-01
0.23077 9.57518613e-01
0.23157 9.55768924e-01
0.23237 9.54288533e-01
0.23318 9.52867129e-01
0.23398 9.51428302e-01
0.23479 9.49345102e-01
0.23561 9.47798009e-01
0.23642 9.46565760e-01
0.23724 9.44481564e-01
0.23806 9.43357831e-01
0.23889 9.41893120e-01
0.23971 9.39814649e-01
0.24054 9.38400213e-01
0.24137 9.37044764e-01
0.24221 9.35573084e-01
0.24305 9.33441600e-01
0.24389 9.31977387e-01
0.24473 9.30948729e-01
0.24558 9.28695787e-01
0.24643 9.27013298e-01
0.24728 9.26100871e-01
0.24814 9.24054009e-01
0.24900 9.22195804e-01
0.24986 9.20744036e-01
0.25073 9.19080711e-01
0.25159 9.17687929e-01
0.25246 9.16061440e-01
0.25334 9.14088747e-01
0.25422 9.12320142e-01
0.25510 9.11327324e-01
0.25598 9.09441742e-01
0.25687 9.08097742e-01
0.25775 9.06365227e-01
0.25865 9.04574471e-01
0.25954 9.02977102e-01
0.26044 9.01877013e-01
0.26134 9.00293333e-01
0.26225 8.98787307e-01
0.26315 8.97166542e-01
0.26406 8.95393458e-01
0.26498 8.94386702e-01
0.26590 8.92939911e-01
0.26682 8.91122773e-01
0.26774 8.90173760e-01
0.26867 8.88541049e-01
0.26960 8.86556907e-01
0.27053 8.85518293e-01
0.27147 8.84304960e-01
0.27241 8.82229973e-01
0.27335 8.81227449e-01
0.27430 8.79457102e-01
0.27525 8.78015040e-01
0.27620 8.76636196e-01
0.27715 8.75029120e-01
0.27811 8.73528320e-01
0.27908 8.72098951e-01
0.28004 8.70067769e-01
0.28101 8.68814116e-01
0.28198 8.67156516e-01
0.28296 8.65743573e-01
0.28394 8.64122062e-01
0.28492 8.62739484e-01
0.28591 8.60546027e-01
0.28690 8.59029049e-01
0.28789 8.57639253e-01
0.28889 8.56490133e-01
0.28989 8.54384782e-01
0.29089 8.52813049e-01
0.29190 8.51465813e-01
0.29291 8.49602631e-01
0.29392 8.48424640e-01
0.29494 8.46511929e-01
0.29596 8.45216711e-01
0.29699 8.43261938e-01
0.29801 8.42274844e-01
0.29905 8.40472640e-01
0.30008 8.39389973e-01
0.30112 8.37310507e-01
0.30216 8.35998862e-01
0.30321 8.34296462e-01
0.30426 8.32705813e-01
0.30531 8.31638578e-01
0.30637 8.29698738e-01
0.30743 8.28803484e-01
0.30849 8.26871858e-01
0.30956 8.25491769e-01
0.31063 8.23837404e-01
0.31171 8.22803769e-01
0.31279 8.20811164e-01
0.31387 8.19042311e-01
0.31496 8.17730169e-01
0.31605 8.16178098e-01
0.31714 8.14844551e-01
0.31824 8.13682240e-01
0.31934 8.12347200e-01
0.32044 8.09855573e-01
0.32155 8.08389867e-01
0.32267 8.07298987e-01
0.32378 8.06198151e-01
0.32490 8.04628658e-01
0.32603 8.02763236e-01
0.32716 8.01111435e-01
0.32829 7.99739534e-01
0.32943 7.99191580e-01
0.33057 7.97446869e-01
0.33171 7.95908636e-01
0.33286 7.94652320e-01
0.33401 7.92510108e-01
0.33517 7.91906105e-01
0.33633 7.90738741e-01
0.33749 7.89134379e-01
0.33866 7.87614364e-01
0.33983 7.86453547e-01
0.34101 7.85450027e-01
0.34219 7.83973842e-01
0.34337 7.82506891e-01
0.34456 7.80538279e-01
0.34576 7.79451356e-01
0.34695 7.78384843e-01
0.34815 7.77562837e-01
0.34936 7.75741941e-01
0.35057 7.74505188e-01
0.35178 7.72690564e-01
0.35300 7.71502069e-01
0.35422 7.69727591e-01
0.35545 7.68947076e-01
0.35668 7.66661504e-01
0.35791 7.65784544e-01
0.35915 7.64357739e-01
0.36039 7.62839492e-01
0.36164 7.61494994e-01
0.36289 7.60212619e-01
0.36415 7.58444761e-01
0.36541 7.57063253e-01
0.36668 7.55542716e-01
0.36795 7.53601284e-01
0.36922 7.52958528e-01
0.37050 7.51122923e-01
0.37178 7.49931691e-01
0.37307 7.48179588e-01
0.37436 7.46999083e-01
0.37565 7.46115826e-01
0.37695 7.44120110e-01
0.37826 7.42532597e-01
0.37957 7.41509589e-01
0.38088 7.39683417e-01
0.38220 7.38671310e-01
0.38352 7.38035872e-01
0.38485 7.36242478e-01
0.38618 7.34232252e-01
0.38752 7.32901543e-01
0.38886 7.32025828e-01
0.39021 7.31110190e-01
0.39156 7.29659541e-01
0.39291 7.27848327e-01
0.39427 7.26323908e-01
0.39564 7.24698140e-01
0.39701 7.24267787e-01
0.39838 7.23766649e-01
0.39976 7.21716402e-01
0.40115 7.19503531e-01
0.40253 7.18448142e-01
0.40393 7.18667015e-01
0.40533 7.16788476e-01
0.40673 7.14207175e-01
0.40814 7.12955314e-01
0.40955 7.12567371e-01
0.41097 7.10990585e-01
0.41239 7.10331104e-01
0.41382 7.09704551e-01
0.41525 7.07729294e-01
0.41669 7.05757746e-01
0.41813 7.04442791e-01
0.41958 7.03248796e-01
0.42103 7.02768416e-01
0.42249 7.01862261e-01
0.42395 6.99696082e-01
0.42542 6.98605550e-01
0.42689 6.98014588e-01
0.42837 6.95994133e-01
0.42985 6.94762108e-01
0.43134 6.94146009e-01
0.43283 6.92023783e-01
0.43433 6.90924640e-01
0.43583 6.90934023e-01
0.43734 6.89012327e-01
0.43886 6.86958695e-01
0.44037 6.86610898e-01
0.44190 6.85375140e-01
0.44343 6.83450656e-01
0.44496 6.82740028e-01
0.44650 6.81320117e-01
0.44805 6.79685614e-01
0.44960 6.79044402e-01
0.45116 6.77577451e-01
0.45272 6.75738212e-01
0.45429 6.75270699e-01
0.45586 6.74486325e-01
0.45744 6.72090596e-01
0.45902 6.71019676e-01
0.46061 6.71122094e-01
0.46220 6.69207467e-01
0.46380 6.67192412e-01
0.46541 6.66732939e-01
0.46702 6.65447652e-01
0.46864 6.63410272e-01
0.47026 6.62782176e-01
0.47189 6.61888491e-01
0.47352 6.60145049e-01
0.47516 6.59490471e-01
0.47680 6.58884725e-01
0.47845 6.56916213e-01
0.48011 6.54935954e-01
0.48177 6.54507641e-01
0.48344 6.53973127e-01
0.48511 6.52022660e-01
0.48679 6.50668704e-01
0.48848 6.49838709e-01
0.49017 6.48289700e-01
0.49186 6.47071488e-01
0.49357 6.47017554e-01
0.49528 6.45689259e-01
0.49699 6.43629753e-01
0.49871 6.42363182e-01
0.50044 6.41493141e-01
0.50217 6.40317291e-01
0.50391 6.38844690e-01
0.50565 6.38042670e-01
0.50740 6.37160757e-01
0.50916 6.35638055e-01
0.51092 6.34441820e-01
0.51269 6.34431143e-01
0.51446 6.33685796e-01
0.51625 6.31018652e-01
0.51803 6.29298581e-01
0.51983 6.28484416e-01
0.52163 6.28265842e-01
0.52343 6.26818204e-01
0.52524 6.25292366e-01
0.52706 6.24402912e-01
0.52889 6.24483303e-01
0.53072 6.23193312e-01
0.53255 6.21327467e-01
0.53440 6.19910791e-01
0.53625 6.19198994e-01
0.53810 6.17467723e-01
0.53997 6.16634716e-01
0.54183 6.16318777e-01
0.54371 6.16283161e-01
0.54559 6.15585799e-01
0.54748 6.13410684e-01
0.54938 6.10389298e-01
0.55128 6.09176711e-01
0.55319 6.09680263e-01
0.55510 6.09438492e-01
0.55702 6.08305177e-01
0.55895 6.06958140e-01
0.56089 6.06182976e-01
0.56283 6.04524107e-01
0.56478 6.02775289e-01
0.56673 6.01850368e-01
0.56869 6.01795812e-01
0.57066 6.01550283e-01
0.57264 6.00359748e-01
0.57462 5.98468814e-01
0.57661 5.97149828e-01
0.57860 5.96515584e-01
0.58061 5.95606642e-01
0.58262 5.94436292e-01
0.58463 5.93474485e-01
0.58666 5.92875634e-01
0.58869 5.91862830e-01
0.59073 5.90517337e-01
0.59277 5.88864068e-01
0.59482 5.87780580e-01
0.59688 5.87665070e-01
0.59895 5.87194919e-01
0.60102 5.85899353e-01
0.60310 5.84167908e-01
0.60519 5.83808437e-01
0.60728 5.84366745e-01
0.60939 5.82789113e-01
0.61150 5.80125902e-01
0.61361 5.78013732e-01
0.61574 5.77545273e-01
0.61787 5.78565668e-01
0.62001 5.78327531e-01
0.62215 5.76315189e-01
0.62431 5.74346005e-01
0.62647 5.72899438e-01
0.62864 5.72585465e-01
0.63081 5.72708715e-01
0.63300 5.71471911e-01
0.63519 5.70092171e-01
0.63739 5.68335737e-01
0.63959 5.67454098e-01
0.64181 5.68039186e-01
0.64403 5.67525305e-01
0.64626 5.65520580e-01
0.64849 5.62984700e-01
0.65074 5.61878788e-01
0.65299 5.61981156e-01
0.65525 5.62284377e-01
0.65752 5.61177170e-01
0.65980 5.59575445e-01
0.66208 5.57649817e-01
0.66437 5.56271644e-01
0.66667 5.56031019e-01
0.66898 5.55626076e-01
0.67130 5.54804868e-01
0.67362 5.53336050e-01
0.67595 5.51953995e-01
0.67829 5.50753131e-01
0.68064 5.50558251e-01
0.68299 5.50333056e-01
0.68536 5.49663321e-01
0.68773 5.48471641e-01
0.69011 5.46759460e-01
0.69250 5.44609756e-01
0.69490 5.43178222e-01
0.69730 5.42760562e-01
0.69972 5.42402635e-01
0.70214 5.41575776e-01
0.70457 5.40672409e-01
0.70701 5.39412284e-01
0.70946 5.39167129e-01
0.71191 5.38784636e-01
0.71438 5.36921454e-01
0.71685 5.34677572e-01
0.71933 5.34123396e-01
0.72182 5.34685138e-01
0.72432 5.34239801e-01
0.72683 5.32739449e-01
0.72934 5.30010059e-01
0.73187 5.27904434e-01
0.73440 5.26517152e-01
0.73694 5.27087829e-01
0.73949 5.28510453e-01
0.74205 5.28004736e-01
0.74462 5.25860284e-01
0.74720 5.22780708e-01
0.74979 5.21331851e-01
0.75238 5.21957308e-01
0.75499 5.22561088e-01
0.75760 5.21919452e-01
0.76022 5.20428932e-01
0.76285 5.18322709e-01
0.76549 5.16143413e-01
0.76814 5.14663620e-01
0.77080 5.14114820e-01
0.77347 5.14056132e-01
0.77615 5.13868768e-01
0.77884 5.13980843e-01
0.78153 5.14101006e-01
0.78424 5.12521184e-01
0.78695 5.10070699e-01
0.78968 5.08141038e-01
0.79241 5.07096028e-01
0.79515 5.06789497e-01
0.79790 5.06651065e-01
0.80067 5.05989244e-01
0.80344 5.04924548e-01
0.80622 5.03924363e-01
0.80901 5.03118734e-01
0.81181 5.02408953e-01
0.81462 5.01290073e-01
0.81744 5.00115342e-01
0.82027 4.99367879e-01
0.82311 4.99463851e-01
0.82596 4.99042756e-01
0.82882 4.97645941e-01
0.83169 4.96192804e-01
0.83457 4.94587470e-01
0.83745 4.93554034e-01
0.84035 4.94582219e-01
0.84326 4.96199399e-01
0.84618 4.95458009e-01
0.84911 4.92973675e-01
0.85205 4.90277611e-01
0.85500 4.87605963e-01
0.85796 4.86572427e-01
0.86093 4.86967712e-01
0.86391 4.87718162e-01
0.86690 4.87377707e-01
0.86990 4.87189348e-01
0.87291 4.88117554e-01
0.87593 4.88895083e-01
0.87897 4.88547236e-01
0.88201 4.87452572e-01
0.88506 4.84803872e-01
0.88813 4.80481941e-01
0.89120 4.76855929e-01
0.89428 4.75062859e-01
0.89738 4.75962692e-01
0.90049 4.79459630e-01
0.90360 4.83661696e-01
0.90673 4.85665749e-01
0.90987 4.84746752e-01
0.91302 4.81534542e-01
0.91618 4.77199868e-01
0.91935 4.73666766e-01
0.92253 4.72339317e-01
0.92573 4.72537109e-01
0.92893 4.72486187e-01
0.93215 4.73024907e-01
0.93537 4.74262880e-01
0.93861 4.75189070e-01
0.94186 4.76722848e-01
0.94512 4.77095111e-01
0.94839 4.75992882e-01
0.95168 4.74422617e-01
0.95497 4.71140768e-01
0.95828 4.67297003e-01
0.96159 4.65047893e-01
0.96492 4.64735762e-01
0.96826 4.65956836e-01
0.97161 4.68305202e-01
0.97498 4.71483438e-01
0.97835 4.74088359e-01
0.98174 4.74265792e-01
0.98514 4.71442048e-01
0.98855 4.67006226e-01
0.99197 4.62166332e-01
0.99540 4.59624082e-01
0.99885 4.60694553e-01
1.00231 4.63857607e-01
1.00578 4.67283239e-01
1.00926 4.69403374e-01
1.01275 4.69110855e-01
1.01626 4.66716818e-01
1.01978 4.62873003e-01
1.02330 4.59281038e-01
1.02685 4.58582034e-01
1.03040 4.60753863e-01
1.03397 4.63826247e-01
1.03755 4.66126030e-01
1.04114 4.66720452e-01
1.04474 4.65390962e-01
1.04836 4.63126222e-01
1.05199 4.59301646e-01
1.05563 4.54827196e-01
1.05928 4.53078727e-01
1.06295 4.54422354e-01
1.06663 4.56681792e-01
1.07032 4.59092505e-01
1.07403 4.61474645e-01
1.07775 4.62903641e-01
1.08148 4.63930606e-01
1.08522 4.63346663e-01
1.08898 4.60602837e-01
1.09275 4.57956427e-01
1.09653 4.56114251e-01
1.10032 4.54938649e-01
1.10413 4.54195765e-01
1.10796 4.53256508e-01
1.11179 4.52321458e-01
1.11564 4.52377657e-01
1.11950 4.53623296e-01
1.12338 4.55642382e-01
1.12726 4.57472636e-01
1.13117 4.58966318e-01
1.13508 4.59545657e-01
1.13901 4.57867100e-01
1.14295 4.55230073e-01
1.14691 4.53702766e-01
1.15088 4.51853995e-01
1.15487 4.49401394e-01
1.15886 4.48211132e-01
1.16287 4.48724939e-01
1.16690 4.49779954e-01
1.17094 4.50346898e-01
1.17499 4.50726976e-01
1.17906 4.50951698e-01
1.18314 4.51715264e-01
1.18724 4.53172185e-01
1.19135 4.54444256e-01
1.19547 4.54725525e-01
1.19961 4.53618443e-01
1.20376 4.51197177e-01
1.20793 4.48278631e-01
1.21211 4.45181010e-01
1.21630 4.41646713e-01
1.22052 4.39074620e-01
1.22474 4.39468188e-01
1.22898 4.42751108e-01
1.23323 4.46982841e-01
1.23750 4.50887783e-01
1.24179 4.54365607e-01
1.24609 4.55625707e-01
1.25040 4.53301781e-01
1.25473 4.49036747e-01
1.25907 4.44545572e-01
1.26343 4.40396021e-01
1.26780 4.37171591e-01
1.27219 4.35382652e-01
1.27659 4.34991797e-01
1.28101 4.35946734e-01
1.28545 4.38332060e-01
1.28990 4.40981159e-01
1.29436 4.42257959e-01
1.29884 4.42829956e-01
1.30334 4.43831659e-01
1.30785 4.44660484e-01
1.31238 4.44233888e-01
1.31692 4.42253504e-01
1.32148 4.39621429e-01
1.32605 4.37044932e-01
1.33064 4.34271737e-01
1.33525 4.31783545e-01
1.33987 4.30390962e-01
1.34451 4.30008917e-01
1.34916 4.30533476e-01
1.35383 4.31955577e-01
1.35852 4.33703001e-01
1.36322 4.35496444e-01
1.36794 4.37273536e-01
1.37268 4.37760711e-01
1.37743 4.36255481e-01
1.38220 4.33849049e-01
1.38698 4.31348761e-01
1.39178 4.28681767e-01
1.39660 4.25736839e-01
1.40144 4.23154020e-01
1.40629 4.21664171e-01
1.41115 4.21376132e-01
1.41604 4.22346350e-01
1.42094 4.24419346e-01
1.42586 4.26587964e-01
1.43080 4.27968900e-01
1.43575 4.28448732e-01
1.44072 4.27801348e-01
1.44571 4.25741518e-01
1.45071 4.22655147e-01
1.45573 4.19608697e-01
1.46077 4.17838101e-01
1.46583 4.17471563e-01
1.47090 4.17371982e-01
1.47599 4.16794958e-01
1.48110 4.15921732e-01
1.48623 4.14886404e-01
1.49137 4.13751694e-01
1.49654 4.12814329e-01
1.50172 4.12294624e-01
1.50692 4.12263015e-01
1.51213 4.12741803e-01
1.51737 4.13507509e-01
1.52262 4.14097351e-01
1.52789 4.14046876e-01
1.53318 4.13102517e-01
1.53849 4.11305888e-01
1.54381 4.08836412e-01
1.54916 4.05959630e-01
1.55452 4.03135712e-01
1.55990 4.00760142e-01
1.56530 3.99125888e-01
1.57072 3.98607577e-01
1.57615 3.99346105e-01
1.58161 4.00873188e-01
1.58709 4.02349845e-01
1.59258 4.03220409e-01
1.59809 4.03298062e-01
1.60362 4.02354848e-01
1.60918 4.00367719e-01
1.61475 3.97869895e-01
1.62034 3.95585966e-01
1.62594 3.93976750e-01
1.63157 3.93061685e-01
1.63722 3.92549273e-01
1.64289 3.92137262e-01
1.64857 3.91653621e-01
1.65428 3.90952203e-01
1.66001 3.89798827e-01
1.66575 3.88070368e-01
1.67152 3.86037643e-01
1.67731 3.84204228e-01
1.68311 3.82925038e-01
1.68894 3.82329870e-01
1.69478 3.82398340e-01
1.70065 3.82904032e-01
1.70654 3.83424782e-01
1.71245 3.83517145e-01
1.71837 3.82854926e-01
1.72432 3.81324757e-01
1.73029 3.79095733e-01
1.73628 3.76505074e-01
1.74229 3.73917874e-01
1.74832 3.71729195e-01
1.75437 3.70290069e-01
1.76045 3.69723424e-01
1.76654 3.69852796e-01
1.77266 3.70305525e-01
1.77879 3.70680601e-01
1.78495 3.70673582e-01
1.79113 3.70128864e-01
1.79733 3.69058766e-01
1.80355 3.67639602e-01
1.80979 3.66129444e-01
1.81606 3.64734421e-01
1.82234 3.63545305e-01
1.82865 3.62552836e-01
1.83498 3.61673387e-01
1.84133 3.60793291e-01
1.84771 3.59832853e-01
1.85410 3.58759246e-01
1.86052 3.57547406e-01
1.86696 3.56174908e-01
1.87342 3.54665298e-01
1.87991 3.53108722e-01
1.88642 3.51623228e-01
1.89295 3.50300359e-01
1.89950 3.49189319e-01
1.90607 3.48313653e-01
1.91267 3.47665298e-01
1.91929 3.47176331e-01
1.92594 3.46718126e-01
1.93260 3.46142521e-01
1.93929 3.45335499e-01
1.94601 3.44253479e-01
1.95274 3.42927872e-01
1.95950 3.41447182e-01
1.96629 3.39937397e-01
1.97309 3.38541404e-01
1.97992 3.37382802e-01
1.98678 3.36519207e-01
1.99365 3.35914507e-01
2.00055 3.35518500e-01
2.00748 3.35880708e-01
2.01443 3.36082756e-01
2.02140 3.36042510e-01
2.02840 3.35757084e-01
2.03542 3.35300050e-01
2.04247 3.34788558e-01
2.04954 3.34329806e-01
2.05663 3.33977678e-01
2.06375 3.33723488e-01
2.07090 3.33515790e-01
2.07806 3.33290347e-01
2.08526 3.32996359e-01
2.09247 3.32613045e-01
2.09972 3.32153273e-01
2.10699 3.31652683e-01
2.11428 3.31151147e-01
2.12160 3.30677710e-01
2.12894 3.30244644e-01
2.13631 3.29850976e-01
2.14371 3.29491332e-01
2.15113 3.29165312e-01
2.15857 3.28881703e-01
2.16605 3.28655687e-01
2.17354 3.28499684e-01
2.18107 3.28415335e-01
2.18862 3.28390372e-01
2.19619 3.28403563e-01
2.20380 3.28431588e-01
2.21143 3.28455282e-01
2.21908 3.28461902e-01
2.22676 3.28445625e-01
2.23447 3.28406848e-01
2.24220 3.28350748e-01
2.24997 3.28284718e-01
2.25775 3.28214731e-01
2.26557 3.28141781e-01
2.27341 3.28059026e-01
2.28128 3.27951157e-01
2.28918 3.27797369e-01
2.29710 3.27576978e-01
2.30505 3.27276370e-01
2.31303 3.26893504e-01
2.32104 3.26439207e-01
2.32908 3.25934187e-01
2.33714 3.25402610e-01
2.34523 3.24865756e-01
2.35335 3.24336768e-01
2.36149 3.23819701e-01
2.36967 3.23311520e-01
2.37787 3.22806201e-01
2.38610 3.22298940e-01
2.39436 3.21789116e-01
2.40265 3.21280487e-01
2.41097 3.20780245e-01
2.41931 3.20296530e-01
2.42769 3.19836384e-01
2.43609 3.19404139e-01
2.44452 3.19001486e-01
2.45298 3.18628028e-01
2.46148 3.18282372e-01
2.47000 3.17963819e-01
2.47855 3.17672868e-01
2.48713 3.17411061e-01
2.49574 3.17180466e-01
2.50438 3.16968014e-01
2.51304 3.16774578e-01
2.52174 3.16612103e-01
2.53047 3.16476732e-01
2.53923 3.16364036e-01
2.54802 3.16269508e-01
2.55684 3.16188942e-01
2.56569 3.16118009e-01
2.57457 3.16052004e-01
2.58349 3.15985326e-01
2.59243 3.15911755e-01
2.60140 3.15824718e-01
2.61041 3.15717820e-01
2.61944 3.15585287e-01
2.62851 3.15422215e-01
2.63761 3.15224473e-01
2.64674 3.14989024e-01
2.65590 3.14713628e-01
2.66510 3.14397316e-01
2.67432 3.14040409e-01
2.68358 3.13644626e-01
2.69287 3.13213102e-01
2.70219 3.12750094e-01
2.71154 3.12260679e-01
2.72093 3.11750133e-01
2.73035 3.11223634e-01
2.73980 3.10686133e-01
2.74928 3.10142012e-01
2.75880 3.09595278e-01
2.76835 3.09049714e-01
2.77793 3.08508654e-01
2.78755 3.07975484e-01
2.79720 3.07453141e-01
2.80688 3.06944562e-01
2.81660 3.06452060e-01
2.82635 3.05977803e-01
2.83613 3.05523406e-01
2.84595 3.05090240e-01
2.85580 3.04679200e-01
2.86569 3.04290933e-01
2.87561 3.03925788e-01
2.88556 3.03583964e-01
2.89555 3.03265312e-01
2.90557 3.02969657e-01
2.91563 3.02696601e-01
2.92572 3.02445522e-01
2.93585 3.02215673e-01
2.94601 3.02006009e-01
2.95621 3.01815186e-01
2.96644 3.01641636e-01
2.97671 3.01483442e-01
2.98702 3.01338464e-01
2.99736 3.01204313e-01
3.00773 3.01050276e-01
3.01814 3.00891559e-01
3.02859 3.00734560e-01
3.03907 3.00576167e-01
3.04960 3.00413070e-01
3.06015 3.00241984e-01
3.07074 3.00059872e-01
3.08137 2.99863648e-01
3.09204 2.99650724e-01
3.10274 2.99418759e-01
3.11348 2.99165888e-01
3.12426 2.98890567e-01
3.13508 2.98591776e-01
3.14593 2.98269017e-01
3.15682 2.97922091e-01
3.16775 2.97551296e-01
3.17871 2.97157355e-01
3.18972 2.96741138e-01
3.20076 2.96304114e-01
3.21184 2.95847652e-01
3.22295 2.95373692e-01
3.23411 2.94884004e-01
3.24531 2.94380725e-01
3.25654 2.93865973e-01
3.26781 2.93342037e-01
3.27912 2.92811083e-01
3.29047 2.92275399e-01
3.30187 2.91737276e-01
3.31330 2.91198980e-01
3.32476 2.90662699e-01
3.33627 2.90130549e-01
3.34782 2.89604622e-01
3.35941 2.89086859e-01
3.37104 2.88579175e-01
3.38271 2.88083289e-01
3.39442 2.87600793e-01
3.40617 2.87133205e-01
3.41796 2.86681820e-01
3.42979 2.86247758e-01
3.44166 2.85832064e-01
3.45358 2.85435534e-01
3.46553 2.85058841e-01
3.47753 2.84702432e-01
3.48957 2.84366532e-01
3.50164 2.84049198e-01
3.51377 2.83739232e-01
3.52593 2.83450222e-01
3.53814 2.83181547e-01
3.55038 2.82932583e-01
3.56267 2.82702485e-01
3.57500 2.82490158e-01
3.58738 2.82294332e-01
3.59980 2.82113689e-01
3.61226 2.81946585e-01
3.62476 2.81791378e-01
3.63731 2.81646151e-01
3.64990 2.81509013e-01
3.66254 2.81377899e-01
3.67521 2.81250692e-01
3.68794 2.81125177e-01
3.70070 2.80999239e-01
3.71351 2.80870638e-01
3.72637 2.80737209e-01
3.73927 2.80596910e-01
3.75221 2.80447652e-01
3.76520 2.80287616e-01
3.77823 2.80115012e-01
3.79131 2.79928171e-01
3.80443 2.79725749e-01
3.81760 2.79506453e-01
3.83082 2.79269188e-01
3.84408 2.79013156e-01
3.85739 2.78737760e-01
3.87074 2.78442503e-01
3.88414 2.78127211e-01
3.89758 2.77791908e-01
3.91107 2.77436743e-01
3.92461 2.77062190e-01
3.93820 2.76668747e-01
3.95183 2.76257184e-01
3.96551 2.75828373e-01
3.97924 2.75383484e-01
3.99301 2.74923563e-01
4.00683 2.74505454e-01
4.02070 2.74131897e-01
4.03462 2.73747687e-01
4.04859 2.73354592e-01
4.06260 2.72954404e-01
4.07667 2.72548964e-01
4.09078 2.72140114e-01
4.10494 2.71729746e-01
4.11915 2.71319577e-01
4.13341 2.70911474e-01
4.14771 2.70507154e-01
4.16207 2.70108260e-01
4.17648 2.69716409e-01
4.19094 2.69333070e-01
4.20545 2.68959687e-01
4.22000 2.68597579e-01
4.23461 2.68247890e-01
4.24927 2.67911765e-01
4.26398 2.67590126e-01
4.27874 2.67283819e-01
4.29355 2.66993589e-01
4.30841 2.66719936e-01
4.32332 2.66463307e-01
4.33829 2.66224075e-01
4.35331 2.66002439e-01
4.36838 2.65798375e-01
4.38350 2.65611883e-01
4.39867 2.65442713e-01
4.41390 2.65290592e-01
4.42918 2.65155122e-01
4.44451 2.65035730e-01
4.45990 2.64931819e-01
4.47533 2.64842617e-01
4.49083 2.64767378e-01
4.50637 2.64731488e-01
4.52197 2.64745202e-01
4.53762 2.64769344e-01
4.55333 2.64802745e-01
4.56909 2.64844309e-01
4.58491 2.64892843e-01
4.60078 2.64947125e-01
4.61670 2.65005938e-01
4.63269 2.65068060e-01
4.64872 2.65132324e-01
4.66481 2.65197433e-01
4.68096 2.65262268e-01
4.69717 2.65325710e-01
4.71343 2.65386638e-01
4.72974 2.65444057e-01
4.74611 2.65496921e-01
4.76254 2.65544359e-01
4.77903 2.65585525e-01
4.79557 2.65619698e-01
4.81217 2.65646155e-01
4.82883 2.65664348e-01
4.84555 2.65673781e-01
4.86232 2.65673980e-01
4.87915 2.65664697e-01
4.89604 2.65645707e-01
4.91299 2.65616836e-01
4.92999 2.65578059e-01
4.94706 2.65529376e-01
4.96418 2.65470912e-01
4.98137 2.65402866e-01
4.99861 2.65325511e-01
5.01591 2.65202436e-01
5.03328 2.65067239e-01
5.05070 2.64923580e-01
5.06818 2.64772132e-01
5.08573 2.64613440e-01
5.10333 2.64448228e-01
5.12100 2.64277241e-01
5.13873 2.64101127e-01
5.15651 2.63920732e-01
5.17436 2.63736704e-01
5.19228 2.63549913e-01
5.21025 2.63361056e-01
5.22828 2.63170955e-01
5.24638 2.62980256e-01
5.26454 2.62789756e-01
5.28277 2.62600178e-01
5.30105 2.62412192e-01
5.31940 2.62226446e-01
5.33782 2.62043612e-01
5.35629 2.61864238e-01
5.37484 2.61688921e-01
5.39344 2.61518208e-01
5.41211 2.61352548e-01
5.43084 2.61192412e-01
5.44965 2.61038226e-01
5.46851 2.60890336e-01
5.48744 2.60749092e-01
5.50643 2.60661707e-01
5.52550 2.60674599e-01
5.54462 2.60696626e-01
5.56381 2.60727986e-01
5.58308 2.60768704e-01
5.60240 2.60818930e-01
5.62179 2.60878539e-01
5.64125 2.60947506e-01
5.66078 2.61025781e-01
5.68038 2.61113191e-01
5.70004 2.61209561e-01
5.71977 2.61314692e-01
5.73957 2.61428309e-01
5.75944 2.61550116e-01
5.77938 2.61679812e-01
5.79938 2.61817074e-01
5.81946 2.61961504e-01
5.83960 2.62112754e-01
5.85982 2.62270400e-01
5.88010 2.62434020e-01
5.90045 2.62603164e-01
5.92088 2.62777412e-01
5.94137 2.62956338e-01
5.96194 2.63139396e-01
5.98258 2.63326187e-01
6.00329 2.63477710e-01
6.02407 2.63427634e-01
6.04492 2.63379748e-01
6.06585 2.63333479e-01
6.08684 2.63288405e-01
6.10791 2.63244028e-01
6.12906 2.63199826e-01
6.15027 2.63155424e-01
6.17156 2.63110325e-01
6.19293 2.63064107e-01
6.21436 2.62765116e-01
6.23588 2.62340612e-01
6.25746 2.61914290e-01
6.27912 2.61485803e-01
6.30086 2.61054901e-01
6.32267 2.60621312e-01
6.34455 2.60184811e-01
6.36652 2.59745173e-01
6.38856 2.59302226e-01
6.41067 2.58896910e-01
6.43286 2.58531417e-01
6.45513 2.58161220e-01
6.47747 2.57786293e-01
6.49990 2.57406663e-01
6.52240 2.57022254e-01
6.54497 2.56633191e-01
6.56763 2.56239573e-01
6.59037 2.55841476e-01
6.61318 2.55404203e-01
6.63607 2.54937262e-01
6.65904 2.54466439e-01
6.68209 2.53991833e-01
6.70522 2.53513767e-01
6.72843 2.53032466e-01
6.75172 2.52548103e-01
6.77510 2.52060953e-01
6.79855 2.51571364e-01
6.82208 2.50941849e-01
6.84570 2.50302229e-01
6.86939 2.49661913e-01
6.89317 2.49021348e-01
6.91704 2.48380807e-01
6.94098 2.47740690e-01
6.96500 2.47101369e-01
6.98911 2.46463118e-01
7.01331 2.45741092e-01
7.03759 2.44956171e-01
7.06195 2.44180185e-01
7.08639 2.43413483e-01
7.11092 2.43018322e-01
7.13554 2.43080420e-01
7.16024 2.43146873e-01
7.18502 2.43218030e-01
7.20990 2.43169796e-01
7.23485 2.42942062e-01
7.25990 2.42725180e-01
7.28503 2.42519548e-01
7.31025 2.42544487e-01
7.33555 2.42900249e-01
7.36094 2.43265842e-01
7.38642 2.43641465e-01
7.41199 2.44267993e-01
7.43765 2.45185945e-01
7.46340 2.46125575e-01
7.48923 2.47087157e-01
7.51516 2.48702322e-01
7.54117 2.50806229e-01
7.56727 2.52954464e-01
7.59347 2.55147723e-01
7.61975 2.56212892e-01
7.64613 2.56915829e-01
7.67260 2.57642635e-01
7.69916 2.58393308e-01
7.72581 2.58773113e-01
7.75255 2.59169692e-01
7.77939 2.59596014e-01
7.80632 2.59570652e-01
7.83334 2.58023335e-01
7.86046 2.56540281e-01
7.88767 2.55120519e-01
7.91497 2.54491328e-01
7.94237 2.54524082e-01
7.96986 2.54616992e-01
7.99745 2.54769561e-01
8.02513 2.81514290e-01
8.05291 2.77053454e-01
8.08079 2.72729607e-01
8.10876 2.82401056e-01
8.13683 2.78682780e-01
8.16500 2.79311723e-01
8.19326 2.97118752e-01
8.22162 2.66716277e-01
8.25008 3.10394261e-01
8.27864 2.55771164e-01
8.30730 3.10306030e-01
8.33605 3.15089924e-01
8.36491 3.19587918e-01
8.39386 3.28950620e-01
8.42292 3.00399456e-01
8.45208 3.18358009e-01
8.48133 3.46298176e-01
8.51069 3.47212967e-01
8.54016 3.62048263e-01
8.56972 3.56582066e-01
8.59938 3.87882233e-01
8.62915 4.01316782e-01
8.65902 4.55464750e-01
8.68899 5.64811495e-01
8.71907 6.52975157e-01
8.74925 7.31312636e-01
8.77954 9.18877020e-01
8.80993 1.11203697e+00
8.84043 1.18622428e+00
8.87103 1.09307545e+00
8.90174 1.07028444e+00
8.93255 1.09217288e+00
8.96347 1.07310289e+00
8.99450 1.07037805e+00
9.02563 1.03678425e+00
9.05688 1.09264149e+00
9.08823 1.16592595e+00
9.11969 1.27293600e+00
9.15126 1.39448925e+00
9.18294 1.52255563e+00
9.21472 1.64948889e+00
9.24662 1.76658986e+00
9.27863 1.85282601e+00
9.31075 1.93333780e+00
9.34298 1.99939789e+00
9.37532 2.02763140e+00
9.40777 2.01470130e+00
9.44034 1.99505600e+00
9.47302 1.96903193e+00
9.50581 1.95898727e+00
9.53871 1.94586062e+00
9.57173 1.91381817e+00
9.60487 1.85278887e+00
9.63811 1.74031698e+00
9.67148 1.63111723e+00
9.70495 1.59763943e+00
9.73855 1.67104821e+00
9.77226 1.81081675e+00
9.80609 1.92416324e+00
9.84003 2.03288985e+00
9.87409 2.13114645e+00
9.90827 2.13073852e+00
9.94257 1.96237017e+00
9.97699 1.72277081e+00
10.01153 1.55704217e+00
10.04618 1.47073472e+00
10.08096 1.44856793e+00
10.11585 1.47593525e+00
10.15087 1.53686524e+00
10.18601 1.63191865e+00
10.22127 1.70754030e+00
10.25665 1.73160761e+00
10.29215 1.74117092e+00
10.32778 1.77608082e+00
10.36353 1.83055983e+00
10.39941 1.89300964e+00
10.43540 1.94894030e+00
10.47153 2.00070359e+00
10.50777 2.04735378e+00
10.54415 2.09459588e+00
10.58065 2.13979211e+00
10.61727 2.18335936e+00
10.65403 2.23218240e+00
10.69091 2.28314962e+00
10.72791 2.32325557e+00
10.76505 2.34128235e+00
10.80231 2.31541682e+00
10.83971 2.20562571e+00
10.87723 2.06634101e+00
10.91488 1.90823609e+00
10.95266 1.68424679e+00
10.99058 1.61303371e+00
11.02862 1.60421557e+00
11.06680 1.61225058e+00
11.10511 1.63317626e+00
11.14355 1.61548822e+00
11.18212 1.59188363e+00
11.22083 1.56059013e+00
11.25967 1.54743108e+00
11.29865 1.58574553e+00
11.33776 1.61883083e+00
11.37701 1.57612299e+00
11.41639 1.55402190e+00
11.45591 1.55049308e+00
11.49556 1.55078500e+00
11.53536 1.53210432e+00
11.57529 1.50897692e+00
11.61536 1.46549748e+00
11.65556 1.41442687e+00
11.69591 1.37754885e+00
11.73640 1.32338929e+00
11.77702 1.22064977e+00
11.81779 1.05496668e+00
11.85870 9.46637316e-01
11.89975 8.13315627e-01
11.94094 7.17565707e-01
11.98227 6.09047115e-01
12.02375 4.99088277e-01
12.06537 4.61054148e-01
12.10714 3.96654820e-01
12.14905 3.50840772e-01
12.19110 3.30998702e-01
12.23330 2.98022567e-01
12.27565 3.11325803e-01
12.31814 2.86755516e-01
12.36078 2.54753483e-01
12.40357 2.68806919e-01
12.44651 2.61174965e-01
12.48959 2.42155424e-01
12.53283 2.17230396e-01
12.57621 2.39878265e-01
12.61974 2.26507033e-01
12.66343 2.31694724e-01
12.70726 2.20259524e-01
12.75125 2.11680448e-01
12.79539 2.20511300e-01
12.83968 2.13665959e-01
12.88413 1.94864818e-01
12.92873 1.93756416e-01
12.97348 2.21457127e-01
13.01839 2.10228306e-01
13.06345 2.13206436e-01
13.10867 2.11834112e-01
13.15405 2.12503324e-01
13.19959 2.41868206e-01
13.24528 2.44750116e-01
13.29113 2.29270123e-01
13.33713 2.72493212e-01
13.38330 3.37163257e-01
13.42963 3.94275093e-01
13.47612 3.76513287e-01
13.52277 3.38865458e-01
13.56958 3.28012757e-01
13.61655 3.49346940e-01
13.66368 4.26504885e-01
13.71098 5.28320974e-01
13.75844 6.58016004e-01
13.80607 7.20356324e-01
13.85386 6.40694034e-01
13.90182 5.17847904e-01
13.94994 3.93185408e-01
13.99823 3.35815424e-01
14.04668 3.15355388e-01
14.09531 3.07391516e-01
14.14410 3.20104537e-01
14.19306 3.42903929e-01
14.24219 4.02706180e-01
14.29149 4.80901717e-01
14.34096 5.53979353e-01
14.39060 6.18711669e-01
14.44042 6.12329611e-01
14.49041 5.56855513e-01
14.54057 5.25098087e-01
14.59090 4.94862418e-01
14.64141 5.07018400e-01
14.69209 5.23099012e-01
14.74295 5.26983545e-01
14.79398 5.13078919e-01
14.84519 5.01486098e-01
14.89658 4.87823342e-01
14.94814 4.61249052e-01
14.99989 4.32723996e-01
15.05181 4.11264075e-01
15.10392 4.74314574e-01
15.15620 5.16171687e-01
15.20866 5.92870283e-01
15.26131 6.78692174e-01
15.31414 7.33913525e-01
15.36715 7.75143612e-01
15.42034 8.17330503e-01
15.47372 8.57112555e-01
15.52729 8.58978425e-01
15.58103 8.09249952e-01
15.63497 7.11867097e-01
15.68909 5.91648188e-01
15.74340 5.24975061e-01
15.79790 4.85093977e-01
15.85258 4.48213522e-01
15.90746 4.44201084e-01
15.96252 4.18132014e-01
16.01778 3.98415310e-01
16.07323 3.96485252e-01
16.12886 4.15553301e-01
16.18470 4.59386468e-01
16.24072 5.14702322e-01
16.29694 5.22916626e-01
16.35335 5.38573429e-01
16.40996 5.62905579e-01
16.46677 5.45375438e-01
16.52377 5.44303623e-01
16.58097 5.49559534e-01
16.63836 5.13421764e-01
16.69596 5.11082059e-01
16.75375 5.31048473e-01
16.81175 5.75707726e-01
16.86994 5.92683890e-01
16.92834 6.04266830e-01
16.98694 6.46737554e-01
17.04574 6.91832686e-01
17.10474 7.39481867e-01
17.16395 8.16924590e-01
17.22337 9.02515737e-01
17.28299 1.00593482e+00
17.34281 1.08662027e+00
17.40285 1.14391178e+00
17.46309 1.21592648e+00
17.52354 1.32141308e+00
17.58420 1.44880512e+00
17.64507 1.55438578e+00
17.70615 1.58856967e+00
17.76744 1.57205340e+00
17.82894 1.59592782e+00
17.89066 1.67439154e+00
17.95259 1.76635573e+00
18.01473 1.82544370e+00
18.07709 1.83652672e+00
18.13967 1.81795986e+00
18.20246 1.80023797e+00
18.26547 1.79041333e+00
18.32870 1.75719264e+00
18.39214 1.70733646e+00
18.45581 1.68611943e+00
18.51969 1.67723733e+00
18.58380 1.65668981e+00
18.64813 1.59812576e+00
18.71268 1.51015947e+00
18.77746 1.44608825e+00
18.84246 1.45090773e+00
18.90768 1.51695961e+00
18.97313 1.63647033e+00
19.03881 1.76783687e+00
19.10472 1.90457668e+00
19.17085 2.00460587e+00
19.23721 2.04759669e+00
19.30380 2.07096263e+00
19.37062 2.09442564e+00
19.43768 2.11567353e+00
19.50496 2.14918716e+00
19.57248 2.17735765e+00
19.64023 2.20459705e+00
19.70822 2.23214780e+00
19.77644 2.25371278e+00
19.84490 2.27761582e+00
19.91359 2.29430009e+00
19.98252 2.29975076e+00
20.05169 2.28152860e+00
20.12110 2.24820885e+00
20.19076 2.20761980e+00
20.26065 2.15017575e+00
20.33078 2.09179787e+00
20.40116 2.03113566e+00
20.47178 1.97888666e+00
20.54264 1.93184268e+00
20.61375 1.90738817e+00
20.68511 1.87508322e+00
20.75671 1.84266215e+00
20.82856 1.80789641e+00
20.90066 1.77021047e+00
20.97301 1.74919930e+00
21.04561 1.76227104e+00
21.11846 1.81777488e+00
21.19157 1.86406187e+00
21.26492 1.88766373e+00
21.33853 1.92041970e+00
21.41240 1.96552583e+00
21.48652 2.01519733e+00
21.56090 2.05418926e+00
21.63553 2.07860128e+00
21.71043 2.09672288e+00
21.78558 2.08316068e+00
21.86099 2.05173422e+00
21.93666 2.02943303e+00
22.01260 2.02740135e+00
22.08880 2.00746933e+00
22.16526 1.93571790e+00
22.24199 1.86795019e+00
22.31898 1.75928231e+00
22.39624 1.63346873e+00
22.47377 1.49007115e+00
22.55156 1.34644434e+00
22.62962 1.24790724e+00
22.70796 1.21358172e+00
22.78656 1.23307620e+00
22.86544 1.26921215e+00
22.94459 1.26716720e+00
23.02402 1.21141791e+00
23.10372 1.10593106e+00
23.18369 9.84100046e-01
23.26394 8.88989572e-01
23.34447 8.56394908e-01
23.42528 8.81414165e-01
23.50637 9.34961540e-01
23.58774 9.92583225e-01
23.66939 1.03821068e+00
23.75133 1.05097166e+00
23.83354 1.03658651e+00
23.91604 1.01072889e+00
23.99883 9.95683908e-01
24.08191 1.01961988e+00
24.16527 1.09529940e+00
24.24892 1.20543930e+00
24.33286 1.29160573e+00
24.41709 1.30891065e+00
24.50161 1.28288070e+00
24.58642 1.24963913e+00
24.67153 1.21352645e+00
24.75693 1.15892637e+00
24.84263 1.07411619e+00
24.92863 9.70848231e-01
25.01492 8.75873152e-01
25.10151 8.14953813e-01
25.18840 7.79290972e-01
25.27559 7.63276615e-01
25.36309 7.45417344e-01
25.45088 7.27673084e-01
25.53898 7.07687755e-01
25.62739 6.98288590e-01
25.71610 6.96542660e-01
25.80512 7.07969845e-01
25.89444 7.32576220e-01
25.98408 7.65685810e-01
26.07403 8.08427200e-01
26.16428 8.65527115e-01
26.25485 9.41464185e-01
26.34574 1.04805471e+00
26.43694 1.15354743e+00
26.52845 1.20461784e+00
26.62028 1.19588110e+00
26.71243 1.18001970e+00
26.80489 1.17384076e+00
26.89768 1.17567480e+00
26.99079 1.18674436e+00
27.08422 1.18245665e+00
27.17798 1.16917313e+00
27.27205 1.14519612e+00
27.36646 1.13206875e+00
27.46119 1.15952973e+00
27.55625 1.24012087e+00
27.65164 1.36434627e+00
27.74736 1.49519998e+00
27.84341 1.59013566e+00
27.93979 1.66612865e+00
28.03650 1.72357395e+00
28.13355 1.76883676e+00
28.23094 1.80662454e+00
28.32867 1.83906494e+00
28.42673 1.86129340e+00
28.52513 1.87116003e+00
28.62387 1.86989869e+00
28.72295 1.83909767e+00
28.82238 1.76848921e+00
28.92215 1.66456458e+00
29.02227 1.54032649e+00
29.12273 1.42911925e+00
29.22354 1.36290353e+00
29.32470 1.33967623e+00
29.42621 1.33618270e+00
29.52807 1.32614454e+00
29.63029 1.31146218e+00
29.73286 1.29804306e+00
29.83578 1.28592999e+00
29.93906 1.27309703e+00
30.04269 1.26726880e+00
30.14669 1.24767540e+00
30.25104 1.21918615e+00
30.35576 1.18665608e+00
30.46084 1.15423250e+00
30.56628 1.14012647e+00
30.67209 1.12519379e+00
30.77826 1.10805318e+00
30.88481 1.08374236e+00
30.99172 1.00452389e+00
31.09900 8.89785543e-01
31.20665 7.61966663e-01
31.31467 6.56473813e-01
31.42307 6.17856686e-01
31.53184 6.05956388e-01
31.64099 6.08674553e-01
31.75052 6.16698108e-01
31.86043 5.79706052e-01
31.97072 5.30970446e-01
32.08139 4.81172409e-01
32.19244 4.37853621e-01
32.30388 4.03738148e-01
32.41570 3.74838688e-01
32.52791 3.55682308e-01
32.64051 3.52953440e-01
32.75349 3.41214770e-01
32.86687 3.46285308e-01
32.98064 3.72251488e-01
33.09481 4.02066212e-01
33.20937 4.21592640e-01
33.32433 4.26438955e-01
33.43968 4.09600252e-01
33.55544 4.01355410e-01
33.67159 4.06824295e-01
33.78815 4.29634315e-01
33.90511 4.61682542e-01
34.02247 4.92268075e-01
34.14024 5.17256220e-01
34.25842 5.26853152e-01
34.37701 5.20993959e-01
34.49601 4.94668334e-01
34.61542 4.23738784e-01
34.73525 3.69028924e-01
34.85549 3.28474471e-01
34.97614 3.00705838e-01
35.09721 2.89486276e-01
35.21871 2.88350521e-01
35.34062 3.00977625e-01
35.46295 3.36523961e-01
35.58571 3.83125294e-01
35.70889 4.39687559e-01
35.83250 4.93653067e-01
35.95654 5.53517614e-01
36.08101 6.13214884e-01
36.20590 6.41774261e-01
36.33123 6.64819730e-01
36.45700 6.96831396e-01
36.58320 7.13321778e-01
36.70983 7.19849511e-01
36.83691 7.13439876e-01
36.96442 6.95080338e-01
37.09238 6.69012562e-01
37.22077 6.11277159e-01
37.34962 5.47279115e-01
37.47890 4.76007571e-01
37.60864 4.08987214e-01
37.73883 3.53254942e-01
37.86946 3.14489529e-01
38.00055 2.83544800e-01
38.13209 2.58791257e-01
38.26409 2.45983012e-01
38.39654 2.33310684e-01
38.52946 2.18889689e-01
38.66283 2.06882940e-01
38.79667 1.94787986e-01
38.93096 1.75476697e-01
39.06573 1.60362954e-01
39.20096 1.49073909e-01
39.33665 1.53913954e-01
39.47282 1.60910251e-01
39.60946 1.55517515e-01
39.74657 1.52277900e-01
39.88416 1.51513423e-01
40.02222 1.50630734e-01
40.16076 1.51855043e-01
40.29978 1.72681936e-01
40.43928 1.95315618e-01
40.57926 2.19027324e-01
40.71973 2.49969191e-01
40.86069 2.89370268e-01
41.00213 3.41659111e-01
41.14406 4.03092878e-01
41.28648 4.56195189e-01
41.42940 4.90693678e-01
41.57281 4.99182556e-01
41.71672 4.87034340e-01
41.86113 4.74954741e-01
42.00603 4.63439698e-01
42.15144 4.61894844e-01
42.29735 4.54516384e-01
42.44377 4.44084978e-01
42.59069 4.26922720e-01
42.73812 4.30696100e-01
42.88606 4.56377102e-01
43.03451 4.89290169e-01
43.18348 5.42095381e-01
43.33297 6.06218318e-01
43.48297 6.77778901e-01
43.63349 7.15868708e-01
43.78453 7.49071879e-01
43.93609 7.75075268e-01
44.08818 7.88427758e-01
44.24079 7.84271040e-01
44.39394 7.77000199e-01
44.54761 7.68299143e-01
44.70182 7.49310240e-01
44.85655 7.23500786e-01
45.01183 6.86401159e-01
45.16764 6.45627733e-01
45.32399 5.98358128e-01
45.48089 5.51854337e-01
45.63832 5.12984463e-01
45.79630 4.76251316e-01
45.95483 4.48509759e-01
46.11391 4.23620860e-01
46.27353 3.84821360e-01
46.43371 3.49879421e-01
46.59445 3.18223335e-01
46.75574 2.89807691e-01
46.91759 2.60010688e-01
47.08000 2.34831430e-01
47.24297 2.30344068e-01
47.40650 2.26093524e-01
47.57060 2.13134034e-01
47.73527 2.04540075e-01
47.90051 1.94152473e-01
48.06633 1.86730756e-01
48.23271 1.96630012e-01
48.39967 2.08603808e-01
48.56721 2.23439552e-01
48.73533 2.44128242e-01
48.90403 2.69909248e-01
49.07332 3.00876277e-01
49.24319 3.10995428e-01
49.41365 3.19980814e-01
49.58470 3.06534318e-01
49.75634 2.87597956e-01
49.92858 2.64859964e-01
50.10141 2.43158670e-01
50.27484 2.23635353e-01
50.44887 2.06216914e-01
50.62350 1.98955157e-01
50.79874 2.04441589e-01
50.97458 2.11768107e-01
51.15104 2.18582361e-01
51.32810 2.27395790e-01
51.50578 2.27062777e-01
51.68407 2.26908366e-01
51.86298 2.26852267e-01
52.04250 2.29170094e-01
52.22265 2.28451378e-01
52.40343 2.26278603e-01
52.58482 2.18639854e-01
52.76685 2.05048928e-01
52.94951 1.92833984e-01
53.13280 1.82016949e-01
53.31672 1.72125582e-01
53.50128 1.56437220e-01
53.68648 1.43402212e-01
53.87232 1.35405088e-01
54.05880 1.29304100e-01
54.24593 1.24527051e-01
54.43371 1.21665625e-01
54.62214 1.19568761e-01
54.81122 1.17201952e-01
55.00095 1.15006428e-01
55.19134 1.09248309e-01
55.38239 1.03080743e-01
55.57410 9.96472462e-02
55.76647 9.95286009e-02
55.95951 9.99630613e-02
56.15322 9.96196693e-02
56.34760 9.98574329e-02
56.54265 9.55432178e-02
56.73838 9.04206116e-02
56.93479 8.75278830e-02
57.13187 8.77287538e-02
57.32964 8.83792498e-02
57.52809 8.84757764e-02
57.72723 8.86778219e-02
57.92705 8.90304900e-02
58.12757 8.94015211e-02
58.32879 8.98438837e-02
58.53070 8.55319335e-02
58.73331 8.17797842e-02
58.93662 7.88972924e-02
59.14063 7.70176238e-02
59.34535 7.58936615e-02
59.55078 7.42746020e-02
59.75692 7.33645422e-02
59.96377 7.41728487e-02
60.17134 7.64625468e-02
60.37963 7.89192718e-02
60.58864 7.95813561e-02
60.79837 8.01238368e-02
61.00883 7.90687097e-02
61.22002 7.49427168e-02
61.43194 7.10455698e-02
61.64459 6.86819865e-02
61.85797 6.69244974e-02
62.07210 6.53107392e-02
62.28697 6.39649820e-02
62.50258 6.28633998e-02
62.71894 6.30399218e-02
62.93605 6.47098219e-02
63.15390 6.68573746e-02
63.37252 6.75646372e-02
63.59189 6.79553205e-02
63.81201 6.83498169e-02
64.03290 6.81843282e-02
64.25456 6.80882869e-02
64.47698 6.72749031e-02
64.70017 6.57025102e-02
64.92414 6.45927769e-02
65.14888 6.14084924e-02
65.37440 5.73365408e-02
65.60070 5.36088971e-02
65.82778 5.38060818e-02
66.05565 5.45422155e-02
66.28430 5.56507915e-02
66.51375 5.95243737e-02
66.74400 6.37259964e-02
66.97504 6.54472796e-02
67.20688 6.02489266e-02
67.43952 5.57366283e-02
67.67297 5.57826428e-02
67.90722 6.22070524e-02
68.14229 6.99145913e-02
68.37817 7.79156249e-02
68.61486 8.58689714e-02
68.85238 9.47011072e-02
69.09072 9.55350268e-02
69.32988 9.20628999e-02
69.56987 8.94792466e-02
69.81069 8.38916512e-02
70.05235 7.76289472e-02
70.29484 7.22921995e-02
70.53817 7.00963275e-02
70.78235 6.89642190e-02
71.02737 6.79356558e-02
71.27323 6.84021508e-02
71.51995 6.99170852e-02
71.76752 7.20450852e-02
72.01595 7.61454898e-02
72.26524 8.11914084e-02
72.51539 8.65784441e-02
72.76641 8.34258133e-02
73.01830 7.64034855e-02
73.27106 7.04496676e-02
73.52469 6.45864078e-02
73.77920 5.91195883e-02
74.03460 5.47347236e-02
74.29087 5.29334002e-02
74.54804 5.35650279e-02
74.80609 5.42071488e-02
75.06504 5.38915104e-02
75.32488 5.11675335e-02
75.58563 4.91844939e-02
75.84727 4.77056807e-02
76.10982 4.31893653e-02
76.37328 3.93815769e-02
76.63766 3.61385173e-02
76.90295 3.63907861e-02
77.16915 3.74634500e-02
77.43628 3.86707204e-02
77.70433 4.00096754e-02
77.97331 4.16543755e-02
78.24322 4.37175125e-02
78.51407 4.50129593e-02
78.78585 4.27213273e-02
79.05857 4.06423783e-02
79.33224 3.87527964e-02
79.60686 3.71329803e-02
79.88242 3.69138859e-02
80.15894 3.76739614e-02
80.43642 3.71466062e-02
80.71486 3.51226880e-02
80.99426 3.34042663e-02
81.27463 3.22068569e-02
81.55596 3.34774372e-02
81.83828 3.49962443e-02
82.12157 3.68157042e-02
82.40584 3.55137166e-02
82.69109 3.42906736e-02
82.97733 3.44399082e-02
83.26457 3.42094154e-02
83.55279 2.78249278e-02
83.84202 2.40957445e-02
84.13225 2.30174535e-02
84.42348 2.48598037e-02
84.71572 2.77370912e-02
85.00897 3.17043029e-02
85.30323 3.72999847e-02
85.59852 3.85187264e-02
85.89482 3.96499364e-02
86.19215 4.08777500e-02
86.49052 3.97353600e-02
86.78991 3.41738955e-02
87.09034 2.94117152e-02
87.39181 2.53312939e-02
87.69432 2.38236220e-02
87.99789 2.38674730e-02
88.30250 2.42270431e-02
88.60816 2.48188008e-02
88.91489 2.59245031e-02
89.22267 2.74135956e-02
89.53153 2.94492402e-02
89.84145 3.16698841e-02
90.15244 2.97725817e-02
90.46451 2.79966425e-02
90.77766 2.63336441e-02
91.09190 2.55122809e-02
91.40722 2.66481326e-02
91.72363 2.80237689e-02
92.04114 2.96826905e-02
92.35975 3.01305685e-02
92.67946 2.85517070e-02
93.00028 2.71172782e-02
93.32221 2.58118212e-02
93.64525 2.57036939e-02
93.96941 2.68998091e-02
94.29469 2.81803324e-02
94.62110 2.95526784e-02
94.94864 2.79587815e-02
95.27731 2.40110777e-02
95.60712 2.10430702e-02
95.93807 1.87737884e-02
96.27017 1.82503950e-02
96.60342 2.00533362e-02
96.93782 2.29758567e-02
97.27338 2.76286279e-02
97.61010 3.14594485e-02
97.94798 2.93301162e-02
98.28704 2.74083575e-02
98.62727 2.56650417e-02
98.96867 2.40761440e-02
99.31126 2.26217891e-02
99.65504 2.12854305e-02
100.00000 2.00532249e-02
