        2000  0.100000 2.800000
0.10000 1.04841557e-01
0.10035 1.04415211e-01
0.10069 1.04005888e-01
0.10104 1.03614572e-01
0.10139 1.03240766e-01
0.10174 1.02882876e-01
0.10210 1.02538862e-01
0.10245 1.02206932e-01
0.10280 1.01885865e-01
0.10316 1.01574866e-01
0.10352 1.01273038e-01
0.10387 1.00978802e-01
0.10423 1.00689605e-01
0.10459 1.00402201e-01
0.10496 1.00113042e-01
0.10532 9.98188427e-02
0.10568 9.95169404e-02
0.10605 9.92053067e-02
0.10642 9.88825102e-02
0.10679 9.85473938e-02
0.10716 9.81991236e-02
0.10753 9.78372391e-02
0.10790 9.74616409e-02
0.10827 9.70727893e-02
0.10865 9.66716551e-02
0.10902 9.62595200e-02
0.10940 9.58379271e-02
0.10978 9.54084693e-02
0.11016 9.49727271e-02
0.11054 9.45323556e-02
0.11092 9.40890347e-02
0.11131 9.36444942e-02
0.11169 9.32004267e-02
0.11208 9.27585493e-02
0.11247 9.23203680e-02
0.11286 9.18873262e-02
0.11325 9.14605938e-02
0.11364 9.10412907e-02
0.11403 9.06304000e-02
0.11443 9.02288053e-02
0.11482 8.98372907e-02
0.11522 8.94565156e-02
0.11562 8.90869778e-02
0.11602 8.87289884e-02
0.11642 8.83826720e-02
0.11682 8.80479662e-02
0.11723 8.77245849e-02
0.11763 8.74120800e-02
0.11804 8.71097298e-02
0.11845 8.68167004e-02
0.11886 8.65319218e-02
0.11927 8.62541493e-02
0.11968 8.59820142e-02
0.12010 8.57139733e-02
0.12051 8.54484338e-02
0.12093 8.51837280e-02
0.12135 8.49182382e-02
0.12177 8.46504089e-02
0.12219 8.43788089e-02
0.12262 8.41022062e-02
0.12304 8.38195804e-02
0.12347 8.35301102e-02
0.12389 8.32332231e-02
0.12432 8.29286204e-02
0.12475 8.26161778e-02
0.12518 8.22960320e-02
0.12562 8.19684569e-02
0.12605 8.16339627e-02
0.12649 8.12931218e-02
0.12693 8.09466809e-02
0.12737 8.05953867e-02
0.12781 8.02400729e-02
0.12825 7.98815858e-02
0.12869 7.95207964e-02
0.12914 7.91585511e-02
0.12959 7.87956836e-02
0.13003 7.84330649e-02
0.13048 7.80714667e-02
0.13094 7.77116853e-02
0.13139 7.73544427e-02
0.13184 7.70004107e-02
0.13230 7.66503111e-02
0.13276 7.63046916e-02
0.13322 7.59641120e-02
0.13368 7.56291076e-02
0.13414 7.53001138e-02
0.13461 7.49774916e-02
0.13507 7.46615769e-02
0.13554 7.43525938e-02
0.13601 7.40507164e-02
0.13648 7.37560444e-02
0.13695 7.34685778e-02
0.13743 7.31882542e-02
0.13790 7.29148871e-02
0.13838 7.26482649e-02
0.13886 7.23880516e-02
0.13934 7.21338116e-02
0.13982 7.18850720e-02
0.14031 7.16412480e-02
0.14079 7.14016924e-02
0.14128 7.11657209e-02
0.14177 7.09325618e-02
0.14226 7.07014560e-02
0.14275 7.04715822e-02
0.14324 7.02421564e-02
0.14374 7.00123573e-02
0.14424 6.97814880e-02
0.14474 6.95487644e-02
0.14524 6.93135644e-02
0.14574 6.90753280e-02
0.14625 6.88335324e-02
0.14675 6.85877671e-02
0.14726 6.83376836e-02
0.14777 6.80830702e-02
0.14828 6.78237778e-02
0.14879 6.75597564e-02
0.14931 6.72910187e-02
0.14983 6.70177013e-02
0.15034 6.67399413e-02
0.15087 6.64580124e-02
0.15139 6.61721884e-02
0.15191 6.58828551e-02
0.15244 6.55903733e-02
0.15297 6.52951662e-02
0.15349 6.49977191e-02
0.15403 6.46984924e-02
0.15456 6.43980089e-02
0.15509 6.40967413e-02
0.15563 6.37952249e-02
0.15617 6.34939698e-02
0.15671 6.31934987e-02
0.15725 6.28942969e-02
0.15780 6.25968871e-02
0.15834 6.23017173e-02
0.15889 6.20092604e-02
0.15944 6.17199520e-02
0.15999 6.14341902e-02
0.16055 6.11523609e-02
0.16110 6.08748373e-02
0.16166 6.06019058e-02
0.16222 6.03338524e-02
0.16278 6.00709138e-02
0.16335 5.98133013e-02
0.16391 5.95611644e-02
0.16448 5.93146151e-02
0.16505 5.90737156e-02
0.16562 5.88385031e-02
0.16619 5.86089280e-02
0.16677 5.83849529e-02
0.16734 5.81664284e-02
0.16792 5.79531804e-02
0.16851 5.77450347e-02
0.16909 5.75417173e-02
0.16967 5.73429547e-02
0.17026 5.71483982e-02
0.17085 5.69576871e-02
0.17144 5.67704356e-02
0.17204 5.65862204e-02
0.17263 5.64046062e-02
0.17323 5.62251324e-02
0.17383 5.60473511e-02
0.17443 5.58707644e-02
0.17503 5.56949244e-02
0.17564 5.55193582e-02
0.17625 5.53436302e-02
0.17686 5.51672924e-02
0.17747 5.49899218e-02
0.17808 5.48111822e-02
0.17870 5.46306507e-02
0.17932 5.44480533e-02
0.17994 5.42630916e-02
0.18056 5.40755040e-02
0.18119 5.38850791e-02
0.18182 5.36916800e-02
0.18244 5.34951324e-02
0.18308 5.32953867e-02
0.18371 5.30923680e-02
0.18435 5.28861013e-02
0.18498 5.26765742e-02
0.18562 5.24638738e-02
0.18627 5.22480871e-02
0.18691 5.20293262e-02
0.18756 5.18077653e-02
0.18821 5.15835787e-02
0.18886 5.13569902e-02
0.18951 5.11281867e-02
0.19017 5.08974169e-02
0.19083 5.06649671e-02
0.19149 5.04310613e-02
0.19215 5.01959982e-02
0.19282 4.99600516e-02
0.19348 4.97235324e-02
0.19415 4.94866898e-02
0.19483 4.92498596e-02
0.19550 4.90132782e-02
0.19618 4.87772942e-02
0.19686 4.85421191e-02
0.19754 4.83080516e-02
0.19822 4.80753653e-02
0.19891 4.78443093e-02
0.19960 4.76151076e-02
0.20029 4.73879964e-02
0.20098 4.71632000e-02
0.20168 4.69408800e-02
0.20237 4.67212729e-02
0.20307 4.65044907e-02
0.20378 4.62907324e-02
0.20448 4.60800978e-02
0.20519 4.58726987e-02
0.20590 4.56686471e-02
0.20661 4.54679929e-02
0.20733 4.52708356e-02
0.20805 4.50771751e-02
0.20877 4.48870364e-02
0.20949 4.47004444e-02
0.21021 4.45173742e-02
0.21094 4.43377636e-02
0.21167 4.41616000e-02
0.21240 4.39887716e-02
0.21314 4.38192409e-02
0.21388 4.36528711e-02
0.21462 4.34895502e-02
0.21536 4.33291413e-02
0.21611 4.31715200e-02
0.21685 4.30165369e-02
0.21760 4.28640302e-02
0.21836 4.27138009e-02
0.21911 4.25656622e-02
0.21987 4.24194649e-02
0.22063 4.22749973e-02
0.22140 4.21320480e-02
0.22216 4.19904427e-02
0.22293 4.18499698e-02
0.22370 4.17104427e-02
0.22448 4.15716498e-02
0.22526 4.14334169e-02
0.22604 4.12955449e-02
0.22682 4.11578596e-02
0.22760 4.10201742e-02
0.22839 4.08823396e-02
0.22918 4.07442062e-02
0.22998 4.06056124e-02
0.23077 4.04664338e-02
0.23157 4.03265333e-02
0.23237 4.01858364e-02
0.23318 4.00442062e-02
0.23398 3.99016053e-02
0.23479 3.97579093e-02
0.23561 3.96131083e-02
0.23642 3.94671324e-02
0.23724 3.93199607e-02
0.23806 3.91715769e-02
0.23889 3.90219760e-02
0.23971 3.88711593e-02
0.24054 3.87191429e-02
0.24137 3.85659556e-02
0.24221 3.84116668e-02
0.24305 3.82562967e-02
0.24389 3.80998924e-02
0.24473 3.79425424e-02
0.24558 3.77843200e-02
0.24643 3.76252887e-02
0.24728 3.74655643e-02
0.24814 3.73051964e-02
0.24900 3.71443271e-02
0.24986 3.69830222e-02
0.25073 3.68213950e-02
0.25159 3.66595438e-02
0.25246 3.64975806e-02
0.25334 3.63356075e-02
0.25422 3.61737401e-02
0.25510 3.60120668e-02
0.25598 3.58507122e-02
0.25687 3.56897644e-02
0.25775 3.55293232e-02
0.25865 3.53695054e-02
0.25954 3.52103945e-02
0.26044 3.50520862e-02
0.26134 3.48946702e-02
0.26225 3.47382348e-02
0.26315 3.45828572e-02
0.26406 3.44286208e-02
0.26498 3.42755952e-02
0.26590 3.41238526e-02
0.26682 3.39734528e-02
0.26774 3.38244580e-02
0.26867 3.36769228e-02
0.26960 3.35308948e-02
0.27053 3.33864172e-02
0.27147 3.32435339e-02
0.27241 3.31022745e-02
0.27335 3.29626715e-02
0.27430 3.28247435e-02
0.27525 3.26885141e-02
0.27620 3.25539959e-02
0.27715 3.24211975e-02
0.27811 3.22901239e-02
0.27908 3.21607739e-02
0.28004 3.20331436e-02
0.28101 3.19072245e-02
0.28198 3.17829991e-02
0.28296 3.16604524e-02
0.28394 3.15395621e-02
0.28492 3.14203008e-02
0.28591 3.13026423e-02
0.28690 3.11865493e-02
0.28789 3.10719858e-02
0.28889 3.09589156e-02
0.28989 3.08472926e-02
0.29089 3.07370709e-02
0.29190 3.06282057e-02
0.29291 3.05206434e-02
0.29392 3.04143305e-02
0.29494 3.03092135e-02
0.29596 3.02052352e-02
0.29699 3.01023371e-02
0.29801 3.00004606e-02
0.29905 2.98995436e-02
0.30008 2.97995239e-02
0.30112 2.97003404e-02
0.30216 2.96019260e-02
0.30321 2.95042235e-02
0.30426 2.94071643e-02
0.30531 2.93106887e-02
0.30637 2.92147284e-02
0.30743 2.91192260e-02
0.30849 2.90241143e-02
0.30956 2.89293362e-02
0.31063 2.88348306e-02
0.31171 2.87405353e-02
0.31279 2.86463968e-02
0.31387 2.85523566e-02
0.31496 2.84583637e-02
0.31605 2.83643596e-02
0.31714 2.82702983e-02
0.31824 2.81761275e-02
0.31934 2.80818036e-02
0.32044 2.79872818e-02
0.32155 2.78925173e-02
0.32267 2.77974754e-02
0.32378 2.77021161e-02
0.32490 2.76064034e-02
0.32603 2.75103061e-02
0.32716 2.74137982e-02
0.32829 2.73168473e-02
0.32943 2.72194334e-02
0.33057 2.71215317e-02
0.33171 2.70231260e-02
0.33286 2.69241977e-02
0.33401 2.68247317e-02
0.33517 2.67247207e-02
0.33633 2.66241522e-02
0.33749 2.65230199e-02
0.33866 2.64213202e-02
0.33983 2.63190517e-02
0.34101 2.62162133e-02
0.34219 2.61128075e-02
0.34337 2.60088379e-02
0.34456 2.59043120e-02
0.34576 2.57992373e-02
0.34695 2.56936251e-02
0.34815 2.55874827e-02
0.34936 2.54808300e-02
0.35057 2.53736747e-02
0.35178 2.52660377e-02
0.35300 2.51579328e-02
0.35422 2.50493812e-02
0.35545 2.49403977e-02
0.35668 2.48310085e-02
0.35791 2.47212324e-02
0.35915 2.46110903e-02
0.36039 2.45006073e-02
0.36164 2.43898057e-02
0.36289 2.42787092e-02
0.36415 2.41673426e-02
0.36541 2.40557308e-02
0.36668 2.39439001e-02
0.36795 2.38318727e-02
0.36922 2.37196773e-02
0.37050 2.36073351e-02
0.37178 2.34948772e-02
0.37307 2.33823259e-02
0.37436 2.32697061e-02
0.37565 2.31570453e-02
0.37695 2.30443659e-02
0.37826 2.29316939e-02
0.37957 2.28190555e-02
0.38088 2.27064718e-02
0.38220 2.25939678e-02
0.38352 2.24815659e-02
0.38485 2.23692921e-02
0.38618 2.22571652e-02
0.38752 2.21452100e-02
0.38886 2.20334464e-02
0.39021 2.19218944e-02
0.39156 2.18105776e-02
0.39291 2.16995134e-02
0.39427 2.15887205e-02
0.39564 2.14782188e-02
0.39701 2.13680270e-02
0.39838 2.12581625e-02
0.39976 2.11486402e-02
0.40115 2.10394775e-02
0.40253 2.09306907e-02
0.40393 2.08222958e-02
0.40533 2.07143029e-02
0.40673 2.06067307e-02
0.40814 2.04995902e-02
0.40955 2.03928953e-02
0.41097 2.02866583e-02
0.41239 2.01808880e-02
0.41382 2.00755956e-02
0.41525 1.99707959e-02
0.41669 1.98664940e-02
0.41813 1.97627036e-02
0.41958 1.96594284e-02
0.42103 1.95566796e-02
0.42249 1.94544647e-02
0.42395 1.93527899e-02
0.42542 1.92516626e-02
0.42689 1.91510903e-02
0.42837 1.90510768e-02
0.42985 1.89516295e-02
0.43134 1.88527509e-02
0.43283 1.87544473e-02
0.43433 1.86567223e-02
0.43583 1.85595785e-02
0.43734 1.84630208e-02
0.43886 1.83670505e-02
0.44037 1.82716713e-02
0.44190 1.81768857e-02
0.44343 1.80826937e-02
0.44496 1.79890990e-02
0.44650 1.78961004e-02
0.44805 1.78037004e-02
0.44960 1.77118990e-02
0.45116 1.76206962e-02
0.45272 1.75300932e-02
0.45429 1.74400875e-02
0.45586 1.73506816e-02
0.45744 1.72618731e-02
0.45902 1.71736606e-02
0.46061 1.70860430e-02
0.46220 1.69990203e-02
0.46380 1.69125899e-02
0.46541 1.68267481e-02
0.46702 1.67414949e-02
0.46864 1.66568292e-02
0.47026 1.65727470e-02
0.47189 1.64892448e-02
0.47352 1.64063237e-02
0.47516 1.63239776e-02
0.47680 1.62422039e-02
0.47845 1.61610014e-02
0.48011 1.60803652e-02
0.48177 1.60002914e-02
0.48344 1.59207788e-02
0.48511 1.58418226e-02
0.48679 1.57634188e-02
0.48848 1.56855664e-02
0.49017 1.56082565e-02
0.49186 1.55314905e-02
0.49357 1.54552620e-02
0.49528 1.53795675e-02
0.49699 1.53044030e-02
0.49871 1.52297637e-02
0.50044 1.51556459e-02
0.50217 1.50820469e-02
0.50391 1.50089595e-02
0.50565 1.49363835e-02
0.50740 1.48643102e-02
0.50916 1.47927397e-02
0.51092 1.47216633e-02
0.51269 1.46510796e-02
0.51446 1.45809838e-02
0.51625 1.45113708e-02
0.51803 1.44422357e-02
0.51983 1.43735760e-02
0.52163 1.43053879e-02
0.52343 1.42376628e-02
0.52524 1.41704018e-02
0.52706 1.41035950e-02
0.52889 1.40372412e-02
0.53072 1.39713367e-02
0.53255 1.39058752e-02
0.53440 1.38408530e-02
0.53625 1.37762663e-02
0.53810 1.37121115e-02
0.53997 1.36483822e-02
0.54183 1.35850736e-02
0.54371 1.35221856e-02
0.54559 1.34597095e-02
0.54748 1.33976441e-02
0.54938 1.33359844e-02
0.55128 1.32747253e-02
0.55319 1.32138645e-02
0.55510 1.31533970e-02
0.55702 1.30933189e-02
0.55895 1.30336242e-02
0.56089 1.29743115e-02
0.56283 1.29153758e-02
0.56478 1.28568148e-02
0.56673 1.27986220e-02
0.56869 1.27407940e-02
0.57066 1.26833292e-02
0.57264 1.26262242e-02
0.57462 1.25694713e-02
0.57661 1.25130681e-02
0.57860 1.24570133e-02
0.58061 1.24013033e-02
0.58262 1.23459305e-02
0.58463 1.22908962e-02
0.58666 1.22361954e-02
0.58869 1.21818231e-02
0.59073 1.21277769e-02
0.59277 1.20740530e-02
0.59482 1.20206489e-02
0.59688 1.19675621e-02
0.59895 1.19147877e-02
0.60102 1.18623220e-02
0.60310 1.18101648e-02
0.60519 1.17583113e-02
0.60728 1.17067564e-02
0.60939 1.16555003e-02
0.61150 1.16045390e-02
0.61361 1.15538677e-02
0.61574 1.15034852e-02
0.61787 1.14533900e-02
0.62001 1.14035762e-02
0.62215 1.13540436e-02
0.62431 1.13047897e-02
0.62647 1.12558096e-02
0.62864 1.12071008e-02
0.63081 1.11586620e-02
0.63300 1.11104896e-02
0.63519 1.10625835e-02
0.63739 1.10149374e-02
0.63959 1.09675515e-02
0.64181 1.09204231e-02
0.64403 1.08735486e-02
0.64626 1.08269280e-02
0.64849 1.07805550e-02
0.65074 1.07344309e-02
0.65299 1.06885508e-02
0.65525 1.06429157e-02
0.65752 1.05975196e-02
0.65980 1.05523650e-02
0.66208 1.05074443e-02
0.66437 1.04627588e-02
0.66667 1.04183084e-02
0.66898 1.03740846e-02
0.67130 1.03300923e-02
0.67362 1.02863252e-02
0.67595 1.02427833e-02
0.67829 1.01994642e-02
0.68064 1.01563641e-02
0.68299 1.01134868e-02
0.68536 1.00708235e-02
0.68773 1.00283767e-02
0.69011 9.98614400e-03
0.69250 9.94412284e-03
0.69490 9.90231324e-03
0.69730 9.86070898e-03
0.69972 9.81931378e-03
0.70214 9.77812391e-03
0.70457 9.73713813e-03
0.70701 9.69635396e-03
0.70946 9.65577013e-03
0.71191 9.61538667e-03
0.71438 9.57519982e-03
0.71685 9.53520836e-03
0.71933 9.49541227e-03
0.72182 9.45580782e-03
0.72432 9.41639751e-03
0.72683 9.37717636e-03
0.72934 9.33814560e-03
0.73187 9.29930027e-03
0.73440 9.26064284e-03
0.73694 9.22216960e-03
0.73949 9.18388178e-03
0.74205 9.14577440e-03
0.74462 9.10784871e-03
0.74720 9.07010347e-03
0.74979 9.03253618e-03
0.75238 8.99514684e-03
0.75499 8.95793298e-03
0.75760 8.92089707e-03
0.76022 8.88403289e-03
0.76285 8.84734293e-03
0.76549 8.81082347e-03
0.76814 8.77447449e-03
0.77080 8.73829600e-03
0.77347 8.70228676e-03
0.77615 8.66644302e-03
0.77884 8.63076604e-03
0.78153 8.59525582e-03
0.78424 8.55990987e-03
0.78695 8.52472693e-03
0.78968 8.48970702e-03
0.79241 8.45484764e-03
0.79515 8.42014880e-03
0.79790 8.38560924e-03
0.80067 8.35122898e-03
0.80344 8.31700551e-03
0.80622 8.28293884e-03
0.80901 8.24902773e-03
0.81181 8.21527342e-03
0.81462 8.18167093e-03
0.81744 8.14822276e-03
0.82027 8.11492764e-03
0.82311 8.08178062e-03
0.82596 8.04878791e-03
0.82882 8.01594329e-03
0.83169 7.98324800e-03
0.83457 7.95069956e-03
0.83745 7.91829920e-03
0.84035 7.88604569e-03
0.84326 7.85393778e-03
0.84618 7.82197547e-03
0.84911 7.79015627e-03
0.85205 7.75848142e-03
0.85500 7.72694844e-03
0.85796 7.69555733e-03
0.86093 7.66430809e-03
0.86391 7.63319822e-03
0.86690 7.60222898e-03
0.86990 7.57139787e-03
0.87291 7.54070489e-03
0.87593 7.51015004e-03
0.87897 7.47973084e-03
0.88201 7.44944978e-03
0.88506 7.41930311e-03
0.88813 7.38929084e-03
0.89120 7.35941422e-03
0.89428 7.32966827e-03
0.89738 7.30005671e-03
0.90049 7.27057707e-03
0.90360 7.24122933e-03
0.90673 7.21201102e-03
0.90987 7.18292338e-03
0.91302 7.15396764e-03
0.91618 7.12513760e-03
0.91935 7.09643698e-03
0.92253 7.06786329e-03
0.92573 7.03941778e-03
0.92893 7.01109796e-03
0.93215 6.98290382e-03
0.93537 6.95483413e-03
0.93861 6.92689013e-03
0.94186 6.89906933e-03
0.94512 6.87137173e-03
0.94839 6.84379733e-03
0.95168 6.81634489e-03
0.95497 6.78901440e-03
0.95828 6.76180462e-03
0.96159 6.73471680e-03
0.96492 6.70774596e-03
0.96826 6.68089458e-03
0.97161 6.65416391e-03
0.97498 6.62755022e-03
0.97835 6.60105476e-03
0.98174 6.57467751e-03
0.98514 6.54841476e-03
0.98855 6.52226773e-03
0.99197 6.49623893e-03
0.99540 6.47032213e-03
0.99885 6.44451982e-03
1.00231 6.41883200e-03
1.00578 6.39325742e-03
1.00926 6.36779609e-03
1.01275 6.34244551e-03
1.01626 6.31720818e-03
1.01978 6.29208160e-03
1.02330 6.26706453e-03
1.02685 6.24215947e-03
1.03040 6.21736391e-03
1.03397 6.19267413e-03
1.03755 6.16809760e-03
1.04114 6.14362436e-03
1.04474 6.11926311e-03
1.04836 6.09500640e-03
1.05199 6.07085671e-03
1.05563 6.04681404e-03
1.05928 6.02287591e-03
1.06295 5.99904231e-03
1.06663 5.97531449e-03
1.07032 5.95169120e-03
1.07403 5.92816996e-03
1.07775 5.90475324e-03
1.08148 5.88143858e-03
1.08522 5.85822596e-03
1.08898 5.83511538e-03
1.09275 5.81210684e-03
1.09653 5.78919787e-03
1.10032 5.76638844e-03
1.10413 5.74368107e-03
1.10796 5.72107200e-03
1.11179 5.69856124e-03
1.11564 5.67615004e-03
1.11950 5.65383591e-03
1.12338 5.63162133e-03
1.12726 5.60950133e-03
1.13117 5.58747840e-03
1.13508 5.56555129e-03
1.13901 5.54372249e-03
1.14295 5.52198578e-03
1.14691 5.50034738e-03
1.15088 5.47880107e-03
1.15487 5.45734809e-03
1.15886 5.43598969e-03
1.16287 5.41472462e-03
1.16690 5.39355289e-03
1.17094 5.37247076e-03
1.17499 5.35148320e-03
1.17906 5.33058524e-03
1.18314 5.30977938e-03
1.18724 5.28906311e-03
1.19135 5.26843769e-03
1.19547 5.24790062e-03
1.19961 5.22745440e-03
1.20376 5.20709529e-03
1.20793 5.18682578e-03
1.21211 5.16664462e-03
1.21630 5.14655058e-03
1.22052 5.12654364e-03
1.22474 5.10662258e-03
1.22898 5.08678987e-03
1.23323 5.06704053e-03
1.23750 5.04737831e-03
1.24179 5.02780071e-03
1.24609 5.00830773e-03
1.25040 4.98889938e-03
1.25473 4.96957440e-03
1.25907 4.95033404e-03
1.26343 4.93117582e-03
1.26780 4.91210222e-03
1.27219 4.89310827e-03
1.27659 4.87419769e-03
1.28101 4.85536924e-03
1.28545 4.83662044e-03
1.28990 4.81795253e-03
1.29436 4.79936676e-03
1.29884 4.78085938e-03
1.30334 4.76243289e-03
1.30785 4.74408480e-03
1.31238 4.72581511e-03
1.31692 4.70762631e-03
1.32148 4.68951342e-03
1.32605 4.67148018e-03
1.33064 4.65352284e-03
1.33525 4.63564267e-03
1.33987 4.61783840e-03
1.34451 4.60011378e-03
1.34916 4.58246133e-03
1.35383 4.56488480e-03
1.35852 4.54738667e-03
1.36322 4.52996071e-03
1.36794 4.51260942e-03
1.37268 4.49533280e-03
1.37743 4.47813084e-03
1.38220 4.46100107e-03
1.38698 4.44394596e-03
1.39178 4.42696178e-03
1.39660 4.41005102e-03
1.40144 4.39321120e-03
1.40629 4.37644356e-03
1.41115 4.35974809e-03
1.41604 4.34312231e-03
1.42094 4.32656871e-03
1.42586 4.31008604e-03
1.43080 4.29367182e-03
1.43575 4.27732729e-03
1.44072 4.26105369e-03
1.44571 4.24484729e-03
1.45071 4.22871058e-03
1.45573 4.21264231e-03
1.46077 4.19664000e-03
1.46583 4.18070738e-03
1.47090 4.16484320e-03
1.47599 4.14904373e-03
1.48110 4.13331271e-03
1.48623 4.11764640e-03
1.49137 4.10204729e-03
1.49654 4.08651538e-03
1.50172 4.07104693e-03
1.50692 4.05564444e-03
1.51213 4.04030542e-03
1.51737 4.02503360e-03
1.52262 4.00982400e-03
1.52789 3.99468036e-03
1.53318 3.97959769e-03
1.53849 3.96457973e-03
1.54381 3.94962400e-03
1.54916 3.93473173e-03
1.55452 3.91990169e-03
1.55990 3.90513387e-03
1.56530 3.89042764e-03
1.57072 3.87578389e-03
1.57615 3.86120062e-03
1.58161 3.84667758e-03
1.58709 3.83221589e-03
1.59258 3.81781431e-03
1.59809 3.80347284e-03
1.60362 3.78919122e-03
1.60918 3.77496946e-03
1.61475 3.76080606e-03
1.62034 3.74670240e-03
1.62594 3.73265835e-03
1.63157 3.71867004e-03
1.63722 3.70474222e-03
1.64289 3.69087140e-03
1.64857 3.67705794e-03
1.65428 3.66330185e-03
1.66001 3.64960139e-03
1.66575 3.63595892e-03
1.67152 3.62237332e-03
1.67731 3.60884409e-03
1.68311 3.59536999e-03
1.68894 3.58195127e-03
1.69478 3.56858830e-03
1.70065 3.55528034e-03
1.70654 3.54202750e-03
1.71245 3.52882917e-03
1.71837 3.51568510e-03
1.72432 3.50259516e-03
1.73029 3.48955899e-03
1.73628 3.47657632e-03
1.74229 3.46364716e-03
1.74832 3.45077090e-03
1.75437 3.43794740e-03
1.76045 3.42517653e-03
1.76654 3.41245794e-03
1.77266 3.39979148e-03
1.77879 3.38717680e-03
1.78495 3.37461388e-03
1.79113 3.36210199e-03
1.79733 3.34964124e-03
1.80355 3.33723127e-03
1.80979 3.32487220e-03
1.81606 3.31256315e-03
1.82234 3.30030437e-03
1.82865 3.28809538e-03
1.83498 3.27593628e-03
1.84133 3.26382647e-03
1.84771 3.25176581e-03
1.85410 3.23975406e-03
1.86052 3.22779109e-03
1.86696 3.21587666e-03
1.87342 3.20401038e-03
1.87991 3.19219239e-03
1.88642 3.18042206e-03
1.89295 3.16869927e-03
1.89950 3.15702389e-03
1.90607 3.14539568e-03
1.91267 3.13381438e-03
1.91929 3.12227975e-03
1.92594 3.11079154e-03
1.93260 3.09934962e-03
1.93929 3.08795399e-03
1.94601 3.07660404e-03
1.95274 3.06529963e-03
1.95950 3.05404064e-03
1.96629 3.04282708e-03
1.97309 3.03165844e-03
1.97992 3.02053435e-03
1.98678 3.00945506e-03
1.99365 2.99842007e-03
2.00055 2.98742914e-03
2.00748 2.97648238e-03
2.01443 2.96557918e-03
2.02140 2.95471966e-03
2.02840 2.94390332e-03
2.03542 2.93313017e-03
2.04247 2.92240007e-03
2.04954 2.91171278e-03
2.05663 2.90106793e-03
2.06375 2.89046539e-03
2.07090 2.87990516e-03
2.07806 2.86938674e-03
2.08526 2.85891013e-03
2.09247 2.84847522e-03
2.09972 2.83808162e-03
2.10699 2.82772908e-03
2.11428 2.81741774e-03
2.12160 2.80714734e-03
2.12894 2.79691726e-03
2.13631 2.78672775e-03
2.14371 2.77657856e-03
2.15113 2.76646956e-03
2.15857 2.75640014e-03
2.16605 2.74637067e-03
2.17354 2.73638064e-03
2.18107 2.72642994e-03
2.18862 2.71651856e-03
2.19619 2.70664601e-03
2.20380 2.69681228e-03
2.21143 2.68701726e-03
2.21908 2.67726082e-03
2.22676 2.66754258e-03
2.23447 2.65786254e-03
2.24220 2.64822021e-03
2.24997 2.63861584e-03
2.25775 2.62904905e-03
2.26557 2.61951972e-03
2.27341 2.61002759e-03
2.28128 2.60057255e-03
2.28918 2.59115435e-03
2.29710 2.58177323e-03
2.30505 2.57242832e-03
2.31303 2.56312000e-03
2.32104 2.55384802e-03
2.32908 2.54461225e-03
2.33714 2.53541220e-03
2.34523 2.52624798e-03
2.35335 2.51711948e-03
2.36149 2.50802633e-03
2.36967 2.49896839e-03
2.37787 2.48994592e-03
2.38610 2.48095817e-03
2.39436 2.47200539e-03
2.40265 2.46308732e-03
2.41097 2.45420361e-03
2.41931 2.44535449e-03
2.42769 2.43653947e-03
2.43609 2.42775842e-03
2.44452 2.41901147e-03
2.45298 2.41029824e-03
2.46148 2.40161836e-03
2.47000 2.39297234e-03
2.47855 2.38435941e-03
2.48713 2.37577984e-03
2.49574 2.36723312e-03
2.50438 2.35871938e-03
2.51304 2.35023824e-03
2.52174 2.34178971e-03
2.53047 2.33337378e-03
2.53923 2.32499008e-03
2.54802 2.31663849e-03
2.55684 2.30831900e-03
2.56569 2.30003138e-03
2.57457 2.29177548e-03
2.58349 2.28355120e-03
2.59243 2.27535840e-03
2.60140 2.26719684e-03
2.61041 2.25906663e-03
2.61944 2.25096741e-03
2.62851 2.24289918e-03
2.63761 2.23486144e-03
2.64674 2.22685468e-03
2.65590 2.21887829e-03
2.66510 2.21093227e-03
2.67432 2.20301660e-03
2.68358 2.19513106e-03
2.69287 2.18727538e-03
2.70219 2.17944956e-03
2.71154 2.17165362e-03
2.72093 2.16388729e-03
2.73035 2.15615033e-03
2.73980 2.14844286e-03
2.74928 2.14076452e-03
2.75880 2.13311529e-03
2.76835 2.12549506e-03
2.77793 2.11790370e-03
2.78755 2.11034096e-03
2.79720 2.10280684e-03
2.80688 2.09530135e-03
2.81660 2.08782411e-03
2.82635 2.08037524e-03
2.83613 2.07295424e-03
2.84595 2.06556137e-03
2.85580 2.05819637e-03
2.86569 2.05085925e-03
2.87561 2.04354951e-03
2.88556 2.03626752e-03
2.89555 2.02901291e-03
2.90557 2.02178542e-03
2.91563 2.01458532e-03
2.92572 2.00741221e-03
2.93585 2.00026612e-03
2.94601 1.99314665e-03
2.95621 1.98605419e-03
2.96644 1.97898811e-03
2.97671 1.97194853e-03
2.98702 1.96493534e-03
2.99736 1.95794841e-03
3.00773 1.95098773e-03
3.01814 1.94405319e-03
3.02859 1.93714453e-03
3.03907 1.93026164e-03
3.04960 1.92340437e-03
3.06015 1.91657275e-03
3.07074 1.90976688e-03
3.08137 1.90298628e-03
3.09204 1.89623093e-03
3.10274 1.88950085e-03
3.11348 1.88279566e-03
3.12426 1.87611548e-03
3.13508 1.86946032e-03
3.14593 1.86282992e-03
3.15682 1.85622416e-03
3.16775 1.84964304e-03
3.17871 1.84308631e-03
3.18972 1.83655410e-03
3.20076 1.83004603e-03
3.21184 1.82356197e-03
3.22295 1.81710219e-03
3.23411 1.81066629e-03
3.24531 1.80425417e-03
3.25654 1.79786594e-03
3.26781 1.79150148e-03
3.27912 1.78516028e-03
3.29047 1.77884286e-03
3.30187 1.77254859e-03
3.31330 1.76627783e-03
3.32476 1.76003010e-03
3.33627 1.75380551e-03
3.34782 1.74760382e-03
3.35941 1.74142516e-03
3.37104 1.73526939e-03
3.38271 1.72913614e-03
3.39442 1.72302555e-03
3.40617 1.71693760e-03
3.41796 1.71087193e-03
3.42979 1.70482866e-03
3.44166 1.69880766e-03
3.45358 1.69280894e-03
3.46553 1.68683212e-03
3.47753 1.68087733e-03
3.48957 1.67494457e-03
3.50164 1.66903358e-03
3.51377 1.66314425e-03
3.52593 1.65727657e-03
3.53814 1.65143042e-03
3.55038 1.64560567e-03
3.56267 1.63980233e-03
3.57500 1.63402039e-03
3.58738 1.62825948e-03
3.59980 1.62251973e-03
3.61226 1.61680114e-03
3.62476 1.61110332e-03
3.63731 1.60542642e-03
3.64990 1.59977029e-03
3.66254 1.59413483e-03
3.67521 1.58852014e-03
3.68794 1.58292587e-03
3.70070 1.57735200e-03
3.71351 1.57179842e-03
3.72637 1.56626537e-03
3.73927 1.56075236e-03
3.75221 1.55525950e-03
3.76520 1.54978656e-03
3.77823 1.54433390e-03
3.79131 1.53890091e-03
3.80443 1.53348770e-03
3.81760 1.52809415e-03
3.83082 1.52272039e-03
3.84408 1.51736604e-03
3.85739 1.51203124e-03
3.87074 1.50671609e-03
3.88414 1.50141986e-03
3.89758 1.49614329e-03
3.91107 1.49088564e-03
3.92461 1.48564715e-03
3.93820 1.48042770e-03
3.95183 1.47522704e-03
3.96551 1.47004567e-03
3.97924 1.46488272e-03
3.99301 1.45973868e-03
4.00683 1.45461344e-03
4.02070 1.44950649e-03
4.03462 1.44441820e-03
4.04859 1.43934834e-03
4.06260 1.43429689e-03
4.07667 1.42926373e-03
4.09078 1.42424862e-03
4.10494 1.41925180e-03
4.11915 1.41427303e-03
4.13341 1.40931230e-03
4.14771 1.40436949e-03
4.16207 1.39944448e-03
4.17648 1.39453739e-03
4.19094 1.38964796e-03
4.20545 1.38477609e-03
4.22000 1.37992201e-03
4.23461 1.37508535e-03
4.24927 1.37026624e-03
4.26398 1.36546455e-03
4.27874 1.36068004e-03
4.29355 1.35591282e-03
4.30841 1.35116277e-03
4.32332 1.34642978e-03
4.33829 1.34171396e-03
4.35331 1.33701518e-03
4.36838 1.33233321e-03
4.38350 1.32766804e-03
4.39867 1.32301979e-03
4.41390 1.31838821e-03
4.42918 1.31377319e-03
4.44451 1.30917497e-03
4.45990 1.30459330e-03
4.47533 1.30002793e-03
4.49083 1.29547899e-03
4.50637 1.29094635e-03
4.52197 1.28643013e-03
4.53762 1.28192997e-03
4.55333 1.27744612e-03
4.56909 1.27297831e-03
4.58491 1.26852644e-03
4.60078 1.26409061e-03
4.61670 1.25967060e-03
4.63269 1.25526663e-03
4.64872 1.25087835e-03
4.66481 1.24650587e-03
4.68096 1.24214894e-03
4.69717 1.23780770e-03
4.71343 1.23348188e-03
4.72974 1.22917163e-03
4.74611 1.22487680e-03
4.76254 1.22059740e-03
4.77903 1.21633319e-03
4.79557 1.21208441e-03
4.81217 1.20785056e-03
4.82883 1.20363202e-03
4.84555 1.19942853e-03
4.86232 1.19524011e-03
4.87915 1.19106661e-03
4.89604 1.18690805e-03
4.91299 1.18276430e-03
4.92999 1.17863548e-03
4.94706 1.17452110e-03
4.96418 1.17042153e-03
4.98137 1.16633664e-03
4.99861 1.16226631e-03
5.01591 1.15821067e-03
5.03328 1.15416921e-03
5.05070 1.15014231e-03
5.06818 1.14612972e-03
5.08573 1.14213157e-03
5.10333 1.13814748e-03
5.12100 1.13417758e-03
5.13873 1.13022187e-03
5.15651 1.12628034e-03
5.17436 1.12235262e-03
5.19228 1.11843897e-03
5.21025 1.11453938e-03
5.22828 1.11065348e-03
5.24638 1.10678164e-03
5.26454 1.10292336e-03
5.28277 1.09907890e-03
5.30105 1.09524800e-03
5.31940 1.09143079e-03
5.33782 1.08762715e-03
5.35629 1.08383682e-03
5.37484 1.08006030e-03
5.39344 1.07629698e-03
5.41211 1.07254722e-03
5.43084 1.06881052e-03
5.44965 1.06508727e-03
5.46851 1.06137696e-03
5.48744 1.05768021e-03
5.50643 1.05399628e-03
5.52550 1.05032567e-03
5.54462 1.04666775e-03
5.56381 1.04302302e-03
5.58308 1.03939124e-03
5.60240 1.03577214e-03
5.62179 1.03216612e-03
5.64125 1.02857266e-03
5.66078 1.02499202e-03
5.68038 1.02142407e-03
5.70004 1.01786869e-03
5.71977 1.01432588e-03
5.73957 1.01079577e-03
5.75944 1.00727810e-03
5.77938 1.00377287e-03
5.79938 1.00027996e-03
5.81946 9.96799502e-04
5.83960 9.93331236e-04
5.85982 9.89875289e-04
5.88010 9.86431538e-04
5.90045 9.82999982e-04
5.92088 9.79580747e-04
5.94137 9.76173333e-04
5.96194 9.72778116e-04
5.98258 9.69394844e-04
6.00329 9.66023396e-04
6.02407 9.62664018e-04
6.04492 9.59316587e-04
6.06585 9.55980853e-04
6.08684 9.52656818e-04
6.10791 9.49344729e-04
6.12906 9.46044089e-04
6.15027 9.42755271e-04
6.17156 9.39477902e-04
6.19293 9.36212231e-04
6.21436 9.32958009e-04
6.23588 9.29715236e-04
6.25746 9.26483911e-04
6.27912 9.23264160e-04
6.30086 9.20055609e-04
6.32267 9.16858258e-04
6.34455 9.13672480e-04
6.36652 9.10497653e-04
6.38856 9.07334027e-04
6.41067 9.04181724e-04
6.43286 9.01040373e-04
6.45513 8.97910222e-04
6.47747 8.94790773e-04
6.49990 8.91682524e-04
6.52240 8.88585351e-04
6.54497 8.85499004e-04
6.56763 8.82423484e-04
6.59037 8.79358667e-04
6.61318 8.76304676e-04
6.63607 8.73261636e-04
6.65904 8.70229049e-04
6.68209 8.67207289e-04
6.70522 8.68427840e-04
6.72843 8.84140196e-04
6.75172 9.00626471e-04
6.77510 9.17330151e-04
6.79855 9.35238578e-04
6.82208 9.52389511e-04
6.84570 9.70713582e-04
6.86939 9.90176444e-04
6.89317 1.00934188e-03
6.91704 1.02943668e-03
6.94098 1.05055490e-03
6.96500 1.07175575e-03
6.98911 1.09364204e-03
7.01331 1.11654032e-03
7.03759 1.14020741e-03
7.06195 1.16452199e-03
7.08639 1.18978247e-03
7.11092 1.21610384e-03
7.13554 1.24280340e-03
7.16024 1.27128686e-03
7.18502 1.29985495e-03
7.20990 1.32937342e-03
7.23485 1.36095431e-03
7.25990 1.39313676e-03
7.28503 1.42706853e-03
7.31025 1.46231842e-03
7.33555 1.49839324e-03
7.36094 1.53618852e-03
7.38642 1.57577915e-03
7.41199 1.61706745e-03
7.43765 1.65930203e-03
7.46340 1.70475710e-03
7.48923 1.75103513e-03
7.51516 1.79990981e-03
7.54117 1.85086820e-03
7.56727 1.90476235e-03
7.59347 1.96121259e-03
7.61975 2.01999728e-03
7.64613 2.08222249e-03
7.67260 2.14737351e-03
7.69916 2.21645698e-03
7.72581 2.28869499e-03
7.75255 2.36561509e-03
7.77939 2.44626480e-03
7.80632 2.53199719e-03
7.83334 2.62324732e-03
7.86046 2.72002789e-03
7.88767 2.82298302e-03
7.91497 2.93243801e-03
7.94237 3.04984338e-03
7.96986 3.17510754e-03
7.99745 3.31020020e-03
8.02513 3.45555828e-03
8.05291 3.61233749e-03
8.08079 3.78126697e-03
8.10876 3.96520843e-03
8.13683 4.16560928e-03
8.16500 4.38522709e-03
8.19326 4.62545004e-03
8.22162 4.89147767e-03
8.25008 5.18607799e-03
8.27864 5.51533547e-03
8.30730 5.88500640e-03
8.33605 6.30462560e-03
8.36491 6.78400924e-03
8.39386 7.33862329e-03
8.42292 7.98795324e-03
8.45208 8.76056907e-03
8.48133 9.69825796e-03
8.51069 1.08655817e-02
8.54016 1.23667177e-02
8.56972 1.43875486e-02
8.59938 1.72705182e-02
8.62915 2.17107084e-02
8.65902 2.90173620e-02
8.68899 3.99597620e-02
8.71907 5.06300903e-02
8.74925 6.00529378e-02
8.77954 7.51437742e-02
8.80993 9.05841191e-02
8.84043 9.96772498e-02
8.87103 1.04492404e-01
8.90174 1.00008932e-01
8.93255 9.22678649e-02
8.96347 8.50227890e-02
8.99450 8.48201013e-02
9.02563 9.88638324e-02
9.05688 1.30316602e-01
9.08823 1.70515454e-01
9.11969 2.07971961e-01
9.15126 2.44546630e-01
9.18294 2.85667453e-01
9.21472 3.24554614e-01
9.24662 3.43453560e-01
9.27863 3.33428520e-01
9.31075 3.01469860e-01
9.34298 2.69395625e-01
9.37532 2.40602838e-01
9.40777 2.03475888e-01
9.44034 1.56508526e-01
9.47302 1.21184162e-01
9.50581 1.02698500e-01
9.53871 8.94993867e-02
9.57173 8.01886151e-02
9.60487 7.95377582e-02
9.63811 8.52211111e-02
9.67148 8.68374080e-02
9.70495 8.86176356e-02
9.73855 1.00448930e-01
9.77226 1.19012482e-01
9.80609 1.30682782e-01
9.84003 1.29606524e-01
9.87409 1.26098000e-01
9.90827 1.20470759e-01
9.94257 1.08114994e-01
9.97699 9.32216320e-02
10.01153 8.36765913e-02
10.04618 8.19949524e-02
10.08096 8.90573127e-02
10.11585 1.05449455e-01
10.15087 1.33737149e-01
10.18601 1.76147699e-01
10.22127 2.19561064e-01
10.25665 2.40803039e-01
10.29215 2.43244872e-01
10.32778 2.55068727e-01
10.36353 2.76800515e-01
10.39941 2.93960836e-01
10.43540 2.97254609e-01
10.47153 2.85879985e-01
10.50777 2.65376062e-01
10.54415 2.44342738e-01
10.58065 2.25530094e-01
10.61727 2.06971831e-01
10.65403 1.86099300e-01
10.69091 1.63287127e-01
10.72791 1.42988907e-01
10.76505 1.30523867e-01
10.80231 1.26798075e-01
10.83971 1.25444507e-01
10.87723 1.18173041e-01
10.91488 1.06395104e-01
10.95266 9.86272473e-02
10.99058 9.94313476e-02
11.02862 1.07387956e-01
11.06680 1.15965110e-01
11.10511 1.17976436e-01
11.14355 1.10433125e-01
11.18212 9.73451970e-02
11.22083 8.60625285e-02
11.25967 8.09177164e-02
11.29865 8.27494341e-02
11.33776 9.17138606e-02
11.37701 1.06620034e-01
11.41639 1.22478026e-01
11.45591 1.33790837e-01
11.49556 1.37609188e-01
11.53536 1.32113148e-01
11.57529 1.16217628e-01
11.61536 9.27283604e-02
11.65556 6.94310537e-02
11.69591 5.16787314e-02
11.73640 3.94707127e-02
11.77702 3.11821689e-02
11.81779 2.54510667e-02
11.85870 2.13767406e-02
11.89975 1.83626078e-02
11.94094 1.60636622e-02
11.98227 1.42638334e-02
12.02375 1.28283568e-02
12.06537 1.16632507e-02
12.10714 1.06983756e-02
12.14905 9.88906613e-03
12.19110 9.20707200e-03
12.23330 8.62198027e-03
12.27565 8.11894459e-03
12.31814 7.68313317e-03
12.36078 7.30255431e-03
12.40357 6.97105646e-03
12.44651 6.67992852e-03
12.48959 6.42461755e-03
12.53283 6.20079874e-03
12.57621 6.00513760e-03
12.61974 5.83552741e-03
12.66343 5.68918697e-03
12.70726 5.56562670e-03
12.75125 5.46295829e-03
12.79539 5.38169396e-03
12.83968 5.32118210e-03
12.88413 5.28394297e-03
12.92873 5.27043751e-03
12.97348 5.28473804e-03
13.01839 5.33236219e-03
13.06345 5.42181572e-03
13.10867 5.56626224e-03
13.15405 5.79082348e-03
13.19959 6.13883038e-03
13.24528 6.69771598e-03
13.29113 7.65252992e-03
13.33713 9.40679102e-03
13.38330 1.24758486e-02
13.42963 1.50868473e-02
13.47612 1.37003416e-02
13.52277 1.20959528e-02
13.56958 1.23969633e-02
13.61655 1.46409268e-02
13.66368 1.91500337e-02
13.71098 2.62101811e-02
13.75844 3.28556860e-02
13.80607 3.22401071e-02
13.85386 2.50704179e-02
13.90182 1.85330326e-02
13.94994 1.46397314e-02
13.99823 1.27201916e-02
14.04668 1.20181202e-02
14.09531 1.22128914e-02
14.14410 1.32418498e-02
14.19306 1.52370541e-02
14.24219 1.84343227e-02
14.29149 2.29421186e-02
14.34096 2.83898944e-02
14.39060 3.34385532e-02
14.44042 3.49865924e-02
14.49041 3.15185684e-02
14.54057 2.55690338e-02
14.59090 2.03862935e-02
14.64141 1.69069525e-02
14.69209 1.51228037e-02
14.74295 1.50021051e-02
14.79398 1.45906992e-02
14.84519 1.31346980e-02
14.89658 1.29078644e-02
14.94814 1.34992206e-02
14.99989 1.47421406e-02
15.05181 1.66804263e-02
15.10392 1.94643008e-02
15.15620 2.32351940e-02
15.20866 2.79748884e-02
15.26131 3.33281735e-02
15.31414 3.86843956e-02
15.36715 4.36818393e-02
15.42034 4.84940462e-02
15.47372 5.21426354e-02
15.52729 5.17531019e-02
15.58103 4.60832164e-02
15.63497 3.78101883e-02
15.68909 3.03086871e-02
15.74340 2.47976014e-02
15.79790 2.11254201e-02
15.85258 1.88254901e-02
15.90746 1.75091815e-02
15.96252 1.69411287e-02
16.01778 1.70295950e-02
16.07323 1.77886962e-02
16.12886 1.92908078e-02
16.18470 2.15980190e-02
16.24072 2.43693271e-02
16.29694 2.65937330e-02
16.35335 2.72057719e-02
16.40996 2.62630331e-02
16.46677 2.47660324e-02
16.52377 2.36757024e-02
16.58097 2.34413038e-02
16.63836 2.41471004e-02
16.69596 2.57971716e-02
16.75375 2.84687250e-02
16.81175 3.23795808e-02
16.86994 3.78928978e-02
16.92834 4.54660603e-02
16.98694 5.53717584e-02
17.04574 6.71499634e-02
17.10474 7.94882741e-02
17.16395 9.12099726e-02
17.22337 1.01882538e-01
17.28299 1.11006016e-01
17.34281 1.17500303e-01
17.40285 1.21227429e-01
17.46309 1.23951677e-01
17.52354 1.27997399e-01
17.58420 1.35350357e-01
17.64507 1.46470638e-01
17.70615 1.56404777e-01
17.76744 1.58822745e-01
17.82894 1.58030258e-01
17.89066 1.61875778e-01
17.95259 1.69159026e-01
18.01473 1.74740583e-01
18.07709 1.76152107e-01
18.13967 1.74575744e-01
18.20246 1.73144944e-01
18.26547 1.71799700e-01
18.32870 1.67268528e-01
18.39214 1.59386939e-01
18.45581 1.50377422e-01
18.51969 1.39582613e-01
18.58380 1.25225769e-01
18.64813 1.10487751e-01
18.71268 1.00747257e-01
18.77746 9.85919598e-02
18.84246 1.04379038e-01
18.90768 1.16990195e-01
18.97313 1.33465214e-01
19.03881 1.50693648e-01
19.10472 1.66417092e-01
19.17085 1.78006180e-01
19.23721 1.83163991e-01
19.30380 1.82126448e-01
19.37062 1.76524737e-01
19.43768 1.67250114e-01
19.50496 1.55811313e-01
19.57248 1.44864505e-01
19.64023 1.36270399e-01
19.70822 1.30322854e-01
19.77644 1.26437868e-01
19.84490 1.23926141e-01
19.91359 1.22210960e-01
19.98252 1.20598605e-01
20.05169 1.18309832e-01
20.12110 1.15091977e-01
20.19076 1.11232847e-01
20.26065 1.06732519e-01
20.33078 1.01448871e-01
20.40116 9.51662021e-02
20.47178 8.77614889e-02
20.54264 7.94805312e-02
20.61375 7.08586244e-02
20.68511 6.26540146e-02
20.75671 5.55972020e-02
20.82856 5.00120942e-02
20.90066 4.60273868e-02
20.97301 4.35734706e-02
21.04561 4.26212852e-02
21.11846 4.31977803e-02
21.19157 4.51205004e-02
21.26492 4.82715694e-02
21.33853 5.19150066e-02
21.41240 5.50970796e-02
21.48652 5.68171022e-02
21.56090 5.65587182e-02
21.63553 5.44402880e-02
21.71043 5.15435947e-02
21.78558 4.91776320e-02
21.86099 4.82008601e-02
21.93666 4.93735785e-02
22.01260 5.33891257e-02
22.08880 5.97325717e-02
22.16526 6.64213511e-02
22.24199 7.13479835e-02
22.31898 7.32216476e-02
22.39624 7.06610974e-02
22.47377 6.35824261e-02
22.55156 5.32001020e-02
22.62962 4.40063008e-02
22.70796 3.85121134e-02
22.78656 3.65256839e-02
22.86544 3.77709522e-02
22.94459 4.06067947e-02
23.02402 4.24585093e-02
23.10372 4.08758933e-02
23.18369 3.64363291e-02
23.26394 3.22391029e-02
23.34447 2.99335916e-02
23.42528 2.94588821e-02
23.50637 3.06651931e-02
23.58774 3.29229612e-02
23.66939 3.58520400e-02
23.75133 3.88380720e-02
23.83354 4.12944274e-02
23.91604 4.30387316e-02
23.99883 4.41485246e-02
24.08191 4.51973088e-02
24.16527 4.67903234e-02
24.24892 4.92612624e-02
24.33286 5.22563652e-02
24.41709 5.47696887e-02
24.50161 5.55652633e-02
24.58642 5.37968132e-02
24.67153 4.99160094e-02
24.75693 4.51467756e-02
24.84263 4.06049940e-02
24.92863 3.69469545e-02
25.01492 3.41992759e-02
25.10151 3.21100864e-02
25.18840 3.04137070e-02
25.27559 2.90273673e-02
25.36309 2.78056974e-02
25.45088 2.67544256e-02
25.53898 2.59311733e-02
25.62739 2.53351641e-02
25.71610 2.50367749e-02
25.80512 2.51013541e-02
25.89444 2.55369147e-02
25.98408 2.64491024e-02
26.07403 2.79435358e-02
26.16428 3.00734971e-02
26.25485 3.30300009e-02
26.34574 3.69732969e-02
26.43694 4.16944503e-02
26.52845 4.65039655e-02
26.62028 5.00066572e-02
26.71243 5.21797895e-02
26.80489 5.38656695e-02
26.89768 5.55277769e-02
26.99079 5.69065342e-02
27.08422 5.77528100e-02
27.17798 5.81547244e-02
27.27205 5.86634372e-02
27.36646 6.00173243e-02
27.46119 6.28009163e-02
27.55625 6.74647854e-02
27.65164 7.39902987e-02
27.74736 8.17671033e-02
27.84341 8.99814956e-02
27.93979 9.76894775e-02
28.03650 1.04113988e-01
28.13355 1.08867645e-01
28.23094 1.11720076e-01
28.32867 1.12515219e-01
28.42673 1.10965584e-01
28.52513 1.07153662e-01
28.62387 1.01215072e-01
28.72295 9.35359202e-02
28.82238 8.47785580e-02
28.92215 7.59819001e-02
29.02227 6.84100169e-02
29.12273 6.27454999e-02
29.22354 5.92550884e-02
29.32470 5.79330404e-02
29.42621 5.84732811e-02
29.52807 5.99486160e-02
29.63029 6.14196551e-02
29.73286 6.20790576e-02
29.83578 6.13358281e-02
29.93906 5.88016588e-02
30.04269 5.42203051e-02
30.14669 4.80718996e-02
30.25104 4.13257040e-02
30.35576 3.50438692e-02
30.46084 2.98342116e-02
30.56628 2.57843289e-02
30.67209 2.27084542e-02
30.77826 2.03766615e-02
30.88481 1.85732450e-02
30.99172 1.71243893e-02
31.09900 1.59337335e-02
31.20665 1.49658731e-02
31.31467 1.42218882e-02
31.42307 1.37035385e-02
31.53184 1.33746368e-02
31.64099 1.31293867e-02
31.75052 1.27984516e-02
31.86043 1.22596581e-02
31.97072 1.15602107e-02
32.08139 1.08319369e-02
32.19244 1.01908638e-02
32.30388 9.69732213e-03
32.41570 9.36938613e-03
32.52791 9.20249804e-03
32.64051 9.17796644e-03
32.75349 9.26076156e-03
32.86687 9.39657189e-03
32.98064 9.52553492e-03
33.09481 9.61561104e-03
33.20937 9.68857941e-03
33.32433 9.80384123e-03
33.43968 1.00207631e-02
33.55544 1.03751402e-02
33.67159 1.08646289e-02
33.78815 1.14632645e-02
33.90511 1.21070635e-02
34.02247 1.27222765e-02
34.14024 1.32419254e-02
34.25842 1.36337762e-02
34.37701 1.39049854e-02
34.49601 1.40821520e-02
34.61542 1.41857707e-02
34.73525 1.42204172e-02
34.85549 1.41836800e-02
34.97614 1.40757966e-02
35.09721 1.39086802e-02
35.21871 1.37220596e-02
35.34062 1.35937337e-02
35.46295 1.36299383e-02
35.58571 1.39369241e-02
35.70889 1.45946814e-02
35.83250 1.56686370e-02
35.95654 1.71851755e-02
36.08101 1.91286534e-02
36.20590 2.14013702e-02
36.33123 2.37780139e-02
36.45700 2.58937175e-02
36.58320 2.73290478e-02
36.70983 2.77390145e-02
36.83691 2.69602463e-02
36.96442 2.50770875e-02
37.09238 2.24254651e-02
37.22077 1.94757267e-02
37.34962 1.66352996e-02
37.47890 1.41351180e-02
37.60864 1.20523965e-02
37.73883 1.03765423e-02
37.86946 9.07309748e-03
38.00055 8.05139788e-03
38.13209 7.23796777e-03
38.26409 6.58774430e-03
38.39654 6.06670388e-03
38.52946 5.64906459e-03
38.66283 5.31515264e-03
38.79667 5.05023332e-03
38.93096 4.84330012e-03
39.06573 4.68636821e-03
39.20096 4.57777264e-03
39.33665 4.50913643e-03
39.47282 4.47680190e-03
39.60946 4.47997412e-03
39.74657 4.51910642e-03
39.88416 4.59583164e-03
40.02222 4.71297444e-03
40.16076 4.87504988e-03
40.29978 5.09806864e-03
40.43928 5.38472356e-03
40.57926 5.74754830e-03
40.71973 6.20238117e-03
40.86069 6.76815228e-03
41.00213 7.46598508e-03
41.14406 8.32738642e-03
41.28648 9.37679580e-03
41.42940 1.05586977e-02
41.57281 1.17875413e-02
41.71672 1.29460625e-02
41.86113 1.39252269e-02
42.00603 1.46705460e-02
42.15144 1.54246529e-02
42.29735 1.65159529e-02
42.44377 1.79353599e-02
42.59069 1.92924787e-02
42.73812 2.00216366e-02
42.88606 2.03647975e-02
43.03451 2.14980606e-02
43.18348 2.34049660e-02
43.33297 2.59983099e-02
43.48297 2.90743364e-02
43.63349 3.24432180e-02
43.78453 3.43476485e-02
43.93609 3.45290935e-02
44.08818 3.34943193e-02
44.24079 3.21988999e-02
44.39394 3.05779915e-02
44.54761 2.84885184e-02
44.70182 2.60019861e-02
44.85655 2.32756934e-02
45.01183 2.04161889e-02
45.16764 1.76922837e-02
45.32399 1.52803021e-02
45.48089 1.32037207e-02
45.63832 1.14421092e-02
45.79630 1.00151265e-02
45.95483 8.83212761e-03
46.11391 7.82486967e-03
46.27353 7.00706073e-03
46.43371 6.36132796e-03
46.59445 5.80261024e-03
46.75574 5.32365431e-03
46.91759 4.94775095e-03
47.08000 4.64659502e-03
47.24297 4.39014091e-03
47.40650 4.17839097e-03
47.57060 4.03352843e-03
47.73527 3.92901513e-03
47.90051 3.85930869e-03
48.06633 3.82952466e-03
48.23271 3.85812697e-03
48.39967 3.92326928e-03
48.56721 4.02604446e-03
48.73533 4.18594288e-03
48.90403 4.39109552e-03
49.07332 4.62544992e-03
49.24319 4.88702704e-03
49.41365 5.14651013e-03
49.58470 5.36534843e-03
49.75634 5.53156327e-03
49.92858 5.55217326e-03
50.10141 5.46057904e-03
50.27484 5.27706206e-03
50.44887 4.97475465e-03
50.62350 4.63550366e-03
50.79874 4.28644844e-03
50.97458 3.95006316e-03
51.15104 3.66343774e-03
51.32810 3.42044341e-03
51.50578 3.25117084e-03
51.68407 3.20064329e-03
51.86298 3.26466859e-03
52.04250 3.53675591e-03
52.22265 4.12866732e-03
52.40343 4.61920654e-03
52.58482 4.59698512e-03
52.76685 3.86938073e-03
52.94951 3.02851659e-03
53.13280 2.45165698e-03
53.31672 2.07267324e-03
53.50128 1.80250473e-03
53.68648 1.64544825e-03
53.87232 1.52552325e-03
54.05880 1.43343051e-03
54.24593 1.38204827e-03
54.43371 1.34827454e-03
54.62214 1.33581915e-03
54.81122 1.37287198e-03
55.00095 1.45281173e-03
55.19134 1.62033113e-03
55.38239 2.02700599e-03
55.57410 2.60123061e-03
55.76647 3.62126700e-03
55.95951 3.72642679e-03
56.15322 3.02338300e-03
56.34760 2.23216996e-03
56.54265 1.53590421e-03
56.73838 1.23704617e-03
56.93479 1.03626276e-03
57.13187 9.05750745e-04
57.32964 8.32928594e-04
57.52809 7.70204164e-04
57.72723 7.26040274e-04
57.92705 6.89706590e-04
58.12757 6.58231230e-04
58.32879 6.33670949e-04
58.53070 6.10622756e-04
58.73331 5.90978167e-04
58.93662 5.73014972e-04
59.14063 5.56402510e-04
59.34535 5.41674722e-04
59.55078 5.27477340e-04
59.75692 5.14674832e-04
59.96377 5.02374432e-04
60.17134 4.90934092e-04
60.37963 4.79767630e-04
60.58864 4.68871511e-04
60.79837 4.58238853e-04
61.00883 4.47862501e-04
61.22002 4.37736308e-04
61.43194 4.27853527e-04
61.64459 4.18208286e-04
61.85797 4.08794338e-04
62.07210 3.99605945e-04
62.28697 3.90637122e-04
62.50258 3.81882654e-04
62.71894 3.73336818e-04
62.93605 3.64994398e-04
63.15390 3.56850293e-04
63.37252 3.48899538e-04
63.59189 3.41137154e-04
63.81201 3.33558487e-04
64.03290 3.26158784e-04
64.25456 3.18933739e-04
64.47698 3.11878908e-04
64.70017 3.04990000e-04
64.92414 2.98262720e-04
65.14888 2.91693323e-04
65.37440 2.85277726e-04
65.60070 2.79011998e-04
65.82778 2.72892604e-04
66.05565 2.66915749e-04
66.28430 2.61077961e-04
66.51375 2.55375854e-04
66.74400 2.49806107e-04
66.97504 2.44365246e-04
67.20688 2.39050199e-04
67.43952 2.33857929e-04
67.67297 2.28785362e-04
67.90722 2.23829573e-04
68.14229 2.18987689e-04
68.37817 2.14256921e-04
68.61486 2.09634569e-04
68.85238 2.05117982e-04
69.09072 2.00704585e-04
69.32988 1.96391826e-04
69.56987 1.92177316e-04
69.81069 1.88058652e-04
70.05235 1.84033497e-04
70.29484 1.80099609e-04
70.53817 1.76254773e-04
70.78235 1.72496850e-04
71.02737 1.68823735e-04
71.27323 1.65233401e-04
71.51995 1.61723844e-04
71.76752 1.58293159e-04
72.01595 1.54939431e-04
72.26524 1.51660830e-04
72.51539 1.48455552e-04
72.76641 1.45321867e-04
73.01830 1.42258082e-04
73.27106 1.39262492e-04
73.52469 1.36333531e-04
73.77920 1.33469591e-04
74.03460 1.30669156e-04
74.29087 1.27930693e-04
74.54804 1.25252773e-04
74.80609 1.22633964e-04
75.06504 1.20072898e-04
75.32488 1.17568167e-04
75.58563 1.15118491e-04
75.84727 1.12722574e-04
76.10982 1.10379161e-04
76.37328 1.08087031e-04
76.63766 1.05844990e-04
76.90295 1.03651868e-04
77.16915 1.01506546e-04
77.43628 9.94078898e-05
77.70433 9.73548302e-05
77.97331 9.53463342e-05
78.24322 9.33813564e-05
78.51407 9.14589013e-05
78.78585 8.95779858e-05
79.05857 8.77376391e-05
79.33224 8.59369902e-05
79.60686 8.41750560e-05
79.88242 8.24510151e-05
80.15894 8.07639716e-05
80.43642 7.91130791e-05
80.71486 7.74975413e-05
80.99426 7.59165244e-05
81.27463 7.43692569e-05
81.55596 7.28549858e-05
81.83828 7.13729719e-05
82.12157 6.99224562e-05
82.40584 6.85027641e-05
82.69109 6.71131813e-05
82.97733 6.57530322e-05
83.26457 6.44216459e-05
83.55279 6.31184151e-05
83.84202 6.18426779e-05
84.13225 6.05938331e-05
84.42348 5.93712859e-05
84.71572 5.81744402e-05
85.00897 5.70027323e-05
85.30323 5.58555922e-05
85.59852 5.47324860e-05
85.89482 5.36328987e-05
86.19215 5.25562825e-05
86.49052 5.15021385e-05
86.78991 5.04699676e-05
87.09034 4.94592996e-05
87.39181 4.84696713e-05
87.69432 4.75005913e-05
87.99789 4.65516265e-05
88.30250 4.56223364e-05
88.60816 4.47122990e-05
88.91489 4.38210802e-05
89.22267 4.29482692e-05
89.53153 4.20934802e-05
89.84145 4.12563188e-05
90.15244 4.04363941e-05
90.46451 3.96333367e-05
90.77766 3.88467956e-05
91.09190 3.80763861e-05
91.40722 3.73217936e-05
91.72363 3.65826533e-05
92.04114 3.58586368e-05
92.35975 3.51494180e-05
92.67946 3.44546981e-05
93.00028 3.37741388e-05
93.32221 3.31074626e-05
93.64525 3.24543607e-05
93.96941 3.18145445e-05
94.29469 3.11877390e-05
94.62110 3.05736592e-05
94.94864 2.99720263e-05
95.27731 2.93825915e-05
95.60712 2.88050946e-05
95.93807 2.82392793e-05
96.27017 2.76848942e-05
96.60342 2.71417017e-05
96.93782 2.66094702e-05
97.27338 2.60879696e-05
97.61010 2.55769721e-05
97.94798 2.50762562e-05
98.28704 2.45856103e-05
98.62727 2.41048055e-05
98.96867 2.36336638e-05
99.31126 2.31719612e-05
99.65504 2.27195124e-05
100.00000 2.22761218e-05
