        2000  2.000000 3.330000
0.10000 9.95542750e-02
0.10035 9.89041258e-02
0.10069 9.73237610e-02
0.10104 9.76859378e-02
0.10139 9.71144920e-02
0.10174 9.67350822e-02
0.10210 9.72319744e-02
0.10245 9.71859938e-02
0.10280 9.62715343e-02
0.10316 9.62406112e-02
0.10352 9.63166566e-02
0.10387 9.51855458e-02
0.10423 9.52687337e-02
0.10459 9.50463370e-02
0.10496 9.52111173e-02
0.10532 9.41413318e-02
0.10568 9.33495792e-02
0.10605 9.45254214e-02
0.10642 9.41889168e-02
0.10679 9.27616433e-02
0.10716 9.31864092e-02
0.10753 9.35813975e-02
0.10790 9.23097934e-02
0.10827 9.19923008e-02
0.10865 9.14813663e-02
0.10902 9.15217082e-02
0.10940 9.13854623e-02
0.10978 9.11194501e-02
0.11016 9.08851335e-02
0.11054 9.06976915e-02
0.11092 8.97695658e-02
0.11131 8.94411330e-02
0.11169 9.04765647e-02
0.11208 9.03625278e-02
0.11247 8.91012362e-02
0.11286 8.90251820e-02
0.11325 8.98599286e-02
0.11364 8.84617164e-02
0.11403 8.81219676e-02
0.11443 8.78346315e-02
0.11482 8.73630325e-02
0.11522 8.83003964e-02
0.11562 8.80291154e-02
0.11602 8.62648399e-02
0.11642 8.69886694e-02
0.11682 8.69244167e-02
0.11723 8.58095742e-02
0.11763 8.54533352e-02
0.11804 8.67477817e-02
0.11845 8.51557990e-02
0.11886 8.47333537e-02
0.11927 8.61981097e-02
0.11968 8.38698477e-02
0.12010 8.45814879e-02
0.12051 8.52936077e-02
0.12093 8.43777215e-02
0.12135 8.32857953e-02
0.12177 8.37375416e-02
0.12219 8.27503668e-02
0.12262 8.24015486e-02
0.12304 8.31647254e-02
0.12347 8.18874883e-02
0.12389 8.35496734e-02
0.12432 8.19486419e-02
0.12475 8.07209257e-02
0.12518 8.16684424e-02
0.12562 8.22132659e-02
0.12605 8.13506686e-02
0.12649 7.99115048e-02
0.12693 8.07991141e-02
0.12737 8.12225776e-02
0.12781 7.91010746e-02
0.12825 8.02993891e-02
0.12869 8.02874307e-02
0.12914 7.86997607e-02
0.12959 7.98392186e-02
0.13003 7.93332155e-02
0.13048 7.86021547e-02
0.13094 7.89869843e-02
0.13139 7.77642734e-02
0.13184 7.88242494e-02
0.13230 7.85053124e-02
0.13276 7.73809386e-02
0.13322 7.84613386e-02
0.13368 7.69464876e-02
0.13414 7.66854600e-02
0.13461 7.75481254e-02
0.13507 7.59503114e-02
0.13554 7.71704826e-02
0.13601 7.54178370e-02
0.13648 7.67717706e-02
0.13695 7.50521646e-02
0.13743 7.63697701e-02
0.13790 7.59362603e-02
0.13838 7.43337637e-02
0.13886 7.55370836e-02
0.13934 7.43055549e-02
0.13982 7.47549539e-02
0.14031 7.44596170e-02
0.14079 7.32249003e-02
0.14128 7.41116423e-02
0.14177 7.33711687e-02
0.14226 7.34473295e-02
0.14275 7.47750109e-02
0.14324 7.23828691e-02
0.14374 7.22122133e-02
0.14424 7.39146277e-02
0.14474 7.13690602e-02
0.14524 7.24095417e-02
0.14574 7.23276888e-02
0.14625 7.16697459e-02
0.14675 7.18505960e-02
0.14726 7.09635225e-02
0.14777 7.15443366e-02
0.14828 7.06659448e-02
0.14879 7.12789253e-02
0.14931 7.04872200e-02
0.14983 7.09247909e-02
0.15034 6.97915105e-02
0.15087 7.11096666e-02
0.15139 6.92452898e-02
0.15191 6.95108492e-02
0.15244 6.95347423e-02
0.15297 6.95608791e-02
0.15349 6.92547530e-02
0.15403 6.95942354e-02
0.15456 6.78298001e-02
0.15509 6.80162742e-02
0.15563 6.85211406e-02
0.15617 6.91276772e-02
0.15671 6.68098729e-02
0.15725 6.74218174e-02
0.15780 6.78897608e-02
0.15834 6.73214704e-02
0.15889 6.77469438e-02
0.15944 6.66180767e-02
0.15999 6.60984339e-02
0.16055 6.76323089e-02
0.16110 6.59878750e-02
0.16166 6.54078630e-02
0.16222 6.63743148e-02
0.16278 6.47398650e-02
0.16335 6.56427774e-02
0.16391 6.52513974e-02
0.16448 6.43057188e-02
0.16505 6.55347019e-02
0.16562 6.50259164e-02
0.16619 6.42968506e-02
0.16677 6.43425353e-02
0.16734 6.44731571e-02
0.16792 6.35192379e-02
0.16851 6.43306894e-02
0.16909 6.29938172e-02
0.16967 6.40784855e-02
0.17026 6.37443607e-02
0.17085 6.31162398e-02
0.17144 6.29560121e-02
0.17204 6.25012170e-02
0.17263 6.30899373e-02
0.17323 6.29497931e-02
0.17383 6.29562637e-02
0.17443 6.21360950e-02
0.17503 6.34400638e-02
0.17564 6.25004030e-02
0.17625 6.21707892e-02
0.17686 6.13351664e-02
0.17747 6.11084304e-02
0.17808 6.21914263e-02
0.17870 6.13811737e-02
0.17932 6.02395905e-02
0.17994 6.19197457e-02
0.18056 6.00529773e-02
0.18119 6.07180212e-02
0.18182 6.06493285e-02
0.18244 5.99464587e-02
0.18308 5.97604494e-02
0.18371 5.93538016e-02
0.18435 5.98574042e-02
0.18498 5.91630474e-02
0.18562 5.90170335e-02
0.18627 5.97238134e-02
0.18691 5.85922735e-02
0.18756 5.93396054e-02
0.18821 5.84268302e-02
0.18886 5.75521739e-02
0.18951 5.92417153e-02
0.19017 5.78448646e-02
0.19083 5.74251899e-02
0.19149 5.82387430e-02
0.19215 5.79564833e-02
0.19282 5.68494995e-02
0.19348 5.70066844e-02
0.19415 5.76607674e-02
0.19483 5.63677092e-02
0.19550 5.76656248e-02
0.19618 5.65068677e-02
0.19686 5.61658964e-02
0.19754 5.65102480e-02
0.19822 5.55909371e-02
0.19891 5.54556000e-02
0.19960 5.66195342e-02
0.20029 5.62024050e-02
0.20098 5.47868886e-02
0.20168 5.47196582e-02
0.20237 5.50519714e-02
0.20307 5.48012890e-02
0.20378 5.42103191e-02
0.20448 5.47356629e-02
0.20519 5.60479818e-02
0.20590 5.47423140e-02
0.20661 5.29604739e-02
0.20733 5.46642558e-02
0.20805 5.36736830e-02
0.20877 5.35214709e-02
0.20949 5.49748930e-02
0.21021 5.32358842e-02
0.21094 5.31352767e-02
0.21167 5.35231166e-02
0.21240 5.26825358e-02
0.21314 5.32035994e-02
0.21388 5.29231542e-02
0.21462 5.15526150e-02
0.21536 5.26332726e-02
0.21611 5.38955557e-02
0.21685 5.21718441e-02
0.21760 5.22824208e-02
0.21836 5.28952326e-02
0.21911 5.16804130e-02
0.21987 5.17152493e-02
0.22063 5.14268032e-02
0.22140 5.16062502e-02
0.22216 5.17256063e-02
0.22293 5.08443433e-02
0.22370 5.14406116e-02
0.22448 5.16806706e-02
0.22526 5.07555699e-02
0.22604 5.06790450e-02
0.22682 5.04508231e-02
0.22760 5.10497702e-02
0.22839 4.96127790e-02
0.22918 5.01852667e-02
0.22998 5.04976681e-02
0.23077 4.92235657e-02
0.23157 5.10185097e-02
0.23237 4.87436875e-02
0.23318 5.01002703e-02
0.23398 4.92381822e-02
0.23479 4.88790039e-02
0.23561 5.07380438e-02
0.23642 4.87518926e-02
0.23724 4.79396124e-02
0.23806 4.92021086e-02
0.23889 4.86139093e-02
0.23971 4.90491003e-02
0.24054 4.97054714e-02
0.24137 4.72560330e-02
0.24221 4.83173972e-02
0.24305 4.78240866e-02
0.24389 4.75911523e-02
0.24473 4.75964744e-02
0.24558 4.74284411e-02
0.24643 4.69208574e-02
0.24728 4.85104484e-02
0.24814 4.67933228e-02
0.24900 4.75597230e-02
0.24986 4.69766770e-02
0.25073 4.70970750e-02
0.25159 4.76125324e-02
0.25246 4.58530166e-02
0.25334 4.65811530e-02
0.25422 4.75907261e-02
0.25510 4.56894382e-02
0.25598 4.62061387e-02
0.25687 4.65380909e-02
0.25775 4.66263048e-02
0.25865 4.51405890e-02
0.25954 4.51614718e-02
0.26044 4.63909404e-02
0.26134 4.63675594e-02
0.26225 4.48616446e-02
0.26315 4.42749370e-02
0.26406 4.61945740e-02
0.26498 4.42607764e-02
0.26590 4.49987843e-02
0.26682 4.50666038e-02
0.26774 4.44264920e-02
0.26867 4.45088747e-02
0.26960 4.48833236e-02
0.27053 4.36535413e-02
0.27147 4.33654119e-02
0.27241 4.40864235e-02
0.27335 4.34916056e-02
0.27430 4.29222822e-02
0.27525 4.51681881e-02
0.27620 4.29868664e-02
0.27715 4.26503558e-02
0.27811 4.44180738e-02
0.27908 4.19405597e-02
0.28004 4.22503947e-02
0.28101 4.33312683e-02
0.28198 4.13094285e-02
0.28296 4.32017417e-02
0.28394 4.23860604e-02
0.28492 4.21690835e-02
0.28591 4.29554549e-02
0.28690 4.19306289e-02
0.28789 4.27374923e-02
0.28889 4.09903523e-02
0.28989 4.18586683e-02
0.29089 4.23881117e-02
0.29190 4.17057222e-02
0.29291 4.19956867e-02
0.29392 4.13391706e-02
0.29494 4.06280602e-02
0.29596 4.27170387e-02
0.29699 4.05498185e-02
0.29801 4.09707867e-02
0.29905 4.14660510e-02
0.30008 4.07904546e-02
0.30112 4.03808528e-02
0.30216 4.08306722e-02
0.30321 4.06493337e-02
0.30426 4.03471384e-02
0.30531 4.00368890e-02
0.30637 3.93549286e-02
0.30743 4.04103196e-02
0.30849 4.06885803e-02
0.30956 4.10893554e-02
0.31063 3.96735105e-02
0.31171 3.92685943e-02
0.31279 4.02146014e-02
0.31387 4.09841482e-02
0.31496 3.90133713e-02
0.31605 3.87091632e-02
0.31714 3.90680366e-02
0.31824 3.78454234e-02
0.31934 3.97996006e-02
0.32044 4.04366784e-02
0.32155 3.77107138e-02
0.32267 3.85551958e-02
0.32378 3.75700812e-02
0.32490 3.81543171e-02
0.32603 3.94162273e-02
0.32716 3.85996106e-02
0.32829 3.91096749e-02
0.32943 3.72217839e-02
0.33057 3.86624692e-02
0.33171 3.81857434e-02
0.33286 3.68589382e-02
0.33401 3.82489779e-02
0.33517 3.85497968e-02
0.33633 3.74588178e-02
0.33749 3.75293575e-02
0.33866 3.66649606e-02
0.33983 3.83224540e-02
0.34101 3.68283910e-02
0.34219 3.76786007e-02
0.34337 3.70518799e-02
0.34456 3.73651456e-02
0.34576 3.80925123e-02
0.34695 3.61220788e-02
0.34815 3.56348776e-02
0.34936 3.82097846e-02
0.35057 3.65641518e-02
0.35178 3.55076450e-02
0.35300 3.70314766e-02
0.35422 3.82257360e-02
0.35545 3.59321119e-02
0.35668 3.56763561e-02
0.35791 3.75963808e-02
0.35915 3.63710207e-02
0.36039 3.72681849e-02
0.36164 3.54570023e-02
0.36289 3.44439867e-02
0.36415 3.71387204e-02
0.36541 3.62137411e-02
0.36668 3.49484388e-02
0.36795 3.54587310e-02
0.36922 3.45784358e-02
0.37050 3.52923434e-02
0.37178 3.49642541e-02
0.37307 3.49531186e-02
0.37436 3.47657210e-02
0.37565 3.37947522e-02
0.37695 3.53113496e-02
0.37826 3.41290930e-02
0.37957 3.33277322e-02
0.38088 3.58234947e-02
0.38220 3.32288653e-02
0.38352 3.44591449e-02
0.38485 3.57961828e-02
0.38618 3.21441022e-02
0.38752 3.43735624e-02
0.38886 3.45710033e-02
0.39021 3.29610208e-02
0.39156 3.28695894e-02
0.39291 3.31970423e-02
0.39427 3.31422616e-02
0.39564 3.37912179e-02
0.39701 3.29830669e-02
0.39838 3.31746943e-02
0.39976 3.37931005e-02
0.40115 3.24016844e-02
0.40253 3.21554006e-02
0.40393 3.42175023e-02
0.40533 3.29057694e-02
0.40673 3.16532040e-02
0.40814 3.21612910e-02
0.40955 3.22673803e-02
0.41097 3.23552006e-02
0.41239 3.25442942e-02
0.41382 3.33694653e-02
0.41525 3.10074149e-02
0.41669 3.19005416e-02
0.41813 3.15271110e-02
0.41958 3.22737236e-02
0.42103 3.23913747e-02
0.42249 3.09685974e-02
0.42395 3.13702250e-02
0.42542 3.20357929e-02
0.42689 3.08149409e-02
0.42837 3.12160150e-02
0.42985 3.16912962e-02
0.43134 3.13854513e-02
0.43283 3.03242706e-02
0.43433 3.17275503e-02
0.43583 3.00492303e-02
0.43734 3.18740348e-02
0.43886 3.08409593e-02
0.44037 3.06542336e-02
0.44190 2.92251130e-02
0.44343 3.02334045e-02
0.44496 3.26717903e-02
0.44650 2.98139162e-02
0.44805 3.17940497e-02
0.44960 3.16854206e-02
0.45116 2.96429881e-02
0.45272 2.84205495e-02
0.45429 3.08231934e-02
0.45586 3.15050234e-02
0.45744 2.98343018e-02
0.45902 3.08758429e-02
0.46061 2.88264395e-02
0.46220 3.08423742e-02
0.46380 3.05651790e-02
0.46541 3.00917211e-02
0.46702 2.82715254e-02
0.46864 2.92008026e-02
0.47026 3.00300081e-02
0.47189 2.87661917e-02
0.47352 3.02112163e-02
0.47516 2.89823546e-02
0.47680 2.92262142e-02
0.47845 2.82848927e-02
0.48011 2.92003911e-02
0.48177 2.81632693e-02
0.48344 2.95197899e-02
0.48511 2.96084538e-02
0.48679 2.99899622e-02
0.48848 2.81567839e-02
0.49017 2.97745482e-02
0.49186 2.86298274e-02
0.49357 3.12949759e-02
0.49528 2.82794552e-02
0.49699 2.86605641e-02
0.49871 3.11304206e-02
0.50044 2.72324114e-02
0.50217 2.79034434e-02
0.50391 2.95933933e-02
0.50565 2.99609069e-02
0.50740 2.91032025e-02
0.50916 2.94576270e-02
0.51092 2.76414006e-02
0.51269 2.69085371e-02
0.51446 3.03237378e-02
0.51625 2.78763239e-02
0.51803 2.93701560e-02
0.51983 2.96331135e-02
0.52163 2.88518570e-02
0.52343 2.93388096e-02
0.52524 2.74418818e-02
0.52706 2.75207095e-02
0.52889 2.96075480e-02
0.53072 2.84775384e-02
0.53255 2.84643753e-02
0.53440 2.70188297e-02
0.53625 2.75127442e-02
0.53810 2.86781198e-02
0.53997 2.92084630e-02
0.54183 2.70503478e-02
0.54371 2.89276774e-02
0.54559 2.72996922e-02
0.54748 2.80405358e-02
0.54938 2.66616554e-02
0.55128 2.61171989e-02
0.55319 2.77623787e-02
0.55510 2.81100218e-02
0.55702 2.76131178e-02
0.55895 2.75610573e-02
0.56089 2.75330527e-02
0.56283 2.63323938e-02
0.56478 2.73473394e-02
0.56673 2.54115497e-02
0.56869 2.85449287e-02
0.57066 2.64790382e-02
0.57264 2.58073224e-02
0.57462 2.80482082e-02
0.57661 2.70148840e-02
0.57860 2.50554084e-02
0.58061 2.65301070e-02
0.58262 2.68392968e-02
0.58463 2.51686846e-02
0.58666 2.75755465e-02
0.58869 2.61778019e-02
0.59073 2.52602641e-02
0.59277 2.57922974e-02
0.59482 2.59701194e-02
0.59688 2.49271220e-02
0.59895 2.56564186e-02
0.60102 2.57532314e-02
0.60310 2.57162965e-02
0.60519 2.53085180e-02
0.60728 2.46197497e-02
0.60939 2.55923080e-02
0.61150 2.59580012e-02
0.61361 2.47756144e-02
0.61574 2.34184899e-02
0.61787 2.55913371e-02
0.62001 2.49056058e-02
0.62215 2.41070984e-02
0.62431 2.47363500e-02
0.62647 2.41242664e-02
0.62864 2.41824748e-02
0.63081 2.40314822e-02
0.63300 2.40721142e-02
0.63519 2.37387915e-02
0.63739 2.47485985e-02
0.63959 2.36298014e-02
0.64181 2.36279514e-02
0.64403 2.46422072e-02
0.64626 2.36592326e-02
0.64849 2.28280972e-02
0.65074 2.30293387e-02
0.65299 2.36058668e-02
0.65525 2.31083293e-02
0.65752 2.29430429e-02
0.65980 2.35653562e-02
0.66208 2.21270123e-02
0.66437 2.28509750e-02
0.66667 2.36346794e-02
0.66898 2.24979447e-02
0.67130 2.25740315e-02
0.67362 2.26196096e-02
0.67595 2.31182246e-02
0.67829 2.31993167e-02
0.68064 2.23247166e-02
0.68299 2.23453094e-02
0.68536 2.22260983e-02
0.68773 2.29217990e-02
0.69011 2.24572862e-02
0.69250 2.22161320e-02
0.69490 2.23261345e-02
0.69730 2.21490110e-02
0.69972 2.21319644e-02
0.70214 2.30219091e-02
0.70457 2.16148524e-02
0.70701 2.28907782e-02
0.70946 2.10408255e-02
0.71191 2.36357184e-02
0.71438 2.17006983e-02
0.71685 2.11944880e-02
0.71933 2.18040349e-02
0.72182 2.22382106e-02
0.72432 2.14780471e-02
0.72683 2.02540546e-02
0.72934 2.37974469e-02
0.73187 2.12162588e-02
0.73440 2.16968474e-02
0.73694 2.27671390e-02
0.73949 2.22635216e-02
0.74205 2.14004892e-02
0.74462 2.09609766e-02
0.74720 2.20407254e-02
0.74979 2.00935249e-02
0.75238 2.00411447e-02
0.75499 2.06633486e-02
0.75760 2.02545163e-02
0.76022 2.17518826e-02
0.76285 2.23140754e-02
0.76549 2.00221504e-02
0.76814 1.98147817e-02
0.77080 2.08539134e-02
0.77347 2.19012502e-02
0.77615 2.39510442e-02
0.77884 2.31948738e-02
0.78153 1.96425837e-02
0.78424 2.04678790e-02
0.78695 2.16825358e-02
0.78968 2.33836418e-02
0.79241 1.91692915e-02
0.79515 2.28446466e-02
0.79790 2.14271322e-02
0.80067 2.02905129e-02
0.80344 2.06493270e-02
0.80622 1.87759134e-02
0.80901 2.33748625e-02
0.81181 1.97042523e-02
0.81462 1.90497460e-02
0.81744 2.20188658e-02
0.82027 2.26082758e-02
0.82311 1.97893790e-02
0.82596 2.16816241e-02
0.82882 1.90763771e-02
0.83169 1.99543457e-02
0.83457 2.17692401e-02
0.83745 2.74083094e-02
0.84035 1.82357756e-02
0.84326 1.98468059e-02
0.84618 2.46854084e-02
0.84911 1.90202378e-02
0.85205 2.22207999e-02
0.85500 2.21277109e-02
0.85796 2.08211610e-02
0.86093 2.02339502e-02
0.86391 1.98162883e-02
0.86690 1.89462674e-02
0.86990 2.37156088e-02
0.87291 2.42274964e-02
0.87593 2.61502591e-02
0.87897 2.05759694e-02
0.88201 2.16120700e-02
0.88506 2.46048757e-02
0.88813 2.10533789e-02
0.89120 1.95806131e-02
0.89428 2.60157242e-02
0.89738 2.22479994e-02
0.90049 1.93920226e-02
0.90360 1.98305407e-02
0.90673 1.92291486e-02
0.90987 2.10068654e-02
0.91302 2.09007702e-02
0.91618 2.17040313e-02
0.91935 2.13760159e-02
0.92253 2.09960910e-02
0.92573 1.95472450e-02
0.92893 1.82675897e-02
0.93215 2.26986179e-02
0.93537 2.53128544e-02
0.93861 1.87851990e-02
0.94186 2.13401644e-02
0.94512 1.97956098e-02
0.94839 1.98136332e-02
0.95168 1.75498726e-02
0.95497 2.32710523e-02
0.95828 2.30122240e-02
0.96159 2.05097749e-02
0.96492 2.18899400e-02
0.96826 2.04104787e-02
0.97161 1.83781042e-02
0.97498 2.08957174e-02
0.97835 2.09778515e-02
0.98174 2.35992009e-02
0.98514 2.15726369e-02
0.98855 1.71226972e-02
0.99197 1.99628794e-02
0.99540 2.21905073e-02
0.99885 2.00622081e-02
1.00231 2.06082126e-02
1.00578 2.17375326e-02
1.00926 1.85709305e-02
1.01275 2.42136377e-02
1.01626 1.93544780e-02
1.01978 1.86807287e-02
1.02330 1.96189481e-02
1.02685 2.25302620e-02
1.03040 1.88544008e-02
1.03397 1.84044897e-02
1.03755 2.29117231e-02
1.04114 1.93193546e-02
1.04474 1.96987852e-02
1.04836 2.05041390e-02
1.05199 1.93761718e-02
1.05563 2.02771662e-02
1.05928 2.07256270e-02
1.06295 1.91824783e-02
1.06663 2.00898693e-02
1.07032 2.24228643e-02
1.07403 1.83687240e-02
1.07775 1.92975957e-02
1.08148 2.07806504e-02
1.08522 1.93509438e-02
1.08898 1.90223660e-02
1.09275 2.23112723e-02
1.09653 1.97728296e-02
1.10032 1.78239419e-02
1.10413 1.98256922e-02
1.10796 1.74613715e-02
1.11179 1.92089733e-02
1.11564 2.09058258e-02
1.11950 2.00322884e-02
1.12338 2.00347334e-02
1.12726 1.94634770e-02
1.13117 1.82335556e-02
1.13508 1.70720161e-02
1.13901 1.79189461e-02
1.14295 1.89338442e-02
1.14691 2.08105523e-02
1.15088 2.09149397e-02
1.15487 1.92941473e-02
1.15886 1.79342641e-02
1.16287 1.62076665e-02
1.16690 1.65778115e-02
1.17094 1.91466919e-02
1.17499 1.91381286e-02
1.17906 1.95989118e-02
1.18314 2.19713844e-02
1.18724 1.83689993e-02
1.19135 1.64414769e-02
1.19547 1.66228479e-02
1.19961 1.67361626e-02
1.20376 1.87225328e-02
1.20793 1.96339671e-02
1.21211 1.91159464e-02
1.21630 1.84628402e-02
1.22052 1.66644330e-02
1.22474 1.65139584e-02
1.22898 1.74466988e-02
1.23323 1.77359352e-02
1.23750 1.83222964e-02
1.24179 1.82424238e-02
1.24609 1.79293801e-02
1.25040 1.76343806e-02
1.25473 1.70323166e-02
1.25907 1.72910650e-02
1.26343 1.64799510e-02
1.26780 1.62078411e-02
1.27219 1.70590394e-02
1.27659 1.81555152e-02
1.28101 1.80815714e-02
1.28545 1.79254581e-02
1.28990 1.63947237e-02
1.29436 1.64282901e-02
1.29884 1.61062658e-02
1.30334 1.67074447e-02
1.30785 1.69596367e-02
1.31238 1.71563080e-02
1.31692 1.69178415e-02
1.32148 1.62210190e-02
1.32605 1.63157094e-02
1.33064 1.58311663e-02
1.33525 1.57902532e-02
1.33987 1.61435262e-02
1.34451 1.67423757e-02
1.34916 1.66332434e-02
1.35383 1.56886127e-02
1.35852 1.55076294e-02
1.36322 1.62157443e-02
1.36794 1.63134510e-02
1.37268 1.65885267e-02
1.37743 1.65439846e-02
1.38220 1.54200312e-02
1.38698 1.49122965e-02
1.39178 1.53887233e-02
1.39660 1.59418437e-02
1.40144 1.58418993e-02
1.40629 1.57783688e-02
1.41115 1.52792714e-02
1.41604 1.50423707e-02
1.42094 1.49320930e-02
1.42586 1.52683519e-02
1.43080 1.53602362e-02
1.43575 1.51945562e-02
1.44072 1.52460217e-02
1.44571 1.50928802e-02
1.45071 1.49246308e-02
1.45573 1.44230588e-02
1.46077 1.42348028e-02
1.46583 1.43154806e-02
1.47090 1.47753373e-02
1.47599 1.51774977e-02
1.48110 1.50476040e-02
1.48623 1.46622209e-02
1.49137 1.41229474e-02
1.49654 1.41312827e-02
1.50172 1.45617259e-02
1.50692 1.50211830e-02
1.51213 1.51533204e-02
1.51737 1.46189486e-02
1.52262 1.38829683e-02
1.52789 1.35143270e-02
1.53318 1.36429242e-02
1.53849 1.40067703e-02
1.54381 1.43078586e-02
1.54916 1.43026105e-02
1.55452 1.37450915e-02
1.55990 1.31249834e-02
1.56530 1.30245683e-02
1.57072 1.33242121e-02
1.57615 1.36874929e-02
1.58161 1.38555706e-02
1.58709 1.37630498e-02
1.59258 1.34139267e-02
1.59809 1.31225502e-02
1.60362 1.31216711e-02
1.60918 1.32838643e-02
1.61475 1.34572522e-02
1.62034 1.35971270e-02
1.62594 1.35992642e-02
1.63157 1.33752898e-02
1.63722 1.31094108e-02
1.64289 1.29556210e-02
1.64857 1.28876446e-02
1.65428 1.28973238e-02
1.66001 1.29377338e-02
1.66575 1.29274241e-02
1.67152 1.28194018e-02
1.67731 1.26629747e-02
1.68311 1.25177423e-02
1.68894 1.24134970e-02
1.69478 1.23906695e-02
1.70065 1.24306591e-02
1.70654 1.24690562e-02
1.71245 1.24420403e-02
1.71837 1.23406514e-02
1.72432 1.21816254e-02
1.73029 1.20303576e-02
1.73628 1.19682242e-02
1.74229 1.19853834e-02
1.74832 1.20105493e-02
1.75437 1.19910577e-02
1.76045 1.19152491e-02
1.76654 1.18126022e-02
1.77266 1.17551279e-02
1.77879 1.17819633e-02
1.78495 1.18582987e-02
1.79113 1.19221193e-02
1.79733 1.19270151e-02
1.80355 1.18677737e-02
1.80979 1.17823599e-02
1.81606 1.17188442e-02
1.82234 1.16928229e-02
1.82865 1.16775286e-02
1.83498 1.16313230e-02
1.84133 1.15350164e-02
1.84771 1.14113870e-02
1.85410 1.13019940e-02
1.86052 1.12295740e-02
1.86696 1.11819278e-02
1.87342 1.11272228e-02
1.87991 1.10439719e-02
1.88642 1.09410696e-02
1.89295 1.08483455e-02
1.89950 1.07868190e-02
1.90607 1.07547965e-02
1.91267 1.07355293e-02
1.91929 1.07094934e-02
1.92594 1.06661836e-02
1.93260 1.06123788e-02
1.93929 1.05654054e-02
1.94601 1.05382722e-02
1.95274 1.05319905e-02
1.95950 1.05356094e-02
1.96629 1.05336964e-02
1.97309 1.05179225e-02
1.97992 1.04924239e-02
1.98678 1.04684793e-02
1.99365 1.04540333e-02
2.00055 1.04461458e-02
2.00748 1.04325940e-02
2.01443 1.04012583e-02
2.02140 1.03489041e-02
2.02840 1.02831007e-02
2.03542 1.02163426e-02
2.04247 1.01568996e-02
2.04954 1.01040775e-02
2.05663 1.00512081e-02
2.06375 9.99229045e-03
2.07090 9.92686054e-03
2.07806 9.85999769e-03
2.08526 9.79802950e-03
2.09247 9.74373866e-03
2.09972 9.69503807e-03
2.10699 9.64721631e-03
2.11428 9.59651151e-03
2.12160 9.54275969e-03
2.12894 9.48928137e-03
2.13631 9.43987009e-03
2.14371 9.39557842e-03
2.15113 9.35412718e-03
2.15857 9.31231066e-03
2.16605 9.26899580e-03
2.17354 9.22608646e-03
2.18107 9.18667169e-03
2.18862 9.15242774e-03
2.19619 9.12276381e-03
2.20380 9.09615518e-03
2.21143 9.07205605e-03
2.21908 9.05146658e-03
2.22676 9.03571790e-03
2.23447 9.02482244e-03
2.24220 9.01698673e-03
2.24997 9.00953582e-03
2.25775 9.00033199e-03
2.26557 8.98838454e-03
2.27341 8.97339422e-03
2.28128 8.95490813e-03
2.28918 8.93196872e-03
2.29710 8.90356782e-03
2.30505 8.86933305e-03
2.31303 8.82982238e-03
2.32104 8.78615734e-03
2.32908 8.73937010e-03
2.33714 8.69002306e-03
2.34523 8.63828758e-03
2.35335 8.58432974e-03
2.36149 8.52861130e-03
2.36967 8.47187490e-03
2.37787 8.41489017e-03
2.38610 8.35821860e-03
2.39436 8.30218639e-03
2.40265 8.24701910e-03
2.41097 8.19301597e-03
2.41931 8.14057750e-03
2.42769 8.09009795e-03
2.43609 8.04185913e-03
2.44452 7.99602086e-03
2.45298 7.95269268e-03
2.46148 7.91196811e-03
2.47000 7.87392027e-03
2.47855 7.83856574e-03
2.48713 7.80586366e-03
2.49574 7.77575217e-03
2.50438 7.74820700e-03
2.51304 7.72320625e-03
2.52174 7.70069930e-03
2.53047 7.68055176e-03
2.53923 7.66254815e-03
2.54802 7.64643924e-03
2.55684 7.63193346e-03
2.56569 7.61869516e-03
2.57457 7.60630697e-03
2.58349 7.59424467e-03
2.59243 7.58191242e-03
2.60140 7.56870994e-03
2.61041 7.55407599e-03
2.61944 7.53754498e-03
2.62851 7.51875757e-03
2.63761 7.49747191e-03
2.64674 7.47355126e-03
2.65590 7.44698674e-03
2.66510 7.41788521e-03
2.67432 7.38644083e-03
2.68358 7.35290877e-03
2.69287 7.31757673e-03
2.70219 7.28073775e-03
2.71154 7.24268577e-03
2.72093 7.20368096e-03
2.73035 7.16398144e-03
2.73980 7.12380566e-03
2.74928 7.08334778e-03
2.75880 7.04278217e-03
2.76835 7.00224645e-03
2.77793 6.96185932e-03
2.78755 6.92172350e-03
2.79720 6.88192541e-03
2.80688 6.84253965e-03
2.81660 6.80363370e-03
2.82635 6.76527092e-03
2.83613 6.72751079e-03
2.84595 6.69041341e-03
2.85580 6.65403945e-03
2.86569 6.61845078e-03
2.87561 6.58371488e-03
2.88556 6.54990162e-03
2.89555 6.51708617e-03
2.90557 6.48534490e-03
2.91563 6.45475567e-03
2.92572 6.42539632e-03
2.93585 6.39733789e-03
2.94601 6.37064816e-03
2.95621 6.34538190e-03
2.96644 6.32157846e-03
2.97671 6.29925681e-03
2.98702 6.27841101e-03
2.99736 6.25900584e-03
3.00773 6.24097263e-03
3.01814 6.22421104e-03
3.02859 6.20858194e-03
3.03907 6.19391662e-03
3.04960 6.18001587e-03
3.06015 6.16665680e-03
3.07074 6.15360202e-03
3.08137 6.14060643e-03
3.09204 6.12742910e-03
3.10274 6.11383915e-03
3.11348 6.09962582e-03
3.12426 6.08460323e-03
3.13508 6.06861538e-03
3.14593 6.05153855e-03
3.15682 6.03328009e-03
3.16775 6.01377694e-03
3.17871 5.99299656e-03
3.18972 5.97092917e-03
3.20076 5.94758720e-03
3.21184 5.92300144e-03
3.22295 5.89721777e-03
3.23411 5.87029272e-03
3.24531 5.84229438e-03
3.25654 5.81329762e-03
3.26781 5.78338298e-03
3.27912 5.75263746e-03
3.29047 5.72115105e-03
3.30187 5.68901729e-03
3.31330 5.65633238e-03
3.32476 5.62319577e-03
3.33627 5.58970781e-03
3.34782 5.55597121e-03
3.35941 5.52208927e-03
3.37104 5.48816708e-03
3.38271 5.45430823e-03
3.39442 5.42061899e-03
3.40617 5.38720178e-03
3.41796 5.35416018e-03
3.42979 5.32159426e-03
3.44166 5.28960140e-03
3.45358 5.25827631e-03
3.46553 5.22770839e-03
3.47753 5.19798289e-03
3.48957 5.16917883e-03
3.50164 5.14136815e-03
3.51377 5.11461597e-03
3.52593 5.08897911e-03
3.53814 5.06450494e-03
3.55038 5.04123194e-03
3.56267 5.01918675e-03
3.57500 4.99838565e-03
3.58738 4.97883366e-03
3.59980 4.96052192e-03
3.61226 4.94343029e-03
3.62476 4.92752473e-03
3.63731 4.91275877e-03
3.64990 4.89907084e-03
3.66254 4.88638902e-03
3.67521 4.87462775e-03
3.68794 4.86369026e-03
3.70070 4.85346908e-03
3.71351 4.84384849e-03
3.72637 4.83470505e-03
3.73927 4.82591059e-03
3.75221 4.81733310e-03
3.76520 4.80883968e-03
3.77823 4.80029860e-03
3.79131 4.79158170e-03
3.80443 4.78256583e-03
3.81760 4.77313557e-03
3.83082 4.76318464e-03
3.84408 4.75261596e-03
3.85739 4.74134487e-03
3.87074 4.72929797e-03
3.88414 4.71641546e-03
3.89758 4.70264938e-03
3.91107 4.68796482e-03
3.92461 4.67233869e-03
3.93820 4.65576062e-03
3.95183 4.63823061e-03
3.96551 4.61975932e-03
3.97924 4.60036688e-03
3.99301 4.58008200e-03
4.00683 4.55894109e-03
4.02070 4.53698736e-03
4.03462 4.51427084e-03
4.04859 4.49084570e-03
4.06260 4.46677083e-03
4.07667 4.44210782e-03
4.09078 4.41692266e-03
4.10494 4.39128166e-03
4.11915 4.36525349e-03
4.13341 4.33890682e-03
4.14771 4.31231211e-03
4.16207 4.28553802e-03
4.17648 4.25865264e-03
4.19094 4.23172463e-03
4.20545 4.20481882e-03
4.22000 4.17800004e-03
4.23461 4.15133014e-03
4.24927 4.12486893e-03
4.26398 4.09867382e-03
4.27874 4.07279898e-03
4.29355 4.04729562e-03
4.30841 4.02221287e-03
4.32332 3.99759544e-03
4.33829 3.97348535e-03
4.35331 3.94992079e-03
4.36838 3.92693698e-03
4.38350 3.90456471e-03
4.39867 3.88283210e-03
4.41390 3.86176282e-03
4.42918 3.84137670e-03
4.44451 3.82169093e-03
4.45990 3.80271703e-03
4.47533 3.78446419e-03
4.49083 3.76693685e-03
4.50637 3.75013618e-03
4.52197 3.73405865e-03
4.53762 3.71869684e-03
4.55333 3.70404099e-03
4.56909 3.69007482e-03
4.58491 3.67678117e-03
4.60078 3.66413694e-03
4.61670 3.65211608e-03
4.63269 3.64069018e-03
4.64872 3.62982580e-03
4.66481 3.61948682e-03
4.68096 3.60963564e-03
4.69717 3.60023024e-03
4.71343 3.59122651e-03
4.72974 3.58257917e-03
4.74611 3.57424055e-03
4.76254 3.56616153e-03
4.77903 3.55829296e-03
4.79557 3.55058364e-03
4.81217 3.54298354e-03
4.82883 3.53544206e-03
4.84555 3.52791034e-03
4.86232 3.52033954e-03
4.87915 3.51268321e-03
4.89604 3.50489693e-03
4.91299 3.49693749e-03
4.92999 3.48876582e-03
4.94706 3.48034521e-03
4.96418 3.47164133e-03
4.98137 3.46262546e-03
4.99861 3.45327009e-03
5.01591 3.48278395e-03
5.03328 3.51551415e-03
5.05070 3.54806823e-03
5.06818 3.58037811e-03
5.08573 3.61239821e-03
5.10333 3.64415546e-03
5.12100 3.67561611e-03
5.13873 3.70680208e-03
5.15651 3.73767458e-03
5.17436 3.76828750e-03
5.19228 3.79866864e-03
5.21025 3.82880085e-03
5.22828 3.85869270e-03
5.24638 3.88837529e-03
5.26454 3.91787938e-03
5.28277 3.94725176e-03
5.30105 3.97651846e-03
5.31940 4.00574580e-03
5.33782 4.03496189e-03
5.35629 4.06422474e-03
5.37484 4.09352075e-03
5.39344 4.12294878e-03
5.41211 4.15254611e-03
5.43084 4.18235834e-03
5.44965 4.21240530e-03
5.46851 4.24275685e-03
5.48744 4.27349970e-03
5.50643 4.30465370e-03
5.52550 4.33625970e-03
5.54462 4.36836445e-03
5.56381 4.40103574e-03
5.58308 4.43434551e-03
5.60240 4.46826178e-03
5.62179 4.50289911e-03
5.64125 4.53829006e-03
5.66078 4.57446510e-03
5.68038 4.61148316e-03
5.70004 4.64934097e-03
5.71977 4.68815841e-03
5.73957 4.72795354e-03
5.75944 4.76866212e-03
5.77938 4.81045081e-03
5.79938 4.85330480e-03
5.81946 4.89724215e-03
5.83960 4.94227855e-03
5.85982 4.98848030e-03
5.88010 5.03585866e-03
5.90045 5.08441716e-03
5.92088 5.13421916e-03
5.94137 5.18523861e-03
5.96194 5.23755454e-03
5.98258 5.29112728e-03
6.00329 5.34594056e-03
6.02407 5.40208110e-03
6.04492 5.45951073e-03
6.06585 5.51822854e-03
6.08684 5.57823781e-03
6.10791 5.63957286e-03
6.12906 5.70219018e-03
6.15027 5.76610723e-03
6.17156 5.83128584e-03
6.19293 5.89773251e-03
6.21436 5.96544725e-03
6.23588 6.03441170e-03
6.25746 6.10459803e-03
6.27912 6.17597133e-03
6.30086 6.24862305e-03
6.32267 6.32238595e-03
6.34455 6.39732782e-03
6.36652 6.47340249e-03
6.38856 6.55057206e-03
6.41067 6.62883594e-03
6.43286 6.70816601e-03
6.45513 6.78855014e-03
6.47747 6.86995813e-03
6.49990 6.95236482e-03
6.52240 7.03581640e-03
6.54497 7.12020541e-03
6.56763 7.20557595e-03
6.59037 7.29187919e-03
6.61318 7.37910122e-03
6.63607 7.46726570e-03
6.65904 7.55637177e-03
6.68209 7.64645522e-03
6.70522 7.73746723e-03
6.72843 7.82938707e-03
6.75172 7.92226329e-03
6.77510 8.01613051e-03
6.79855 8.11095470e-03
6.82208 8.20679506e-03
6.84570 8.30373654e-03
6.86939 8.40173060e-03
6.89317 8.50082400e-03
6.91704 8.60104013e-03
6.94098 8.70247903e-03
6.96500 8.80522803e-03
6.98911 8.90927055e-03
7.01331 9.01464744e-03
7.03759 9.12146703e-03
7.06195 9.22984003e-03
7.08639 9.33982002e-03
7.11092 9.45148217e-03
7.13554 9.56488510e-03
7.16024 9.68010517e-03
7.18502 9.79741293e-03
7.20990 9.91675954e-03
7.23485 1.00382927e-02
7.25990 1.01620648e-02
7.28503 1.02883893e-02
7.31025 1.04172582e-02
7.33555 1.05487850e-02
7.36094 1.06831876e-02
7.38642 1.08207163e-02
7.41199 1.09613838e-02
7.43765 1.11053532e-02
7.46340 1.12529225e-02
7.48923 1.14042987e-02
7.51516 1.15595320e-02
7.54117 1.17188715e-02
7.56727 1.18827758e-02
7.59347 1.20512277e-02
7.61975 1.22244433e-02
7.64613 1.24030411e-02
7.67260 1.25869998e-02
7.69916 1.27765582e-02
7.72581 1.29723974e-02
7.75255 1.31745595e-02
7.77939 1.33833026e-02
7.80632 1.35995098e-02
7.83334 1.38231023e-02
7.86046 1.40545329e-02
7.88767 1.42947724e-02
7.91497 1.45437439e-02
7.94237 1.48021756e-02
7.96986 1.50708874e-02
7.99745 1.53500094e-02
8.02513 1.56407199e-02
8.05291 1.59434569e-02
8.08079 1.62587620e-02
8.10876 1.65882337e-02
8.13683 1.69318897e-02
8.16500 1.72913669e-02
8.19326 1.76674704e-02
8.22162 1.80611326e-02
8.25008 1.84744582e-02
8.27864 1.89076808e-02
8.30730 1.93636954e-02
8.33605 1.98430349e-02
8.36491 2.03483098e-02
8.39386 2.08814177e-02
8.42292 2.14444334e-02
8.45208 2.20408142e-02
8.48133 2.26720815e-02
8.51069 2.33436818e-02
8.54016 2.40566126e-02
8.56972 2.48186617e-02
8.59938 2.56308354e-02
8.62915 2.65030467e-02
8.65902 2.74374388e-02
8.68899 2.84465028e-02
8.71907 2.95341400e-02
8.74925 3.07172875e-02
8.77954 3.20019038e-02
8.80993 3.34126043e-02
8.84043 3.49589024e-02
8.87103 3.66775435e-02
8.90174 3.85871017e-02
8.93255 4.07415998e-02
8.96347 4.31832387e-02
8.99450 4.59960527e-02
9.02563 4.92788200e-02
9.05688 5.31764888e-02
9.08823 5.79383770e-02
9.11969 6.38542774e-02
9.15126 7.16407616e-02
9.18294 8.21438835e-02
9.21472 9.74057856e-02
9.24662 1.21082284e-01
9.27863 1.58397610e-01
9.31075 2.15584425e-01
9.34298 2.98447837e-01
9.37532 4.05785559e-01
9.40777 4.78986794e-01
9.44034 4.64399065e-01
9.47302 3.71490111e-01
9.50581 2.55386980e-01
9.53871 1.93566829e-01
9.57173 1.77068710e-01
9.60487 1.81656109e-01
9.63811 2.05703445e-01
9.67148 2.59710175e-01
9.70495 3.13621946e-01
9.73855 3.58794621e-01
9.77226 4.23009382e-01
9.80609 4.89033434e-01
9.84003 5.31918192e-01
9.87409 5.55372353e-01
9.90827 5.69061806e-01
9.94257 5.76951538e-01
9.97699 5.81606226e-01
10.01153 5.83221765e-01
10.04618 6.21455848e-01
10.08096 7.67303573e-01
10.11585 9.61306413e-01
10.15087 1.11532886e+00
10.18601 1.02811426e+00
10.22127 9.14305194e-01
10.25665 9.28414834e-01
10.29215 9.01727148e-01
10.32778 9.28650035e-01
10.36353 9.88538827e-01
10.39941 9.37826183e-01
10.43540 7.90835336e-01
10.47153 9.12646322e-01
10.50777 9.45618472e-01
10.54415 9.12955523e-01
10.58065 1.03509424e+00
10.61727 8.40339175e-01
10.65403 6.35971510e-01
10.69091 6.21777215e-01
10.72791 6.68258746e-01
10.76505 7.16490644e-01
10.80231 7.82886226e-01
10.83971 8.20568240e-01
10.87723 8.69942609e-01
10.91488 9.39007993e-01
10.95266 9.58825370e-01
10.99058 9.37264464e-01
11.02862 8.95651245e-01
11.06680 8.45759527e-01
11.10511 7.99662056e-01
11.14355 7.50013266e-01
11.18212 6.72677938e-01
11.22083 5.95770034e-01
11.25967 5.29066611e-01
11.29865 4.62888559e-01
11.33776 4.10027873e-01
11.37701 3.86677646e-01
11.41639 4.14219943e-01
11.45591 5.55254738e-01
11.49556 7.64383592e-01
11.53536 7.41320989e-01
11.57529 7.60175360e-01
11.61536 1.00629098e+00
11.65556 9.01350014e-01
11.69591 1.18988306e+00
11.73640 1.10763206e+00
11.77702 9.23397130e-01
11.81779 9.58584397e-01
11.85870 1.11873301e+00
11.89975 1.16751277e+00
11.94094 1.07696119e+00
11.98227 1.03142523e+00
12.02375 9.79466930e-01
12.06537 8.86362173e-01
12.10714 8.15591707e-01
12.14905 7.52463530e-01
12.19110 6.62772150e-01
12.23330 5.45327202e-01
12.27565 4.31337111e-01
12.31814 3.40698972e-01
12.36078 2.74104054e-01
12.40357 2.25841310e-01
12.44651 1.90337360e-01
12.48959 1.63666253e-01
12.53283 1.43182934e-01
12.57621 1.27122931e-01
12.61974 1.14296573e-01
12.66343 1.03905274e-01
12.70726 9.53498554e-02
12.75125 8.82197630e-02
12.79539 8.22158382e-02
12.83968 7.71153497e-02
12.88413 7.27588365e-02
12.92873 6.90060952e-02
12.97348 6.57560803e-02
13.01839 6.29296651e-02
13.06345 6.04683837e-02
13.10867 5.83181183e-02
13.15405 5.64356086e-02
13.19959 5.47873415e-02
13.24528 5.33503888e-02
13.29113 5.20969620e-02
13.33713 5.10077530e-02
13.38330 5.00693531e-02
13.42963 4.92679834e-02
13.47612 4.85904779e-02
13.52277 4.80293714e-02
13.56958 4.75776074e-02
13.61655 4.72264892e-02
13.66368 4.69729918e-02
13.71098 4.68129121e-02
13.75844 4.67412742e-02
13.80607 4.67590164e-02
13.85386 4.68624891e-02
13.90182 4.70512158e-02
13.94994 4.73276827e-02
13.99823 4.76897854e-02
14.04668 4.81427335e-02
14.09531 4.86868141e-02
14.14410 4.93268282e-02
14.19306 5.00678790e-02
14.24219 5.09143858e-02
14.29149 5.18762644e-02
14.34096 5.29586358e-02
14.39060 5.41767290e-02
14.44042 5.55378199e-02
14.49041 5.70634454e-02
14.54057 5.87653566e-02
14.59090 6.06732364e-02
14.64141 6.28071093e-02
14.69209 6.52082642e-02
14.74295 6.79118661e-02
14.79398 7.09769875e-02
14.84519 7.44676208e-02
14.89658 7.84728057e-02
14.94814 8.31144320e-02
14.99989 8.85379305e-02
15.05181 9.49909910e-02
15.10392 1.02762036e-01
15.15620 1.12334267e-01
15.20866 1.24429985e-01
15.26131 1.40122780e-01
15.31414 1.61299227e-01
15.36715 1.90683064e-01
15.42034 2.31876928e-01
15.47372 2.86826919e-01
15.52729 3.46016801e-01
15.58103 3.84610501e-01
15.63497 3.86500117e-01
15.68909 3.66661676e-01
15.74340 3.50824558e-01
15.79790 3.53864626e-01
15.85258 3.79366189e-01
15.90746 4.27186336e-01
15.96252 4.95438477e-01
16.01778 5.78567514e-01
16.07323 6.70199142e-01
16.12886 7.66392304e-01
16.18470 8.61212130e-01
16.24072 9.43350920e-01
16.29694 9.98688140e-01
16.35335 1.01642465e+00
16.40996 9.96350030e-01
16.46677 9.50954189e-01
16.52377 8.98917273e-01
16.58097 8.51884211e-01
16.63836 8.00629502e-01
16.69596 7.23631526e-01
16.75375 6.23141775e-01
16.81175 5.25722196e-01
16.86994 4.48584270e-01
16.92834 3.93282768e-01
16.98694 3.55758167e-01
17.04574 3.31977616e-01
17.10474 3.19301120e-01
17.16395 3.16561226e-01
17.22337 3.24079833e-01
17.28299 3.44027628e-01
17.34281 3.81351334e-01
17.40285 4.45072882e-01
17.46309 5.46401437e-01
17.52354 6.80532002e-01
17.58420 8.00778065e-01
17.64507 8.51750508e-01
17.70615 8.19817880e-01
17.76744 7.36090698e-01
17.82894 6.48601594e-01
17.89066 5.89334609e-01
17.95259 5.66513808e-01
18.01473 5.77181737e-01
18.07709 6.18209320e-01
18.13967 6.90138741e-01
18.20246 7.95769656e-01
18.26547 9.33264794e-01
18.32870 1.08747875e+00
18.39214 1.23490934e+00
18.45581 1.37017542e+00
18.51969 1.50787106e+00
18.58380 1.65509495e+00
18.64813 1.80419637e+00
18.71268 1.94243932e+00
18.77746 2.05920836e+00
18.84246 2.14957716e+00
18.90768 2.21717794e+00
18.97313 2.27156794e+00
19.03881 2.31719042e+00
19.10472 2.35227648e+00
19.17085 2.37920508e+00
19.23721 2.40096019e+00
19.30380 2.41476030e+00
19.37062 2.41611924e+00
19.43768 2.40573290e+00
19.50496 2.39090862e+00
19.57248 2.38186168e+00
19.64023 2.38176282e+00
19.70822 2.32879066e+00
19.77644 2.13680831e+00
19.84490 1.89710307e+00
19.91359 1.72671535e+00
19.98252 1.61992225e+00
20.05169 1.51192058e+00
20.12110 1.35955106e+00
20.19076 1.19120834e+00
20.26065 1.05017476e+00
20.33078 9.54988914e-01
20.40116 9.06291379e-01
20.47178 9.05039802e-01
20.54264 9.48154126e-01
20.61375 1.02191753e+00
20.68511 1.11120490e+00
20.75671 1.21520065e+00
20.82856 1.29739378e+00
20.90066 1.31249653e+00
20.97301 1.28331439e+00
21.04561 1.25830257e+00
21.11846 1.24439383e+00
21.19157 1.26136200e+00
21.26492 1.32665039e+00
21.33853 1.42530349e+00
21.41240 1.52657800e+00
21.48652 1.59870008e+00
21.56090 1.63071314e+00
21.63553 1.63203785e+00
21.71043 1.61078955e+00
21.78558 1.57532837e+00
21.86099 1.54304779e+00
21.93666 1.53433006e+00
22.01260 1.54680335e+00
22.08880 1.56672918e+00
22.16526 1.61618279e+00
22.24199 1.71380922e+00
22.31898 1.85170378e+00
22.39624 2.01609359e+00
22.47377 2.18482336e+00
22.55156 2.32816195e+00
22.62962 2.42977520e+00
22.70796 2.49218118e+00
22.78656 2.53861736e+00
22.86544 2.58953114e+00
22.94459 2.64724551e+00
23.02402 2.70071584e+00
23.10372 2.72854250e+00
23.18369 2.71479390e+00
23.26394 2.65779436e+00
23.34447 2.56145909e+00
23.42528 2.43026804e+00
23.50637 2.27029247e+00
23.58774 2.09194211e+00
23.66939 1.89832585e+00
23.75133 1.68709107e+00
23.83354 1.47843481e+00
23.91604 1.31847511e+00
23.99883 1.23694357e+00
24.08191 1.19646426e+00
24.16527 1.14967679e+00
24.24892 1.14139432e+00
24.33286 1.15010649e+00
24.41709 1.17886931e+00
24.50161 1.29606332e+00
24.58642 1.54810099e+00
24.67153 1.87755920e+00
24.75693 2.13444783e+00
24.84263 2.12778904e+00
24.92863 1.85627017e+00
25.01492 1.55814134e+00
25.10151 1.37940721e+00
25.18840 1.33980703e+00
25.27559 1.31683198e+00
25.36309 1.19584444e+00
25.45088 1.04250262e+00
25.53898 8.61419318e-01
25.62739 7.26563938e-01
25.71610 6.87808777e-01
25.80512 7.39209236e-01
25.89444 8.32089034e-01
25.98408 8.44935670e-01
26.07403 7.43081538e-01
26.16428 6.29724845e-01
26.25485 5.71161600e-01
26.34574 5.73421086e-01
26.43694 6.31154821e-01
26.52845 7.51990457e-01
26.62028 9.53453118e-01
26.71243 1.20705736e+00
26.80489 1.36424433e+00
26.89768 1.34666709e+00
26.99079 1.30842729e+00
27.08422 1.32430145e+00
27.17798 1.34414767e+00
27.27205 1.33918646e+00
27.36646 1.30661377e+00
27.46119 1.24921777e+00
27.55625 1.17162383e+00
27.65164 1.07570069e+00
27.74736 9.59409393e-01
27.84341 8.24279973e-01
27.93979 6.82775338e-01
28.03650 5.55039640e-01
28.13355 4.54802277e-01
28.23094 3.83730913e-01
28.32867 3.37721511e-01
28.42673 3.13019310e-01
28.52513 3.08770408e-01
28.62387 3.27576502e-01
28.72295 3.74521995e-01
28.82238 4.56065845e-01
28.92215 5.60485066e-01
29.02227 6.03389145e-01
29.12273 5.13708388e-01
29.22354 3.80670332e-01
29.32470 2.81824302e-01
29.42621 2.19824406e-01
29.52807 1.81200319e-01
29.63029 1.56312802e-01
29.73286 1.39710943e-01
29.83578 1.28386993e-01
29.93906 1.20646365e-01
30.04269 1.15520035e-01
30.14669 1.12448512e-01
30.25104 1.11143323e-01
30.35576 1.11521599e-01
30.46084 1.13702900e-01
30.56628 1.18088359e-01
30.67209 1.25532594e-01
30.77826 1.37923450e-01
30.88481 1.59826295e-01
30.99172 2.03350579e-01
31.09900 2.98647217e-01
31.20665 4.21634654e-01
31.31467 3.78578583e-01
31.42307 2.90019616e-01
31.53184 2.64994178e-01
31.64099 2.90522964e-01
31.75052 3.46656789e-01
31.86043 3.91564902e-01
31.97072 4.54198505e-01
32.08139 5.91330637e-01
32.19244 8.28341857e-01
32.30388 1.12529928e+00
32.41570 1.38787428e+00
32.52791 1.61605895e+00
32.64051 1.82215336e+00
32.75349 1.96567991e+00
32.86687 2.05751820e+00
32.98064 2.14439976e+00
33.09481 2.17521860e+00
33.20937 2.10793715e+00
33.32433 1.95464414e+00
33.43968 1.74168916e+00
33.55544 1.53830223e+00
33.67159 1.34163421e+00
33.78815 1.06039582e+00
33.90511 8.03630232e-01
34.02247 6.69832549e-01
34.14024 5.71337306e-01
34.25842 4.97269196e-01
34.37701 5.10254124e-01
34.49601 6.34372992e-01
34.61542 8.25229589e-01
34.73525 7.97900530e-01
34.85549 7.08132018e-01
34.97614 6.60364853e-01
35.09721 5.33545760e-01
35.21871 3.81213975e-01
35.34062 2.74038937e-01
35.46295 2.10280750e-01
35.58571 1.74797197e-01
35.70889 1.59595625e-01
35.83250 1.65769653e-01
35.95654 2.07814614e-01
36.08101 2.99287702e-01
36.20590 3.42558639e-01
36.33123 2.93661067e-01
36.45700 2.01055514e-01
36.58320 1.26697442e-01
36.70983 8.91817009e-02
36.83691 6.94801481e-02
36.96442 5.77174929e-02
37.09238 4.98940471e-02
37.22077 4.42618094e-02
37.34962 3.99734591e-02
37.47890 3.65631691e-02
37.60864 3.37670939e-02
37.73883 3.14162471e-02
37.86946 2.94034974e-02
38.00055 2.76527877e-02
38.13209 2.61122498e-02
38.26409 2.47421901e-02
38.39654 2.35136924e-02
38.52946 2.24042104e-02
38.66283 2.13958331e-02
38.79667 2.04745923e-02
38.93096 1.96289529e-02
39.06573 1.88493866e-02
39.20096 1.81280730e-02
39.33665 1.74585062e-02
39.47282 1.68350237e-02
39.60946 1.62528390e-02
39.74657 1.57078557e-02
39.88416 1.51965157e-02
40.02222 1.47157199e-02
40.16076 1.42627452e-02
40.29978 1.38352058e-02
40.43928 1.34309822e-02
40.57926 1.30481888e-02
40.71973 1.26851496e-02
40.86069 1.23403634e-02
41.00213 1.20124896e-02
41.14406 1.17003055e-02
41.28648 1.14027263e-02
41.42940 1.11187466e-02
41.57281 1.08474774e-02
41.71672 1.05880991e-02
41.86113 1.03398628e-02
42.00603 1.01021067e-02
42.15144 9.87419710e-03
42.29735 9.65555493e-03
42.44377 9.44568027e-03
42.59069 9.24408799e-03
42.73812 9.05032935e-03
42.88606 8.86402251e-03
43.03451 8.68478445e-03
43.18348 8.51227950e-03
43.33297 8.34620958e-03
43.48297 8.18628108e-03
43.63349 8.03224505e-03
43.78453 7.88386410e-03
43.93609 7.74093842e-03
44.08818 7.60327859e-03
44.24079 7.47071943e-03
44.39394 7.34313840e-03
44.54761 7.22040259e-03
44.70182 7.10243120e-03
44.85655 6.98916917e-03
45.01183 6.88057417e-03
45.16764 6.77665242e-03
45.32399 6.67743973e-03
45.48089 6.58302106e-03
45.63832 6.49353434e-03
45.79630 6.40917108e-03
45.95483 6.33020864e-03
46.11391 6.25701406e-03
46.27353 6.19007750e-03
46.43371 6.13004722e-03
46.59445 6.07776889e-03
46.75574 6.03436286e-03
46.91759 6.00131090e-03
47.08000 5.98059209e-03
47.24297 5.97491718e-03
47.40650 5.98795035e-03
47.57060 6.02482455e-03
47.73527 6.09286785e-03
47.90051 6.20278301e-03
48.06633 6.37084174e-03
48.23271 6.62195542e-03
48.39967 6.99656266e-03
48.56721 7.56391237e-03
48.73533 8.44644022e-03
48.90403 9.87917523e-03
49.07332 1.23426426e-02
49.24319 1.68757047e-02
49.41365 2.56307158e-02
49.58470 4.04119402e-02
49.75634 4.87717169e-02
49.92858 3.60680351e-02
50.10141 2.24444587e-02
50.27484 1.49165882e-02
50.44887 1.09553143e-02
50.62350 8.72073335e-03
50.79874 7.35703146e-03
50.97458 6.46558986e-03
51.15104 5.84813238e-03
51.32810 5.39953373e-03
51.50578 5.06026474e-03
51.68407 4.79477731e-03
51.86298 4.58086966e-03
52.04250 4.40412894e-03
52.22265 4.25488515e-03
52.40343 4.12646022e-03
52.58482 4.01412882e-03
52.76685 3.91446798e-03
52.94951 3.82495255e-03
53.13280 3.74368605e-03
53.31672 3.66922103e-03
53.50128 3.60044277e-03
53.68648 3.53647421e-03
53.87232 3.47661472e-03
54.05880 3.42030457e-03
54.24593 3.36710034e-03
54.43371 3.31662465e-03
54.62214 3.26858000e-03
54.81122 3.22271214e-03
55.00095 3.17880971e-03
55.19134 3.13670105e-03
55.38239 3.09622986e-03
55.57410 3.05727626e-03
55.76647 3.01972747e-03
55.95951 2.98349382e-03
56.15322 2.94849714e-03
56.34760 2.91466938e-03
56.54265 2.88195161e-03
56.73838 2.85029441e-03
56.93479 2.81965841e-03
57.13187 2.79000750e-03
57.32964 2.76131000e-03
57.52809 2.73354431e-03
57.72723 2.70669060e-03
57.92705 2.68073584e-03
58.12757 2.65566790e-03
58.32879 2.63148262e-03
58.53070 2.60818002e-03
58.73331 2.58576128e-03
58.93662 2.56423438e-03
59.14063 2.54360970e-03
59.34535 2.52390675e-03
59.55078 2.50514657e-03
59.75692 2.48735490e-03
59.96377 2.47056666e-03
60.17134 2.45482154e-03
60.37963 2.44016510e-03
60.58864 2.42665447e-03
60.79837 2.41435597e-03
61.00883 2.40334299e-03
61.22002 2.39370286e-03
61.43194 2.38554362e-03
61.64459 2.37897716e-03
61.85797 2.37414644e-03
62.07210 2.37121219e-03
62.28697 2.37036149e-03
62.50258 2.37181544e-03
62.71894 2.37583482e-03
62.93605 2.38272482e-03
63.15390 2.39284890e-03
63.37252 2.40663718e-03
63.59189 2.42460763e-03
63.81201 2.44738128e-03
64.03290 2.47571499e-03
64.25456 2.51052696e-03
64.47698 2.55294968e-03
64.70017 2.60439241e-03
64.92414 2.66662463e-03
65.14888 2.74186339e-03
65.37440 2.83295917e-03
65.60070 2.94360367e-03
65.82778 3.07868061e-03
66.05565 3.24462235e-03
66.28430 3.45023135e-03
66.51375 3.70764982e-03
66.74400 4.03401202e-03
66.97504 4.45416597e-03
67.20688 5.00506607e-03
67.43952 5.74337887e-03
67.67297 6.75982570e-03
67.90722 8.20439569e-03
68.14229 1.03384956e-02
68.37817 1.36408273e-02
68.61486 1.90265517e-02
68.85238 2.82516197e-02
69.09072 4.41149342e-02
69.32988 6.65160041e-02
69.56987 7.81205704e-02
69.81069 6.25829799e-02
70.05235 4.06983830e-02
70.29484 2.60729421e-02
70.53817 1.76191721e-02
70.78235 1.26519079e-02
71.02737 9.57713180e-03
71.27323 7.56946799e-03
71.51995 6.19582079e-03
71.76752 5.21825770e-03
72.01595 4.49872818e-03
72.26524 3.95403223e-03
72.51539 3.53158103e-03
72.76641 3.19703502e-03
73.01830 2.92721711e-03
73.27106 2.70611814e-03
73.52469 2.52231427e-03
73.77920 2.36756488e-03
74.03460 2.23578746e-03
74.29087 2.12238719e-03
74.54804 2.02387573e-03
74.80609 1.93755443e-03
75.06504 1.86131253e-03
75.32488 1.79347643e-03
75.58563 1.73270970e-03
75.84727 1.67793283e-03
76.10982 1.62826788e-03
76.37328 1.58299054e-03
76.63766 1.54150495e-03
76.90295 1.50331592e-03
77.16915 1.46800549e-03
77.43628 1.43522112e-03
77.70433 1.40466682e-03
77.97331 1.37608742e-03
78.24322 1.34926509e-03
78.51407 1.32401333e-03
78.78585 1.30017142e-03
79.05857 1.27759396e-03
79.33224 1.25616382e-03
79.60686 1.23576963e-03
79.88242 1.21631983e-03
80.15894 1.19772818e-03
80.43642 1.17992512e-03
80.71486 1.16284225e-03
80.99426 1.14642277e-03
81.27463 1.13061474e-03
81.55596 1.11537311e-03
81.83828 1.10065389e-03
82.12157 1.08642135e-03
82.40584 1.07264228e-03
82.69109 1.05928502e-03
82.97733 1.04632300e-03
83.26457 1.03373033e-03
83.55279 1.02148446e-03
83.84202 1.00956513e-03
84.13225 9.97952930e-04
84.42348 9.86631314e-04
84.71572 9.75582966e-04
85.00897 9.64793974e-04
85.30323 9.54252318e-04
85.59852 9.43942875e-04
85.89482 9.33855876e-04
86.19215 9.23980546e-04
86.49052 9.14307118e-04
86.78991 9.04826298e-04
87.09034 8.95529352e-04
87.39181 8.86409207e-04
87.69432 8.77457871e-04
87.99789 8.68668802e-04
88.30250 8.60035489e-04
88.60816 8.51552129e-04
88.91489 8.43212714e-04
89.22267 8.35013247e-04
89.53153 8.26946448e-04
89.84145 8.19009859e-04
90.15244 8.11198271e-04
90.46451 8.03506830e-04
90.77766 7.95933670e-04
91.09190 7.88472782e-04
91.40722 7.81122244e-04
91.72363 7.73878414e-04
92.04114 7.66737206e-04
92.35975 7.59697853e-04
92.67946 7.52755143e-04
93.00028 7.45907953e-04
93.32221 7.39152730e-04
93.64525 7.32487786e-04
93.96941 7.25910785e-04
94.29469 7.19419090e-04
94.62110 7.13010631e-04
94.94864 7.06684430e-04
95.27731 7.00436729e-04
95.60712 6.94267852e-04
95.93807 6.88174426e-04
96.27017 6.82154644e-04
96.60342 6.76207738e-04
96.93782 6.70331664e-04
97.27338 6.64525210e-04
97.61010 6.58787102e-04
97.94798 6.53115623e-04
98.28704 6.47509176e-04
98.62727 6.41966724e-04
98.96867 6.36487468e-04
99.31126 6.31069780e-04
99.65504 6.25712328e-04
100.00000 6.20414165e-04
