        2000  5.000000 3.330000
0.10000 2.07235646e-01
0.10035 2.06824798e-01
0.10069 2.06166723e-01
0.10104 2.05775581e-01
0.10139 2.04899769e-01
0.10174 2.04202245e-01
0.10210 2.03781370e-01
0.10245 2.02992205e-01
0.10280 2.02376051e-01
0.10316 2.02095828e-01
0.10352 2.01379360e-01
0.10387 2.00898767e-01
0.10423 2.00389255e-01
0.10459 1.99819092e-01
0.10496 1.99275170e-01
0.10532 1.98561632e-01
0.10568 1.97835552e-01
0.10605 1.97317966e-01
0.10642 1.96621515e-01
0.10679 1.95780246e-01
0.10716 1.95625068e-01
0.10753 1.94893201e-01
0.10790 1.94425987e-01
0.10827 1.94013644e-01
0.10865 1.93351677e-01
0.10902 1.92971273e-01
0.10940 1.92450142e-01
0.10978 1.91760573e-01
0.11016 1.90895121e-01
0.11054 1.90526187e-01
0.11092 1.89912801e-01
0.11131 1.89576404e-01
0.11169 1.89012754e-01
0.11208 1.88822485e-01
0.11247 1.87804630e-01
0.11286 1.87138992e-01
0.11325 1.86662136e-01
0.11364 1.86042512e-01
0.11403 1.85637214e-01
0.11443 1.85278455e-01
0.11482 1.84220351e-01
0.11522 1.83749578e-01
0.11562 1.83476377e-01
0.11602 1.82715450e-01
0.11642 1.82371379e-01
0.11682 1.81907422e-01
0.11723 1.80958224e-01
0.11763 1.80814590e-01
0.11804 1.80370516e-01
0.11845 1.79787840e-01
0.11886 1.79233017e-01
0.11927 1.78620778e-01
0.11968 1.78506574e-01
0.12010 1.77740630e-01
0.12051 1.77010886e-01
0.12093 1.76673061e-01
0.12135 1.75924255e-01
0.12177 1.75545279e-01
0.12219 1.75569410e-01
0.12262 1.74094635e-01
0.12304 1.74238254e-01
0.12347 1.73224728e-01
0.12389 1.73303849e-01
0.12432 1.72517806e-01
0.12475 1.72066191e-01
0.12518 1.71542338e-01
0.12562 1.70923084e-01
0.12605 1.70452902e-01
0.12649 1.69675103e-01
0.12693 1.69502913e-01
0.12737 1.68808511e-01
0.12781 1.68623837e-01
0.12825 1.67528400e-01
0.12869 1.67483519e-01
0.12914 1.66870081e-01
0.12959 1.66284571e-01
0.13003 1.65894362e-01
0.13048 1.66057199e-01
0.13094 1.65401174e-01
0.13139 1.64523704e-01
0.13184 1.64164486e-01
0.13230 1.63755917e-01
0.13276 1.62956525e-01
0.13322 1.62634913e-01
0.13368 1.62567292e-01
0.13414 1.61975078e-01
0.13461 1.61038548e-01
0.13507 1.60620522e-01
0.13554 1.60569684e-01
0.13601 1.59987741e-01
0.13648 1.58818571e-01
0.13695 1.58799064e-01
0.13743 1.58298987e-01
0.13790 1.57795861e-01
0.13838 1.57265288e-01
0.13886 1.56737461e-01
0.13934 1.56397823e-01
0.13982 1.56251392e-01
0.14031 1.55802641e-01
0.14079 1.55031347e-01
0.14128 1.54672639e-01
0.14177 1.54362335e-01
0.14226 1.53690126e-01
0.14275 1.53484998e-01
0.14324 1.52771513e-01
0.14374 1.52155744e-01
0.14424 1.51917079e-01
0.14474 1.51467958e-01
0.14524 1.51289270e-01
0.14574 1.50659057e-01
0.14625 1.50100638e-01
0.14675 1.49267065e-01
0.14726 1.49325510e-01
0.14777 1.48539712e-01
0.14828 1.48200947e-01
0.14879 1.48036859e-01
0.14931 1.47392001e-01
0.14983 1.47114627e-01
0.15034 1.46867785e-01
0.15087 1.45873107e-01
0.15139 1.45784869e-01
0.15191 1.45764009e-01
0.15244 1.44759244e-01
0.15297 1.44413938e-01
0.15349 1.43836220e-01
0.15403 1.43802631e-01
0.15456 1.44184590e-01
0.15509 1.42804948e-01
0.15563 1.42432788e-01
0.15617 1.42358418e-01
0.15671 1.41495178e-01
0.15725 1.41624042e-01
0.15780 1.40946779e-01
0.15834 1.40160551e-01
0.15889 1.39461954e-01
0.15944 1.39428306e-01
0.15999 1.38909870e-01
0.16055 1.38288277e-01
0.16110 1.38046097e-01
0.16166 1.38077703e-01
0.16222 1.37114548e-01
0.16278 1.36927824e-01
0.16335 1.36830951e-01
0.16391 1.36481915e-01
0.16448 1.35613044e-01
0.16505 1.35453744e-01
0.16562 1.35519870e-01
0.16619 1.34100321e-01
0.16677 1.33904539e-01
0.16734 1.33533289e-01
0.16792 1.33482843e-01
0.16851 1.33734088e-01
0.16909 1.32479640e-01
0.16967 1.32554461e-01
0.17026 1.32137012e-01
0.17085 1.32239103e-01
0.17144 1.31521088e-01
0.17204 1.30763957e-01
0.17263 1.30382361e-01
0.17323 1.30133869e-01
0.17383 1.29842923e-01
0.17443 1.28696005e-01
0.17503 1.28454632e-01
0.17564 1.28279755e-01
0.17625 1.27923837e-01
0.17686 1.27750810e-01
0.17747 1.26846168e-01
0.17808 1.26620727e-01
0.17870 1.26166840e-01
0.17932 1.25704969e-01
0.17994 1.25475214e-01
0.18056 1.26067251e-01
0.18119 1.24897008e-01
0.18182 1.24587110e-01
0.18244 1.24436816e-01
0.18308 1.24078138e-01
0.18371 1.23460105e-01
0.18435 1.23737176e-01
0.18498 1.23180474e-01
0.18562 1.23283734e-01
0.18627 1.22297247e-01
0.18691 1.21753110e-01
0.18756 1.21796230e-01
0.18821 1.20949263e-01
0.18886 1.20350470e-01
0.18951 1.20142086e-01
0.19017 1.19888554e-01
0.19083 1.19360764e-01
0.19149 1.19312287e-01
0.19215 1.18608821e-01
0.19282 1.19153135e-01
0.19348 1.17700004e-01
0.19415 1.17591654e-01
0.19483 1.16993904e-01
0.19550 1.17028321e-01
0.19618 1.16210096e-01
0.19686 1.16503698e-01
0.19754 1.15689321e-01
0.19822 1.15265671e-01
0.19891 1.15346938e-01
0.19960 1.15110404e-01
0.20029 1.14715029e-01
0.20098 1.14763085e-01
0.20168 1.14451064e-01
0.20237 1.13677845e-01
0.20307 1.13407250e-01
0.20378 1.13619141e-01
0.20448 1.12627090e-01
0.20519 1.12666635e-01
0.20590 1.11967668e-01
0.20661 1.12296680e-01
0.20733 1.11447256e-01
0.20805 1.10968861e-01
0.20877 1.10649514e-01
0.20949 1.10472898e-01
0.21021 1.09903364e-01
0.21094 1.09539995e-01
0.21167 1.09171948e-01
0.21240 1.09114450e-01
0.21314 1.08933765e-01
0.21388 1.07996666e-01
0.21462 1.07729933e-01
0.21536 1.07550993e-01
0.21611 1.07646261e-01
0.21685 1.07205450e-01
0.21760 1.07427842e-01
0.21836 1.06315371e-01
0.21911 1.05932014e-01
0.21987 1.06244131e-01
0.22063 1.05463135e-01
0.22140 1.05698004e-01
0.22216 1.05254285e-01
0.22293 1.04677033e-01
0.22370 1.04657245e-01
0.22448 1.04078691e-01
0.22526 1.04122773e-01
0.22604 1.03402413e-01
0.22682 1.03204011e-01
0.22760 1.03387043e-01
0.22839 1.02529612e-01
0.22918 1.01894374e-01
0.22998 1.01960419e-01
0.23077 1.01856819e-01
0.23157 1.00999721e-01
0.23237 1.01342734e-01
0.23318 1.01070858e-01
0.23398 1.00724242e-01
0.23479 1.00299866e-01
0.23561 9.97379844e-02
0.23642 1.00242664e-01
0.23724 9.95382806e-02
0.23806 9.87568554e-02
0.23889 9.90034678e-02
0.23971 9.82043344e-02
0.24054 9.78621658e-02
0.24137 9.77731808e-02
0.24221 9.77136700e-02
0.24305 9.73230980e-02
0.24389 9.64816292e-02
0.24473 9.66914414e-02
0.24558 9.64495354e-02
0.24643 9.62004810e-02
0.24728 9.61901506e-02
0.24814 9.57471052e-02
0.24900 9.52021322e-02
0.24986 9.56269440e-02
0.25073 9.53157888e-02
0.25159 9.46249544e-02
0.25246 9.35432002e-02
0.25334 9.30622446e-02
0.25422 9.32705990e-02
0.25510 9.39294210e-02
0.25598 9.29633806e-02
0.25687 9.27808448e-02
0.25775 9.24785622e-02
0.25865 9.25776482e-02
0.25954 9.20506128e-02
0.26044 9.16787554e-02
0.26134 9.14927490e-02
0.26225 9.07144984e-02
0.26315 9.11309630e-02
0.26406 9.09827410e-02
0.26498 9.03004314e-02
0.26590 9.05701170e-02
0.26682 9.01742022e-02
0.26774 8.95481474e-02
0.26867 9.00130820e-02
0.26960 8.95191172e-02
0.27053 8.83671592e-02
0.27147 8.80707078e-02
0.27241 8.95433078e-02
0.27335 8.84858774e-02
0.27430 8.73840100e-02
0.27525 8.78786630e-02
0.27620 8.83502058e-02
0.27715 8.67215546e-02
0.27811 8.70626724e-02
0.27908 8.76417002e-02
0.28004 8.62544814e-02
0.28101 8.58742176e-02
0.28198 8.57701070e-02
0.28296 8.61672798e-02
0.28394 8.52020534e-02
0.28492 8.47110856e-02
0.28591 8.48852298e-02
0.28690 8.46637552e-02
0.28789 8.43995826e-02
0.28889 8.46798206e-02
0.28989 8.44320538e-02
0.29089 8.38147162e-02
0.29190 8.37517644e-02
0.29291 8.29300314e-02
0.29392 8.27862642e-02
0.29494 8.34736502e-02
0.29596 8.19995702e-02
0.29699 8.15836532e-02
0.29801 8.30473066e-02
0.29905 8.07799318e-02
0.30008 8.12501870e-02
0.30112 8.19354196e-02
0.30216 8.00855232e-02
0.30321 8.11835352e-02
0.30426 8.08127878e-02
0.30531 8.00012816e-02
0.30637 8.03315510e-02
0.30743 7.93984702e-02
0.30849 7.89986112e-02
0.30956 7.99568668e-02
0.31063 7.92074170e-02
0.31171 7.87647342e-02
0.31279 7.86975496e-02
0.31387 7.93589320e-02
0.31496 7.78783474e-02
0.31605 7.76843416e-02
0.31714 7.76892034e-02
0.31824 7.79887480e-02
0.31934 7.72508126e-02
0.32044 7.66777862e-02
0.32155 7.78695266e-02
0.32267 7.56380640e-02
0.32378 7.66650582e-02
0.32490 7.55891722e-02
0.32603 7.61057292e-02
0.32716 7.63848202e-02
0.32829 7.55988884e-02
0.32943 7.56981224e-02
0.33057 7.48893394e-02
0.33171 7.40150072e-02
0.33286 7.62834032e-02
0.33401 7.40549524e-02
0.33517 7.44405590e-02
0.33633 7.40310282e-02
0.33749 7.40673030e-02
0.33866 7.42101304e-02
0.33983 7.33445598e-02
0.34101 7.32885122e-02
0.34219 7.34216826e-02
0.34337 7.21507474e-02
0.34456 7.23911734e-02
0.34576 7.17980116e-02
0.34695 7.35427392e-02
0.34815 7.15357334e-02
0.34936 7.25020476e-02
0.35057 7.11884588e-02
0.35178 7.18624360e-02
0.35300 7.17845806e-02
0.35422 7.06759496e-02
0.35545 7.06508488e-02
0.35668 7.23285842e-02
0.35791 7.05134456e-02
0.35915 7.04012024e-02
0.36039 7.09530944e-02
0.36164 6.99449480e-02
0.36289 6.94937256e-02
0.36415 6.86355254e-02
0.36541 7.03042254e-02
0.36668 6.92924678e-02
0.36795 6.86829890e-02
0.36922 6.78724892e-02
0.37050 6.84247290e-02
0.37178 6.82580366e-02
0.37307 6.84318404e-02
0.37436 6.71488210e-02
0.37565 6.74781210e-02
0.37695 6.85841916e-02
0.37826 6.72859874e-02
0.37957 6.64012878e-02
0.38088 6.73497754e-02
0.38220 6.65049322e-02
0.38352 6.58484486e-02
0.38485 6.67719390e-02
0.38618 6.57616466e-02
0.38752 6.56824962e-02
0.38886 6.62337962e-02
0.39021 6.57852230e-02
0.39156 6.47652218e-02
0.39291 6.48859898e-02
0.39427 6.48040866e-02
0.39564 6.55580800e-02
0.39701 6.46110206e-02
0.39838 6.36503230e-02
0.39976 6.43839294e-02
0.40115 6.41222432e-02
0.40253 6.43169076e-02
0.40393 6.36372250e-02
0.40533 6.26648280e-02
0.40673 6.35456944e-02
0.40814 6.44154830e-02
0.40955 6.24710812e-02
0.41097 6.32388904e-02
0.41239 6.22612764e-02
0.41382 6.18974036e-02
0.41525 6.30567246e-02
0.41669 6.14993798e-02
0.41813 6.24440416e-02
0.41958 6.14900336e-02
0.42103 6.09292690e-02
0.42249 6.07259392e-02
0.42395 6.24494510e-02
0.42542 6.16605888e-02
0.42689 6.12364948e-02
0.42837 6.08041202e-02
0.42985 6.08026180e-02
0.43134 6.07430702e-02
0.43283 6.05709018e-02
0.43433 6.04145768e-02
0.43583 5.91286196e-02
0.43734 6.05249996e-02
0.43886 5.98264100e-02
0.44037 5.86786034e-02
0.44190 5.97626812e-02
0.44343 5.92002368e-02
0.44496 5.78912138e-02
0.44650 5.90708256e-02
0.44805 5.86429132e-02
0.44960 5.82245468e-02
0.45116 5.72595498e-02
0.45272 5.79180092e-02
0.45429 5.84767240e-02
0.45586 5.72136698e-02
0.45744 5.73726070e-02
0.45902 5.84364014e-02
0.46061 5.72842362e-02
0.46220 5.73614404e-02
0.46380 5.65445396e-02
0.46541 5.68726852e-02
0.46702 5.77471210e-02
0.46864 5.59368738e-02
0.47026 5.58808484e-02
0.47189 5.59640244e-02
0.47352 5.62620742e-02
0.47516 5.55052836e-02
0.47680 5.56787396e-02
0.47845 5.62274348e-02
0.48011 5.60707398e-02
0.48177 5.59992706e-02
0.48344 5.46006854e-02
0.48511 5.60123612e-02
0.48679 5.53692420e-02
0.48848 5.41933820e-02
0.49017 5.48638960e-02
0.49186 5.45640110e-02
0.49357 5.39847982e-02
0.49528 5.42122668e-02
0.49699 5.41123964e-02
0.49871 5.33192644e-02
0.50044 5.48576726e-02
0.50217 5.33589802e-02
0.50391 5.28221768e-02
0.50565 5.31126194e-02
0.50740 5.33973714e-02
0.50916 5.31099554e-02
0.51092 5.26792532e-02
0.51269 5.27941308e-02
0.51446 5.21147590e-02
0.51625 5.22277940e-02
0.51803 5.15018022e-02
0.51983 5.18083768e-02
0.52163 5.18193362e-02
0.52343 5.14883120e-02
0.52524 5.08002970e-02
0.52706 5.22581932e-02
0.52889 5.13731458e-02
0.53072 5.13942506e-02
0.53255 5.05334604e-02
0.53440 5.09703934e-02
0.53625 5.06332346e-02
0.53810 5.01404982e-02
0.53997 5.13750920e-02
0.54183 4.88191542e-02
0.54371 4.99726218e-02
0.54559 5.01906332e-02
0.54748 4.95570600e-02
0.54938 5.03139394e-02
0.55128 4.85201572e-02
0.55319 4.92846216e-02
0.55510 4.91776768e-02
0.55702 4.90224396e-02
0.55895 4.99587468e-02
0.56089 4.91368288e-02
0.56283 4.83583266e-02
0.56478 4.87999660e-02
0.56673 4.88337618e-02
0.56869 4.84144408e-02
0.57066 4.92235790e-02
0.57264 4.74979582e-02
0.57462 4.84757276e-02
0.57661 4.73379998e-02
0.57860 4.81917822e-02
0.58061 4.83326930e-02
0.58262 4.63032652e-02
0.58463 4.81405594e-02
0.58666 4.74798874e-02
0.58869 4.72822556e-02
0.59073 4.81449106e-02
0.59277 4.57080536e-02
0.59482 4.76652944e-02
0.59688 4.77234658e-02
0.59895 4.73622052e-02
0.60102 4.59384748e-02
0.60310 4.72560670e-02
0.60519 4.55459122e-02
0.60728 4.65402428e-02
0.60939 4.67711302e-02
0.61150 4.54246040e-02
0.61361 4.70209764e-02
0.61574 4.60099958e-02
0.61787 4.64923130e-02
0.62001 4.44081548e-02
0.62215 4.68050592e-02
0.62431 4.56470850e-02
0.62647 4.42728310e-02
0.62864 4.55384752e-02
0.63081 4.40079480e-02
0.63300 4.49250522e-02
0.63519 4.61861972e-02
0.63739 4.38259672e-02
0.63959 4.37470314e-02
0.64181 4.54593100e-02
0.64403 4.35049552e-02
0.64626 4.34506466e-02
0.64849 4.46562028e-02
0.65074 4.42715878e-02
0.65299 4.35237142e-02
0.65525 4.30097250e-02
0.65752 4.40818740e-02
0.65980 4.29683886e-02
0.66208 4.45906832e-02
0.66437 4.21823236e-02
0.66667 4.28806320e-02
0.66898 4.26637528e-02
0.67130 4.31743972e-02
0.67362 4.26796258e-02
0.67595 4.28520680e-02
0.67829 4.15471964e-02
0.68064 4.14683346e-02
0.68299 4.24747864e-02
0.68536 4.17588290e-02
0.68773 4.17414390e-02
0.69011 4.16810846e-02
0.69250 4.24564122e-02
0.69490 4.18737954e-02
0.69730 4.16411690e-02
0.69972 4.15380352e-02
0.70214 4.09065044e-02
0.70457 4.17335136e-02
0.70701 4.09801270e-02
0.70946 4.10759570e-02
0.71191 4.04139234e-02
0.71438 4.08770006e-02
0.71685 4.04873610e-02
0.71933 4.10088464e-02
0.72182 4.04363084e-02
0.72432 3.97963416e-02
0.72683 3.97466432e-02
0.72934 4.11300288e-02
0.73187 3.96416594e-02
0.73440 3.95942402e-02
0.73694 4.01219564e-02
0.73949 3.99960750e-02
0.74205 3.97746374e-02
0.74462 3.95826888e-02
0.74720 3.91652178e-02
0.74979 3.92814496e-02
0.75238 3.96498808e-02
0.75499 3.82060890e-02
0.75760 3.89333536e-02
0.76022 3.93628496e-02
0.76285 3.76736664e-02
0.76549 3.96461808e-02
0.76814 3.83798114e-02
0.77080 3.80821760e-02
0.77347 3.90915212e-02
0.77615 3.76627440e-02
0.77884 3.92621578e-02
0.78153 3.76386052e-02
0.78424 3.73719832e-02
0.78695 3.72836420e-02
0.78968 3.71705108e-02
0.79241 3.77647382e-02
0.79515 3.72175600e-02
0.79790 3.80703952e-02
0.80067 3.73433896e-02
0.80344 3.77690228e-02
0.80622 3.73239794e-02
0.80901 3.66278688e-02
0.81181 3.81381496e-02
0.81462 3.62271958e-02
0.81744 3.68584380e-02
0.82027 3.58861668e-02
0.82311 3.63270810e-02
0.82596 3.76327222e-02
0.82882 3.62851156e-02
0.83169 3.57821894e-02
0.83457 3.55037422e-02
0.83745 3.69045104e-02
0.84035 3.56302896e-02
0.84326 3.60187600e-02
0.84618 3.55943478e-02
0.84911 3.47842920e-02
0.85205 3.54964828e-02
0.85500 3.44025778e-02
0.85796 3.66678954e-02
0.86093 3.44694294e-02
0.86391 3.43023966e-02
0.86690 3.47579776e-02
0.86990 3.59263118e-02
0.87291 3.68351872e-02
0.87593 3.34893882e-02
0.87897 3.40591586e-02
0.88201 3.58170952e-02
0.88506 3.47229534e-02
0.88813 3.45448058e-02
0.89120 3.39036772e-02
0.89428 3.42270498e-02
0.89738 3.57601374e-02
0.90049 3.46323108e-02
0.90360 3.29501206e-02
0.90673 3.59544170e-02
0.90987 3.49923578e-02
0.91302 3.34172308e-02
0.91618 3.27295340e-02
0.91935 3.59318026e-02
0.92253 3.35536498e-02
0.92573 3.33944536e-02
0.92893 3.46610376e-02
0.93215 3.39335880e-02
0.93537 3.34937838e-02
0.93861 3.52682964e-02
0.94186 3.40335620e-02
0.94512 3.29313024e-02
0.94839 3.26338076e-02
0.95168 3.37630402e-02
0.95497 3.25933814e-02
0.95828 3.27689686e-02
0.96159 3.37068816e-02
0.96492 3.32481186e-02
0.96826 3.23430690e-02
0.97161 3.17669272e-02
0.97498 3.44338280e-02
0.97835 3.23047148e-02
0.98174 3.10561794e-02
0.98514 3.28650354e-02
0.98855 3.25563666e-02
0.99197 3.19517200e-02
0.99540 3.15397842e-02
0.99885 3.16163076e-02
1.00231 3.24527814e-02
1.00578 3.24784890e-02
1.00926 3.15073204e-02
1.01275 3.16518942e-02
1.01626 3.20849866e-02
1.01978 3.09139662e-02
1.02330 3.08839222e-02
1.02685 3.22934372e-02
1.03040 3.19288614e-02
1.03397 3.17820824e-02
1.03755 3.03502046e-02
1.04114 3.13842066e-02
1.04474 3.05676092e-02
1.04836 3.10868302e-02
1.05199 3.08987296e-02
1.05563 3.18364798e-02
1.05928 3.03313790e-02
1.06295 3.07749572e-02
1.06663 3.07214182e-02
1.07032 3.15521274e-02
1.07403 2.96859140e-02
1.07775 3.03702438e-02
1.08148 2.90917310e-02
1.08522 2.97502274e-02
1.08898 3.12339126e-02
1.09275 3.08319150e-02
1.09653 2.89656128e-02
1.10032 2.92967110e-02
1.10413 3.00631734e-02
1.10796 2.94277132e-02
1.11179 3.00485658e-02
1.11564 2.93056058e-02
1.11950 2.94010584e-02
1.12338 2.92082292e-02
1.12726 2.92891556e-02
1.13117 2.92670962e-02
1.13508 2.80775099e-02
1.13901 3.07916072e-02
1.14295 3.04834860e-02
1.14691 2.77807833e-02
1.15088 2.93643396e-02
1.15487 2.95890998e-02
1.15886 2.94242944e-02
1.16287 2.97432788e-02
1.16690 3.03075806e-02
1.17094 2.74864890e-02
1.17499 2.70376064e-02
1.17906 2.98933582e-02
1.18314 2.78415084e-02
1.18724 2.87263042e-02
1.19135 2.74956080e-02
1.19547 2.98015834e-02
1.19961 2.69717612e-02
1.20376 2.84413154e-02
1.20793 2.95393126e-02
1.21211 2.68158440e-02
1.21630 2.87589900e-02
1.22052 2.90844642e-02
1.22474 2.85772386e-02
1.22898 2.78238180e-02
1.23323 2.83531022e-02
1.23750 2.97991436e-02
1.24179 2.82418018e-02
1.24609 2.77612554e-02
1.25040 2.77323584e-02
1.25473 2.70453313e-02
1.25907 2.82159336e-02
1.26343 2.83176829e-02
1.26780 2.90138016e-02
1.27219 2.88672594e-02
1.27659 2.60943292e-02
1.28101 2.67780544e-02
1.28545 2.67957508e-02
1.28990 2.85074196e-02
1.29436 2.65785415e-02
1.29884 2.80939224e-02
1.30334 2.99493969e-02
1.30785 2.54208463e-02
1.31238 2.52988462e-02
1.31692 2.71010733e-02
1.32148 2.67825573e-02
1.32605 2.69056378e-02
1.33064 2.91423167e-02
1.33525 2.63166407e-02
1.33987 2.72006684e-02
1.34451 2.56879900e-02
1.34916 2.52176682e-02
1.35383 2.61466339e-02
1.35852 2.81762681e-02
1.36322 2.77625171e-02
1.36794 2.61052627e-02
1.37268 2.53668004e-02
1.37743 2.53884484e-02
1.38220 2.50487639e-02
1.38698 2.63557586e-02
1.39178 2.74429429e-02
1.39660 2.65927902e-02
1.40144 2.70772142e-02
1.40629 2.55702701e-02
1.41115 2.44707536e-02
1.41604 2.41025977e-02
1.42094 2.72032066e-02
1.42586 2.52981136e-02
1.43080 2.56233118e-02
1.43575 2.77156818e-02
1.44072 2.51884870e-02
1.44571 2.42463523e-02
1.45071 2.41731434e-02
1.45573 2.35273047e-02
1.46077 2.58458690e-02
1.46583 2.63669208e-02
1.47090 2.50069643e-02
1.47599 2.63906067e-02
1.48110 2.39549921e-02
1.48623 2.42996797e-02
1.49137 2.30243363e-02
1.49654 2.41283112e-02
1.50172 2.43320155e-02
1.50692 2.43415119e-02
1.51213 2.44196078e-02
1.51737 2.39293489e-02
1.52262 2.44731372e-02
1.52789 2.31793486e-02
1.53318 2.27460786e-02
1.53849 2.35940793e-02
1.54381 2.38886171e-02
1.54916 2.37911695e-02
1.55452 2.35647768e-02
1.55990 2.31256623e-02
1.56530 2.34147130e-02
1.57072 2.31662506e-02
1.57615 2.24419275e-02
1.58161 2.26235886e-02
1.58709 2.25282603e-02
1.59258 2.30787988e-02
1.59809 2.27040902e-02
1.60362 2.39212222e-02
1.60918 2.19735319e-02
1.61475 2.23473118e-02
1.62034 2.27749822e-02
1.62594 2.17367948e-02
1.63157 2.21829127e-02
1.63722 2.24123726e-02
1.64289 2.25939982e-02
1.64857 2.25095694e-02
1.65428 2.23042623e-02
1.66001 2.19282853e-02
1.66575 2.14598194e-02
1.67152 2.14054428e-02
1.67731 2.38663794e-02
1.68311 2.12914139e-02
1.68894 2.26035834e-02
1.69478 2.10849251e-02
1.70065 2.10720683e-02
1.70654 2.20789197e-02
1.71245 2.13385867e-02
1.71837 2.09832380e-02
1.72432 2.05556889e-02
1.73029 2.21260481e-02
1.73628 2.06624776e-02
1.74229 2.13078908e-02
1.74832 2.11594830e-02
1.75437 2.15186931e-02
1.76045 2.08333266e-02
1.76654 1.98448035e-02
1.77266 2.28684139e-02
1.77879 2.03638217e-02
1.78495 2.02137090e-02
1.79113 1.94722779e-02
1.79733 2.00761149e-02
1.80355 2.10021590e-02
1.80979 2.14190839e-02
1.81606 2.02226667e-02
1.82234 2.01250215e-02
1.82865 2.15517326e-02
1.83498 2.01632662e-02
1.84133 2.06239850e-02
1.84771 1.97540639e-02
1.85410 2.10185005e-02
1.86052 2.55653350e-02
1.86696 2.10887176e-02
1.87342 2.17686629e-02
1.87991 2.08150293e-02
1.88642 1.99214164e-02
1.89295 1.89466573e-02
1.89950 2.12861607e-02
1.90607 1.92304629e-02
1.91267 1.86070602e-02
1.91929 2.06725778e-02
1.92594 2.10217994e-02
1.93260 1.99743760e-02
1.93929 2.01873924e-02
1.94601 2.20838015e-02
1.95274 2.03915791e-02
1.95950 2.14776882e-02
1.96629 2.01287526e-02
1.97309 2.36378940e-02
1.97992 2.08682953e-02
1.98678 2.19022832e-02
1.99365 2.35611523e-02
2.00055 1.85216198e-02
2.00748 2.26006279e-02
2.01443 2.10084498e-02
2.02140 1.93730897e-02
2.02840 2.05099658e-02
2.03542 2.16845767e-02
2.04247 1.86350285e-02
2.04954 2.03792929e-02
2.05663 2.22335856e-02
2.06375 2.02651035e-02
2.07090 2.18347878e-02
2.07806 1.90642352e-02
2.08526 2.11578684e-02
2.09247 1.85143212e-02
2.09972 1.76260977e-02
2.10699 2.09353681e-02
2.11428 1.78408154e-02
2.12160 2.51291302e-02
2.12894 2.13437445e-02
2.13631 2.00122048e-02
2.14371 2.31047529e-02
2.15113 2.18680841e-02
2.15857 1.95807663e-02
2.16605 2.29744699e-02
2.17354 1.90639969e-02
2.18107 1.94329972e-02
2.18862 1.88721379e-02
2.19619 1.77572605e-02
2.20380 2.18735727e-02
2.21143 2.58417687e-02
2.21908 1.75482579e-02
2.22676 2.31732931e-02
2.23447 2.20500368e-02
2.24220 1.78618617e-02
2.24997 1.86719383e-02
2.25775 2.29564635e-02
2.26557 2.56229662e-02
2.27341 2.07580427e-02
2.28128 1.82761330e-02
2.28918 2.15805689e-02
2.29710 2.12888558e-02
2.30505 2.02094644e-02
2.31303 1.89536526e-02
2.32104 2.20098570e-02
2.32908 1.96056051e-02
2.33714 1.77325112e-02
2.34523 2.02360008e-02
2.35335 2.13325121e-02
2.36149 1.92158383e-02
2.36967 2.07844214e-02
2.37787 2.40871517e-02
2.38610 2.07387590e-02
2.39436 2.07978273e-02
2.40265 1.71258570e-02
2.41097 2.10187114e-02
2.41931 2.00874887e-02
2.42769 1.75628721e-02
2.43609 2.26544569e-02
2.44452 2.17862838e-02
2.45298 1.85871535e-02
2.46148 1.78063358e-02
2.47000 2.29347830e-02
2.47855 1.95370974e-02
2.48713 2.03002017e-02
2.49574 2.00229022e-02
2.50438 2.04011236e-02
2.51304 2.01996290e-02
2.52174 2.08785783e-02
2.53047 1.78569800e-02
2.53923 1.82320046e-02
2.54802 2.32753717e-02
2.55684 2.14463847e-02
2.56569 2.16444383e-02
2.57457 2.08884403e-02
2.58349 2.05996545e-02
2.59243 1.88426067e-02
2.60140 1.72040084e-02
2.61041 1.86076219e-02
2.61944 2.24782955e-02
2.62851 2.08698907e-02
2.63761 1.98427811e-02
2.64674 1.88220228e-02
2.65590 1.92404425e-02
2.66510 1.75252128e-02
2.67432 1.77107079e-02
2.68358 1.97358873e-02
2.69287 2.35950095e-02
2.70219 1.86932236e-02
2.71154 1.90919008e-02
2.72093 2.04685569e-02
2.73035 1.70318526e-02
2.73980 1.79786212e-02
2.74928 2.03648599e-02
2.75880 2.18612102e-02
2.76835 1.90106622e-02
2.77793 1.89838061e-02
2.78755 1.93296917e-02
2.79720 1.69594088e-02
2.80688 2.02698069e-02
2.81660 1.87463571e-02
2.82635 1.88958534e-02
2.83613 1.85451023e-02
2.84595 1.74966569e-02
2.85580 1.93818543e-02
2.86569 1.93582387e-02
2.87561 1.85995433e-02
2.88556 1.83909225e-02
2.89555 1.77280105e-02
2.90557 1.78394952e-02
2.91563 1.74607795e-02
2.92572 1.73732494e-02
2.93585 1.83693219e-02
2.94601 2.12313348e-02
2.95621 1.77621763e-02
2.96644 1.79803646e-02
2.97671 1.75501871e-02
2.98702 1.71873569e-02
2.99736 1.76634174e-02
3.00773 1.68281180e-02
3.01814 1.76835558e-02
3.02859 1.79129602e-02
3.03907 1.93723172e-02
3.04960 1.80125827e-02
3.06015 1.75506725e-02
3.07074 1.63832936e-02
3.08137 1.60292392e-02
3.09204 1.70043024e-02
3.10274 1.69976994e-02
3.11348 1.81567221e-02
3.12426 1.85199726e-02
3.13508 1.77360669e-02
3.14593 1.61099769e-02
3.15682 1.64050992e-02
3.16775 1.55680682e-02
3.17871 1.62259593e-02
3.18972 1.71945586e-02
3.20076 1.71433728e-02
3.21184 1.76375396e-02
3.22295 1.79728536e-02
3.23411 1.65770959e-02
3.24531 1.59475794e-02
3.25654 1.62733311e-02
3.26781 1.53355728e-02
3.27912 1.55534206e-02
3.29047 1.57088791e-02
3.30187 1.62205639e-02
3.31330 1.68502788e-02
3.32476 1.75720548e-02
3.33627 1.71792561e-02
3.34782 1.57460826e-02
3.35941 1.47148941e-02
3.37104 1.41263832e-02
3.38271 1.43627074e-02
3.39442 1.54791491e-02
3.40617 1.67068927e-02
3.41796 1.72836302e-02
3.42979 1.71628592e-02
3.44166 1.59079458e-02
3.45358 1.47878196e-02
3.46553 1.42301593e-02
3.47753 1.42201286e-02
3.48957 1.47164037e-02
3.50164 1.53691421e-02
3.51377 1.60134705e-02
3.52593 1.64792568e-02
3.53814 1.62348082e-02
3.55038 1.47687957e-02
3.56267 1.40631509e-02
3.57500 1.39365806e-02
3.58738 1.38107162e-02
3.59980 1.40789425e-02
3.61226 1.46395251e-02
3.62476 1.52106956e-02
3.63731 1.56264779e-02
3.64990 1.52424408e-02
3.66254 1.44794194e-02
3.67521 1.40374219e-02
3.68794 1.34891788e-02
3.70070 1.34003485e-02
3.71351 1.39383055e-02
3.72637 1.46522198e-02
3.73927 1.51849820e-02
3.75221 1.52418621e-02
3.76520 1.45833147e-02
3.77823 1.38492487e-02
3.79131 1.33853716e-02
3.80443 1.31425073e-02
3.81760 1.33407437e-02
3.83082 1.37284844e-02
3.84408 1.40532194e-02
3.85739 1.41297287e-02
3.87074 1.38930723e-02
3.88414 1.35699350e-02
3.89758 1.32965531e-02
3.91107 1.30150615e-02
3.92461 1.29317620e-02
3.93820 1.31058277e-02
3.95183 1.33390839e-02
3.96551 1.34004572e-02
3.97924 1.32542414e-02
3.99301 1.30444284e-02
4.00683 1.28930466e-02
4.02070 1.28675499e-02
4.03462 1.29566874e-02
4.04859 1.31325506e-02
4.06260 1.32593274e-02
4.07667 1.31737212e-02
4.09078 1.29001743e-02
4.10494 1.26986168e-02
4.11915 1.26496717e-02
4.13341 1.26960808e-02
4.14771 1.27551291e-02
4.16207 1.27779633e-02
4.17648 1.27045509e-02
4.19094 1.24791439e-02
4.20545 1.21862238e-02
4.22000 1.20030634e-02
4.23461 1.19963820e-02
4.24927 1.20955153e-02
4.26398 1.21936704e-02
4.27874 1.22168295e-02
4.29355 1.21342122e-02
4.30841 1.19710829e-02
4.32332 1.18014504e-02
4.33829 1.16860445e-02
4.35331 1.16485413e-02
4.36838 1.16735866e-02
4.38350 1.17363985e-02
4.39867 1.17985977e-02
4.41390 1.18056744e-02
4.42918 1.17384106e-02
4.44451 1.16301693e-02
4.45990 1.15241924e-02
4.47533 1.14690410e-02
4.49083 1.14930059e-02
4.50637 1.15700465e-02
4.52197 1.16357644e-02
4.53762 1.16276148e-02
4.55333 1.15250612e-02
4.56909 1.13613140e-02
4.58491 1.12004550e-02
4.60078 1.11005002e-02
4.61670 1.10768077e-02
4.63269 1.10989411e-02
4.64872 1.11147445e-02
4.66481 1.10789233e-02
4.68096 1.09754950e-02
4.69717 1.08290520e-02
4.71343 1.06914260e-02
4.72974 1.06061188e-02
4.74611 1.05836339e-02
4.76254 1.06003712e-02
4.77903 1.06135625e-02
4.79557 1.05855091e-02
4.81217 1.05070188e-02
4.82883 1.04052762e-02
4.84555 1.03230651e-02
4.86232 1.02854642e-02
4.87915 1.02873165e-02
4.89604 1.03042958e-02
4.91299 1.03112436e-02
4.92999 1.02966982e-02
4.94706 1.02664211e-02
4.96418 1.02351183e-02
4.98137 1.02139159e-02
4.99861 1.02025154e-02
5.01591 1.03073401e-02
5.03328 1.04091767e-02
5.05070 1.04951869e-02
5.06818 1.05717799e-02
5.08573 1.06453603e-02
5.10333 1.07174111e-02
5.12100 1.07846127e-02
5.13873 1.08439519e-02
5.15651 1.08982782e-02
5.17436 1.09561899e-02
5.19228 1.10239472e-02
5.21025 1.11001976e-02
5.22828 1.11785473e-02
5.24638 1.12535300e-02
5.26454 1.13246366e-02
5.28277 1.13960844e-02
5.30105 1.14732094e-02
5.31940 1.15594238e-02
5.33782 1.16549956e-02
5.35629 1.17575137e-02
5.37484 1.18627757e-02
5.39344 1.19679060e-02
5.41211 1.20735499e-02
5.43084 1.21842251e-02
5.44965 1.23050759e-02
5.46851 1.24380436e-02
5.48744 1.25802523e-02
5.50643 1.27259953e-02
5.52550 1.28708925e-02
5.54462 1.30140722e-02
5.56381 1.31570550e-02
5.58308 1.33006867e-02
5.60240 1.34429473e-02
5.62179 1.35804371e-02
5.64125 1.37100940e-02
5.66078 1.38312860e-02
5.68038 1.39458454e-02
5.70004 1.40561557e-02
5.71977 1.41641143e-02
5.73957 1.42700320e-02
5.75944 1.43734070e-02
5.77938 1.44748396e-02
5.79938 1.45751998e-02
5.81946 1.46759827e-02
5.83960 1.47785200e-02
5.85982 1.48837051e-02
5.88010 1.49917503e-02
5.90045 1.51027658e-02
5.92088 1.52173533e-02
5.94137 1.53361596e-02
5.96194 1.54601755e-02
5.98258 1.55898190e-02
6.00329 1.57253693e-02
6.02407 1.58673449e-02
6.04492 1.60159502e-02
6.06585 1.61715027e-02
6.08684 1.63342168e-02
6.10791 1.65042326e-02
6.12906 1.66813116e-02
6.15027 1.68652468e-02
6.17156 1.70554593e-02
6.19293 1.72512248e-02
6.21436 1.74515288e-02
6.23588 1.76551028e-02
6.25746 1.78606045e-02
6.27912 1.80667322e-02
6.30086 1.82727194e-02
6.32267 1.84772235e-02
6.34455 1.86798222e-02
6.36652 1.88800041e-02
6.38856 1.90775419e-02
6.41067 1.92725829e-02
6.43286 1.94653848e-02
6.45513 1.96564113e-02
6.47747 1.98461680e-02
6.49990 2.00352277e-02
6.52240 2.02243843e-02
6.54497 2.04140611e-02
6.56763 2.06051017e-02
6.59037 2.07980804e-02
6.61318 2.09936875e-02
6.63607 2.11926957e-02
6.65904 2.13957954e-02
6.68209 2.16037487e-02
6.70522 2.18170789e-02
6.72843 2.20363697e-02
6.75172 2.22623383e-02
6.77510 2.24956670e-02
6.79855 2.27367316e-02
6.82208 2.29861235e-02
6.84570 2.32444219e-02
6.86939 2.35117033e-02
6.89317 2.37882006e-02
6.91704 2.40739397e-02
6.94098 2.43689822e-02
6.96500 2.46732273e-02
6.98911 2.49861126e-02
7.01331 2.53070905e-02
7.03759 2.56356979e-02
7.06195 2.59713604e-02
7.08639 2.63133329e-02
7.11092 2.66608599e-02
7.13554 2.70132027e-02
7.16024 2.73697162e-02
7.18502 2.77303900e-02
7.20990 2.80944360e-02
7.23485 2.84617113e-02
7.25990 2.88320095e-02
7.28503 2.92059152e-02
7.31025 2.95833411e-02
7.33555 2.99645928e-02
7.36094 3.03504495e-02
7.38642 3.07418148e-02
7.41199 3.11391068e-02
7.43765 3.15432141e-02
7.46340 3.19553904e-02
7.48923 3.23767464e-02
7.51516 3.28079814e-02
7.54117 3.32502720e-02
7.56727 3.37053720e-02
7.59347 3.41737180e-02
7.61975 3.46563016e-02
7.64613 3.51550246e-02
7.67260 3.56700646e-02
7.69916 3.62021468e-02
7.72581 3.67529584e-02
7.75255 3.73224328e-02
7.77939 3.79109178e-02
7.80632 3.85201894e-02
7.83334 3.91494706e-02
7.86046 3.97992276e-02
7.88767 4.04710736e-02
7.91497 4.11639948e-02
7.94237 4.18788866e-02
7.96986 4.26168294e-02
7.99745 4.33772830e-02
8.02513 4.41621788e-02
8.05291 4.49717018e-02
8.08079 4.58063774e-02
8.10876 4.66690990e-02
8.13683 4.75593190e-02
8.16500 4.84800344e-02
8.19326 4.94324736e-02
8.22162 5.04181832e-02
8.25008 5.14409742e-02
8.27864 5.25009502e-02
8.30730 5.36034096e-02
8.33605 5.47489148e-02
8.36491 5.59419872e-02
8.39386 5.71857496e-02
8.42292 5.84835690e-02
8.45208 5.98412840e-02
8.48133 6.12613070e-02
8.51069 6.27529324e-02
8.54016 6.43178474e-02
8.56972 6.59692388e-02
8.59938 6.77090750e-02
8.62915 6.95539024e-02
8.65902 7.15076726e-02
8.68899 7.35904840e-02
8.71907 7.58089818e-02
8.74925 7.81894730e-02
8.77954 8.07413704e-02
8.80993 8.35018812e-02
8.84043 8.64859090e-02
8.87103 8.97485838e-02
8.90174 9.33193650e-02
8.93255 9.72796970e-02
8.96347 1.01694796e-01
8.99450 1.06689293e-01
9.02563 1.12404446e-01
9.05688 1.19034217e-01
9.08823 1.26883508e-01
9.11969 1.36230759e-01
9.15126 1.47716965e-01
9.18294 1.61626760e-01
9.21472 1.78210818e-01
9.24662 1.94920766e-01
9.27863 2.00552876e-01
9.31075 1.91734311e-01
9.34298 1.86239404e-01
9.37532 1.88331983e-01
9.40777 1.97779201e-01
9.44034 2.19926638e-01
9.47302 2.54045249e-01
9.50581 2.83999435e-01
9.53871 3.10133149e-01
9.57173 3.22597509e-01
9.60487 2.99818911e-01
9.63811 2.85045284e-01
9.67148 2.93239430e-01
9.70495 3.18352936e-01
9.73855 3.54912392e-01
9.77226 3.86152195e-01
9.80609 4.00598112e-01
9.84003 4.11297765e-01
9.87409 4.26320135e-01
9.90827 4.40543800e-01
9.94257 4.51193910e-01
9.97699 4.68655394e-01
10.01153 4.96051304e-01
10.04618 5.39037164e-01
10.08096 5.86514232e-01
10.11585 7.07182554e-01
10.15087 8.84522296e-01
10.18601 8.38693800e-01
10.22127 6.69870792e-01
10.25665 7.13943564e-01
10.29215 8.17169938e-01
10.32778 8.90569946e-01
10.36353 9.84427328e-01
10.39941 8.65848692e-01
10.43540 7.33629710e-01
10.47153 7.89171816e-01
10.50777 7.54558686e-01
10.54415 7.24699390e-01
10.58065 7.14180956e-01
10.61727 7.16359368e-01
10.65403 7.38039888e-01
10.69091 7.08315864e-01
10.72791 6.48466514e-01
10.76505 6.21572842e-01
10.80231 6.41993586e-01
10.83971 6.91073124e-01
10.87723 6.85384596e-01
10.91488 6.53841800e-01
10.95266 6.47633052e-01
10.99058 6.49752042e-01
11.02862 6.39069550e-01
11.06680 6.11379712e-01
11.10511 5.74284622e-01
11.14355 5.42485564e-01
11.18212 5.04373048e-01
11.22083 4.65597862e-01
11.25967 4.36238584e-01
11.29865 4.05729568e-01
11.33776 3.87607042e-01
11.37701 3.85994804e-01
11.41639 4.26700058e-01
11.45591 5.73204148e-01
11.49556 8.49662524e-01
11.53536 9.94300556e-01
11.57529 9.81592314e-01
11.61536 9.35854838e-01
11.65556 8.98992330e-01
11.69591 9.08456930e-01
11.73640 9.75523796e-01
11.77702 1.07472398e+00
11.81779 1.17422519e+00
11.85870 1.24439362e+00
11.89975 1.20866080e+00
11.94094 1.08089121e+00
11.98227 9.73019858e-01
12.02375 8.56729598e-01
12.06537 7.74541276e-01
12.10714 7.29054882e-01
12.14905 6.98396460e-01
12.19110 6.57187266e-01
12.23330 6.30766965e-01
12.27565 6.10243664e-01
12.31814 5.80203934e-01
12.36078 5.53402865e-01
12.40357 5.32215570e-01
12.44651 5.06267330e-01
12.48959 4.67794611e-01
12.53283 4.22857268e-01
12.57621 3.83710550e-01
12.61974 3.57334227e-01
12.66343 3.44460913e-01
12.70726 3.40407348e-01
12.75125 3.37876237e-01
12.79539 3.32664573e-01
12.83968 3.23912652e-01
12.88413 3.11932992e-01
12.92873 2.97456298e-01
12.97348 2.81559640e-01
13.01839 2.65387021e-01
13.06345 2.49913880e-01
13.10867 2.35765391e-01
13.15405 2.23268663e-01
13.19959 2.12532936e-01
13.24528 2.03539324e-01
13.29113 1.96147286e-01
13.33713 1.90198863e-01
13.38330 1.85530832e-01
13.42963 1.81964453e-01
13.47612 1.79316349e-01
13.52277 1.77418249e-01
13.56958 1.76101996e-01
13.61655 1.75198219e-01
13.66368 1.74567325e-01
13.71098 1.74084349e-01
13.75844 1.73646964e-01
13.80607 1.73201048e-01
13.85386 1.72706387e-01
13.90182 1.72158706e-01
13.94994 1.71583282e-01
13.99823 1.71003581e-01
14.04668 1.70472653e-01
14.09531 1.70029319e-01
14.14410 1.69723114e-01
14.19306 1.69598706e-01
14.24219 1.69692952e-01
14.29149 1.70049750e-01
14.34096 1.70695090e-01
14.39060 1.71672977e-01
14.44042 1.73004260e-01
14.49041 1.74736563e-01
14.54057 1.76893071e-01
14.59090 1.79530231e-01
14.64141 1.82682623e-01
14.69209 1.86422280e-01
14.74295 1.90807587e-01
14.79398 1.95936963e-01
14.84519 2.01913906e-01
14.89658 2.08880340e-01
14.94814 2.17026445e-01
14.99989 2.26567657e-01
15.05181 2.37866051e-01
15.10392 2.51299834e-01
15.15620 2.67468878e-01
15.20866 2.87150747e-01
15.26131 3.11244784e-01
15.31414 3.40941303e-01
15.36715 3.76772672e-01
15.42034 4.17707023e-01
15.47372 4.60493653e-01
15.52729 5.01291888e-01
15.58103 5.37809667e-01
15.63497 5.64804623e-01
15.68909 5.76269665e-01
15.74340 5.72463312e-01
15.79790 5.62787864e-01
15.85258 5.61544671e-01
15.90746 5.77550605e-01
15.96252 6.11032822e-01
16.01778 6.56642974e-01
16.07323 7.06123481e-01
16.12886 7.50358735e-01
16.18470 7.83448730e-01
16.24072 8.03727409e-01
16.29694 8.11055984e-01
16.35335 8.06205469e-01
16.40996 7.93129380e-01
16.46677 7.79728706e-01
16.52377 7.74326180e-01
16.58097 7.79939724e-01
16.63836 7.93421710e-01
16.69596 8.10049510e-01
16.75375 8.26642160e-01
16.81175 8.38054440e-01
16.86994 8.39431802e-01
16.92834 8.31819126e-01
16.98694 8.17441000e-01
17.04574 7.97200816e-01
17.10474 7.76136346e-01
17.16395 7.61935080e-01
17.22337 7.60260904e-01
17.28299 7.74098756e-01
17.34281 8.04777750e-01
17.40285 8.51329226e-01
17.46309 9.09576994e-01
17.52354 9.75612966e-01
17.58420 1.04703125e+00
17.64507 1.11555696e+00
17.70615 1.16490238e+00
17.76744 1.18298405e+00
17.82894 1.16630630e+00
17.89066 1.11807710e+00
17.95259 1.05649356e+00
18.01473 1.01287774e+00
18.07709 1.00604302e+00
18.13967 1.03836445e+00
18.20246 1.10602465e+00
18.26547 1.20040506e+00
18.32870 1.30677814e+00
18.39214 1.40816376e+00
18.45581 1.49135219e+00
18.51969 1.55047427e+00
18.58380 1.59221101e+00
18.64813 1.62903600e+00
18.71268 1.66727409e+00
18.77746 1.70715388e+00
18.84246 1.74800077e+00
18.90768 1.79001493e+00
18.97313 1.83328000e+00
19.03881 1.87678822e+00
19.10472 1.91654280e+00
19.17085 1.94349759e+00
19.23721 1.94931917e+00
19.30380 1.93283471e+00
19.37062 1.90162936e+00
19.43768 1.86800990e+00
19.50496 1.84710897e+00
19.57248 1.84979576e+00
19.64023 1.87338437e+00
19.70822 1.88896477e+00
19.77644 1.86880666e+00
19.84490 1.82960479e+00
19.91359 1.77134318e+00
19.98252 1.71789823e+00
20.05169 1.68828351e+00
20.12110 1.68482253e+00
20.19076 1.70361231e+00
20.26065 1.73154021e+00
20.33078 1.75630275e+00
20.40116 1.76777764e+00
20.47178 1.77200592e+00
20.54264 1.77962045e+00
20.61375 1.78860020e+00
20.68511 1.78463728e+00
20.75671 1.75934512e+00
20.82856 1.71197046e+00
20.90066 1.65293437e+00
20.97301 1.61379577e+00
21.04561 1.61649936e+00
21.11846 1.65311789e+00
21.19157 1.70482110e+00
21.26492 1.75131730e+00
21.33853 1.77955008e+00
21.41240 1.79231360e+00
21.48652 1.78257875e+00
21.56090 1.74375783e+00
21.63553 1.69266697e+00
21.71043 1.65278756e+00
21.78558 1.63825995e+00
21.86099 1.65564004e+00
21.93666 1.70364102e+00
22.01260 1.76382078e+00
22.08880 1.80454713e+00
22.16526 1.81748766e+00
22.24199 1.81570810e+00
22.31898 1.80494399e+00
22.39624 1.78846005e+00
22.47377 1.77091709e+00
22.55156 1.75205345e+00
22.62962 1.72685231e+00
22.70796 1.69081660e+00
22.78656 1.65513166e+00
22.86544 1.63058156e+00
22.94459 1.61131633e+00
23.02402 1.58494073e+00
23.10372 1.54294329e+00
23.18369 1.48501572e+00
23.26394 1.41678113e+00
23.34447 1.34478047e+00
23.42528 1.27246870e+00
23.50637 1.20089213e+00
23.58774 1.13117969e+00
23.66939 1.06522896e+00
23.75133 1.00930265e+00
23.83354 9.74649782e-01
23.91604 9.75553248e-01
23.99883 1.02459926e+00
24.08191 1.11917237e+00
24.16527 1.23662984e+00
24.24892 1.32793318e+00
24.33286 1.35787055e+00
24.41709 1.34013008e+00
24.50161 1.34290893e+00
24.58642 1.38247126e+00
24.67153 1.40119422e+00
24.75693 1.37464494e+00
24.84263 1.32727073e+00
24.92863 1.27866369e+00
25.01492 1.23229011e+00
25.10151 1.19307033e+00
25.18840 1.17853651e+00
25.27559 1.21043879e+00
25.36309 1.28914201e+00
25.45088 1.37439815e+00
25.53898 1.44478969e+00
25.62739 1.54133964e+00
25.71610 1.65733412e+00
25.80512 1.73778211e+00
25.89444 1.73775295e+00
25.98408 1.67798330e+00
26.07403 1.60215269e+00
26.16428 1.54849803e+00
26.25485 1.51925278e+00
26.34574 1.48112295e+00
26.43694 1.40910748e+00
26.52845 1.32869176e+00
26.62028 1.27158736e+00
26.71243 1.24092472e+00
26.80489 1.22724937e+00
26.89768 1.23767642e+00
26.99079 1.26106138e+00
27.08422 1.26791356e+00
27.17798 1.25121050e+00
27.27205 1.22464235e+00
27.36646 1.20167690e+00
27.46119 1.18493255e+00
27.55625 1.15648436e+00
27.65164 1.09176736e+00
27.74736 1.00649220e+00
27.84341 9.36757490e-01
27.93979 8.89884188e-01
28.03650 8.61945266e-01
28.13355 8.50809894e-01
28.23094 8.56678464e-01
28.32867 8.81757582e-01
28.42673 9.30825058e-01
28.52513 1.01049775e+00
28.62387 1.11935774e+00
28.72295 1.22281670e+00
28.82238 1.24888638e+00
28.92215 1.16654584e+00
29.02227 1.04149095e+00
29.12273 9.35404992e-01
29.22354 8.63319372e-01
29.32470 8.22350752e-01
29.42621 8.02578988e-01
29.52807 7.98630496e-01
29.63029 8.23497530e-01
29.73286 8.82951202e-01
29.83578 9.51698386e-01
29.93906 9.66922110e-01
30.04269 9.11868700e-01
30.14669 8.54454838e-01
30.25104 8.36387442e-01
30.35576 8.60260878e-01
30.46084 9.20589822e-01
30.56628 1.01114614e+00
30.67209 1.11818714e+00
30.77826 1.21141256e+00
30.88481 1.25927524e+00
30.99172 1.27902703e+00
31.09900 1.34168201e+00
31.20665 1.41589935e+00
31.31467 1.33840714e+00
31.42307 1.26112879e+00
31.53184 1.13668048e+00
31.64099 1.08525425e+00
31.75052 1.12715490e+00
31.86043 1.16868977e+00
31.97072 1.22322104e+00
32.08139 1.34514373e+00
32.19244 1.50875751e+00
32.30388 1.65146325e+00
32.41570 1.75826220e+00
32.52791 1.85378295e+00
32.64051 1.94218010e+00
32.75349 2.00451289e+00
32.86687 2.02827288e+00
32.98064 2.00408731e+00
33.09481 1.93712597e+00
33.20937 1.85573774e+00
33.32433 1.79485461e+00
33.43968 1.78038642e+00
33.55544 1.79248320e+00
33.67159 1.73469868e+00
33.78815 1.55201258e+00
33.90511 1.34709141e+00
34.02247 1.21885015e+00
34.14024 1.16666010e+00
34.25842 1.18098753e+00
34.37701 1.24575478e+00
34.49601 1.24004760e+00
34.61542 1.16996353e+00
34.73525 1.12669462e+00
34.85549 1.11027180e+00
34.97614 1.11415066e+00
35.09721 1.13383451e+00
35.21871 1.19320701e+00
35.34062 1.32321428e+00
35.46295 1.48751692e+00
35.58571 1.53899532e+00
35.70889 1.52524079e+00
35.83250 1.62310431e+00
35.95654 1.80354539e+00
36.08101 1.94913921e+00
36.20590 1.92307907e+00
36.33123 1.93764168e+00
36.45700 1.88883986e+00
36.58320 1.72672481e+00
36.70983 1.57286512e+00
36.83691 1.37411481e+00
36.96442 1.18961149e+00
37.09238 1.05646662e+00
37.22077 9.57214716e-01
37.34962 8.81633780e-01
37.47890 8.27351302e-01
37.60864 7.92620734e-01
37.73883 7.74336222e-01
37.86946 7.68898776e-01
38.00055 7.72382326e-01
38.13209 7.80365816e-01
38.26409 7.87535528e-01
38.39654 7.88230092e-01
38.52946 7.78609426e-01
38.66283 7.59195452e-01
38.79667 7.34665858e-01
38.93096 7.10663196e-01
39.06573 6.91002743e-01
39.20096 6.76955892e-01
39.33665 6.67707143e-01
39.47282 6.60872917e-01
39.60946 6.52831589e-01
39.74657 6.39218394e-01
39.88416 6.16124067e-01
40.02222 5.81896025e-01
40.16076 5.38215527e-01
40.29978 4.89244458e-01
40.43928 4.39554198e-01
40.57926 3.92542694e-01
40.71973 3.50034423e-01
40.86069 3.12619579e-01
41.00213 2.80159131e-01
41.14406 2.52173322e-01
41.28648 2.28075126e-01
41.42940 2.07287387e-01
41.57281 1.89290971e-01
41.71672 1.73641340e-01
41.86113 1.59965400e-01
42.00603 1.47953506e-01
42.15144 1.37349831e-01
42.29735 1.27943336e-01
42.44377 1.19560098e-01
42.59069 1.12055862e-01
42.73812 1.05309874e-01
42.88606 9.92222266e-02
43.03451 9.37079686e-02
43.18348 8.86959560e-02
43.33297 8.41258566e-02
43.48297 7.99458556e-02
43.63349 7.61122190e-02
43.78453 7.25868220e-02
43.93609 6.93370824e-02
44.08818 6.63347248e-02
44.24079 6.35551072e-02
44.39394 6.09769398e-02
44.54761 5.85814784e-02
44.70182 5.63523098e-02
44.85655 5.42752852e-02
45.01183 5.23378246e-02
45.16764 5.05288946e-02
45.32399 4.88390158e-02
45.48089 4.72598928e-02
45.63832 4.57845104e-02
45.79630 4.44068080e-02
45.95483 4.31218646e-02
46.11391 4.19258692e-02
46.27353 4.08160690e-02
46.43371 3.97909322e-02
46.59445 3.88503330e-02
46.75574 3.79957366e-02
46.91759 3.72305988e-02
47.08000 3.65610320e-02
47.24297 3.59966636e-02
47.40650 3.55516646e-02
47.57060 3.52470954e-02
47.73527 3.51139620e-02
47.90051 3.51984478e-02
48.06633 3.55714818e-02
48.23271 3.63417996e-02
48.39967 3.76852822e-02
48.56721 3.99013765e-02
48.73533 4.35128976e-02
48.90403 4.95093848e-02
49.07332 5.98769720e-02
49.24319 7.88260787e-02
49.41365 1.15045695e-01
49.58470 1.77827835e-01
49.75634 2.27753363e-01
49.92858 1.85833514e-01
50.10141 1.18710864e-01
50.27484 7.81112787e-02
50.44887 5.65708399e-02
50.62350 4.45076286e-02
50.79874 3.71948827e-02
50.97458 3.24287203e-02
51.15104 2.91244945e-02
51.32810 2.67138172e-02
51.50578 2.48783086e-02
51.68407 2.34296269e-02
51.86298 2.22510163e-02
52.04250 2.12672078e-02
52.22265 2.04279161e-02
52.40343 1.96985454e-02
52.58482 1.90546848e-02
52.76685 1.84786850e-02
52.94951 1.79575030e-02
53.13280 1.74813530e-02
53.31672 1.70427491e-02
53.50128 1.66358956e-02
53.68648 1.62562216e-02
53.87232 1.59000618e-02
54.05880 1.55644600e-02
54.24593 1.52470555e-02
54.43371 1.49458325e-02
54.62214 1.46591728e-02
54.81122 1.43856858e-02
55.00095 1.41242031e-02
55.19134 1.38737472e-02
55.38239 1.36334418e-02
55.57410 1.34025766e-02
55.76647 1.31804989e-02
55.95951 1.29666589e-02
56.15322 1.27605807e-02
56.34760 1.25618300e-02
56.54265 1.23700309e-02
56.73838 1.21848496e-02
56.93479 1.20060072e-02
57.13187 1.18332445e-02
57.32964 1.16663242e-02
57.52809 1.15050634e-02
57.72723 1.13492860e-02
57.92705 1.11988433e-02
58.12757 1.10536064e-02
58.32879 1.09134793e-02
58.53070 1.07783745e-02
58.73331 1.06482307e-02
58.93662 1.05230020e-02
59.14063 1.04026647e-02
59.34535 1.02872225e-02
59.55078 1.01766968e-02
59.75692 1.00711188e-02
59.96377 9.97057278e-03
60.17134 9.87514386e-03
60.37963 9.78495118e-03
60.58864 9.70016272e-03
60.79837 9.62096570e-03
61.00883 9.54759174e-03
61.22002 9.48031464e-03
61.43194 9.41948590e-03
61.64459 9.36547552e-03
61.85797 9.31876450e-03
62.07210 9.27989822e-03
62.28697 9.24951900e-03
62.50258 9.22838978e-03
62.71894 9.21742002e-03
62.93605 9.21767310e-03
63.15390 9.23042330e-03
63.37252 9.25718170e-03
63.59189 9.29976574e-03
63.81201 9.36036656e-03
64.03290 9.44164224e-03
64.25456 9.54682658e-03
64.47698 9.67989560e-03
64.70017 9.84579102e-03
64.92414 1.00507126e-02
65.14888 1.03024051e-02
65.37440 1.06107890e-02
65.60070 1.09886848e-02
65.82778 1.14529859e-02
66.05565 1.20258369e-02
66.28430 1.27374128e-02
66.51375 1.36290899e-02
66.74400 1.47589293e-02
66.97504 1.62105251e-02
67.20688 1.81071791e-02
67.43952 2.06362749e-02
67.67297 2.40946819e-02
67.90722 2.89670203e-02
68.14229 3.60860556e-02
68.37817 4.69520854e-02
68.61486 6.43837355e-02
68.85238 9.37189465e-02
69.09072 1.43668485e-01
69.32988 2.17079289e-01
69.56987 2.71601363e-01
69.81069 2.43906759e-01
70.05235 1.69824562e-01
70.29484 1.09384382e-01
70.53817 7.26873199e-02
70.78235 5.11937210e-02
71.02737 3.80896278e-02
71.27323 2.96680637e-02
71.51995 2.39858931e-02
71.76752 1.99894054e-02
72.01595 1.70765123e-02
72.26524 1.48893868e-02
72.51539 1.32046976e-02
72.76641 1.18782684e-02
73.01830 1.08137029e-02
73.27106 9.94497026e-03
73.52469 9.22533062e-03
73.77920 8.62127158e-03
74.03460 8.10820368e-03
74.29087 7.66765652e-03
74.54804 7.28566556e-03
74.80609 6.95147934e-03
75.06504 6.65671588e-03
75.32488 6.39475884e-03
75.58563 6.16033646e-03
75.84727 5.94920336e-03
76.10982 5.75791558e-03
76.37328 5.58364336e-03
76.63766 5.42406162e-03
76.90295 5.27723896e-03
77.16915 5.14154886e-03
77.43628 5.01562898e-03
77.70433 4.89832714e-03
77.97331 4.78865988e-03
78.24322 4.68578212e-03
78.51407 4.58897458e-03
78.78585 4.49761788e-03
79.05857 4.41115332e-03
79.33224 4.32912802e-03
79.60686 4.25111500e-03
79.88242 4.17675980e-03
80.15894 4.10573386e-03
80.43642 4.03776856e-03
80.71486 3.97260120e-03
80.99426 3.91001496e-03
81.27463 3.84980930e-03
81.55596 3.79181032e-03
81.83828 3.73585078e-03
82.12157 3.68179230e-03
82.40584 3.62950760e-03
82.69109 3.57887532e-03
82.97733 3.52979408e-03
83.26457 3.48216250e-03
83.55279 3.43589474e-03
83.84202 3.39091236e-03
84.13225 3.34713914e-03
84.42348 3.30451514e-03
84.71572 3.26296932e-03
85.00897 3.22245062e-03
85.30323 3.18290946e-03
85.59852 3.14429108e-03
85.89482 3.10655626e-03
86.19215 3.06966134e-03
86.49052 3.03357080e-03
86.78991 2.99824542e-03
87.09034 2.96365486e-03
87.39181 2.92976730e-03
87.69432 2.89655462e-03
87.99789 2.86399070e-03
88.30250 2.83204904e-03
88.60816 2.80070708e-03
88.91489 2.76994040e-03
89.22267 2.73973486e-03
89.53153 2.71006219e-03
89.84145 2.68090922e-03
90.15244 2.65225879e-03
90.46451 2.62408995e-03
90.77766 2.59639404e-03
91.09190 2.56915020e-03
91.40722 2.54234874e-03
91.72363 2.51597521e-03
92.04114 2.49001394e-03
92.35975 2.46445959e-03
92.67946 2.43929449e-03
93.00028 2.41451248e-03
93.32221 2.39009855e-03
93.64525 2.36604714e-03
93.96941 2.34234746e-03
94.29469 2.31898965e-03
94.62110 2.29596559e-03
94.94864 2.27326912e-03
95.27731 2.25088827e-03
95.60712 2.22882154e-03
95.93807 2.20705577e-03
96.27017 2.18558578e-03
96.60342 2.16440543e-03
96.93782 2.14350753e-03
97.27338 2.12288654e-03
97.61010 2.10253810e-03
97.94798 2.08245420e-03
98.28704 2.06262975e-03
98.62727 2.04305838e-03
98.96867 2.02373764e-03
99.31126 2.00466155e-03
99.65504 1.98582374e-03
100.00000 1.96721992e-03
