        2000  0.100000 3.330000
0.10000 1.02017628e-02
0.10035 1.01898488e-02
0.10069 1.01668482e-02
0.10104 1.01299296e-02
0.10139 1.00831956e-02
0.10174 1.00321963e-02
0.10210 9.97989752e-03
0.10245 9.92583164e-03
0.10280 9.86743972e-03
0.10316 9.80320772e-03
0.10352 9.73555248e-03
0.10387 9.67008024e-03
0.10423 9.61128132e-03
0.10459 9.55926376e-03
0.10496 9.51035864e-03
0.10532 9.46017036e-03
0.10568 9.40645524e-03
0.10605 9.35022116e-03
0.10642 9.29475076e-03
0.10679 9.24341548e-03
0.10716 9.19796616e-03
0.10753 9.15826516e-03
0.10790 9.12279992e-03
0.10827 9.08926312e-03
0.10865 9.05542440e-03
0.10902 9.02035284e-03
0.10940 8.98524428e-03
0.10978 8.95299656e-03
0.11016 8.92663184e-03
0.11054 8.90743032e-03
0.11092 8.89405260e-03
0.11131 8.88326488e-03
0.11169 8.87178008e-03
0.11208 8.85793616e-03
0.11247 8.84212828e-03
0.11286 8.82578168e-03
0.11325 8.80968816e-03
0.11364 8.79299080e-03
0.11403 8.77343852e-03
0.11443 8.74861892e-03
0.11482 8.71727400e-03
0.11522 8.67985072e-03
0.11562 8.63805996e-03
0.11602 8.59380796e-03
0.11642 8.54826836e-03
0.11682 8.50160988e-03
0.11723 8.45342256e-03
0.11763 8.40336452e-03
0.11804 8.35164444e-03
0.11845 8.29903784e-03
0.11886 8.24655408e-03
0.11927 8.19502196e-03
0.11968 8.14482184e-03
0.12010 8.09590044e-03
0.12051 8.04800024e-03
0.12093 8.00095992e-03
0.12135 7.95489788e-03
0.12177 7.91019300e-03
0.12219 7.86725968e-03
0.12262 7.82635248e-03
0.12304 7.78745512e-03
0.12347 7.75041072e-03
0.12389 7.71509348e-03
0.12432 7.68154484e-03
0.12475 7.64993204e-03
0.12518 7.62043416e-03
0.12562 7.59312964e-03
0.12605 7.56796224e-03
0.12649 7.54482540e-03
0.12693 7.52361848e-03
0.12737 7.50425712e-03
0.12781 7.48663328e-03
0.12825 7.47051904e-03
0.12869 7.45554736e-03
0.12914 7.44122392e-03
0.12959 7.42702332e-03
0.13003 7.41242756e-03
0.13048 7.39698672e-03
0.13094 7.38029972e-03
0.13139 7.36202468e-03
0.13184 7.34187300e-03
0.13230 7.31963008e-03
0.13276 7.29519528e-03
0.13322 7.26857600e-03
0.13368 7.23988472e-03
0.13414 7.20929904e-03
0.13461 7.17703356e-03
0.13507 7.14329400e-03
0.13554 7.10828904e-03
0.13601 7.07220664e-03
0.13648 7.03523328e-03
0.13695 6.99755100e-03
0.13743 6.95934332e-03
0.13790 6.92077156e-03
0.13838 6.88199112e-03
0.13886 6.84313520e-03
0.13934 6.80432072e-03
0.13982 6.76565868e-03
0.14031 6.72725268e-03
0.14079 6.68920040e-03
0.14128 6.65159508e-03
0.14177 6.61453292e-03
0.14226 6.57809532e-03
0.14275 6.54236960e-03
0.14324 6.50743716e-03
0.14374 6.47337792e-03
0.14424 6.44027328e-03
0.14474 6.40819280e-03
0.14524 6.37721196e-03
0.14574 6.34739588e-03
0.14625 6.31880820e-03
0.14675 6.29150220e-03
0.14726 6.26552376e-03
0.14777 6.24090396e-03
0.14828 6.21765464e-03
0.14879 6.19576840e-03
0.14931 6.17521564e-03
0.14983 6.15593864e-03
0.15034 6.13785452e-03
0.15087 6.12085524e-03
0.15139 6.10480020e-03
0.15191 6.08952068e-03
0.15244 6.07483168e-03
0.15297 6.06052748e-03
0.15349 6.04639348e-03
0.15403 6.03221360e-03
0.15456 6.01777620e-03
0.15509 6.00289036e-03
0.15563 5.98737404e-03
0.15617 5.97107924e-03
0.15671 5.95388164e-03
0.15725 5.93569096e-03
0.15780 5.91643912e-03
0.15834 5.89609652e-03
0.15889 5.87464540e-03
0.15944 5.85210204e-03
0.15999 5.82849012e-03
0.16055 5.80385848e-03
0.16110 5.77825744e-03
0.16166 5.75175212e-03
0.16222 5.72441208e-03
0.16278 5.69631576e-03
0.16335 5.66753435e-03
0.16391 5.63815102e-03
0.16448 5.60824688e-03
0.16505 5.57789859e-03
0.16562 5.54719229e-03
0.16619 5.51620450e-03
0.16677 5.48501779e-03
0.16734 5.45370883e-03
0.16792 5.42235962e-03
0.16851 5.39104756e-03
0.16909 5.35984842e-03
0.16967 5.32884049e-03
0.17026 5.29809704e-03
0.17085 5.26769400e-03
0.17144 5.23770372e-03
0.17204 5.20819637e-03
0.17263 5.17923987e-03
0.17323 5.15090261e-03
0.17383 5.12324792e-03
0.17443 5.09633131e-03
0.17503 5.07021493e-03
0.17564 5.04494438e-03
0.17625 5.02056804e-03
0.17686 4.99712646e-03
0.17747 4.97465074e-03
0.17808 4.95316543e-03
0.17870 4.93269096e-03
0.17932 4.91323089e-03
0.17994 4.89478861e-03
0.18056 4.87734740e-03
0.18119 4.86088936e-03
0.18182 4.84538029e-03
0.18244 4.83077609e-03
0.18308 4.81702127e-03
0.18371 4.80404759e-03
0.18435 4.79178490e-03
0.18498 4.78014337e-03
0.18562 4.76903049e-03
0.18627 4.75834682e-03
0.18691 4.74798652e-03
0.18756 4.73784230e-03
0.18821 4.72780110e-03
0.18886 4.71775412e-03
0.18951 4.70759199e-03
0.19017 4.69721157e-03
0.19083 4.68651161e-03
0.19149 4.67540184e-03
0.19215 4.66379776e-03
0.19282 4.65162431e-03
0.19348 4.63881743e-03
0.19415 4.62532234e-03
0.19483 4.61109510e-03
0.19550 4.59610315e-03
0.19618 4.58032354e-03
0.19686 4.56374221e-03
0.19754 4.54635739e-03
0.19822 4.52817322e-03
0.19891 4.50920317e-03
0.19960 4.48947166e-03
0.20029 4.46900371e-03
0.20098 4.44783616e-03
0.20168 4.42600749e-03
0.20237 4.40356447e-03
0.20307 4.38055210e-03
0.20378 4.35702528e-03
0.20448 4.33303818e-03
0.20519 4.30864911e-03
0.20590 4.28391417e-03
0.20661 4.25889418e-03
0.20733 4.23365144e-03
0.20805 4.20824384e-03
0.20877 4.18273500e-03
0.20949 4.15718221e-03
0.21021 4.13164437e-03
0.21094 4.10618200e-03
0.21167 4.08084781e-03
0.21240 4.05569832e-03
0.21314 4.03078562e-03
0.21388 4.00615887e-03
0.21462 3.98186600e-03
0.21536 3.95795142e-03
0.21611 3.93445849e-03
0.21685 3.91142407e-03
0.21760 3.88888752e-03
0.21836 3.86687770e-03
0.21911 3.84542746e-03
0.21987 3.82456316e-03
0.22063 3.80430478e-03
0.22140 3.78467317e-03
0.22216 3.76568284e-03
0.22293 3.74734920e-03
0.22370 3.72967652e-03
0.22448 3.71267146e-03
0.22526 3.69633567e-03
0.22604 3.68066587e-03
0.22682 3.66565630e-03
0.22760 3.65129512e-03
0.22839 3.63756990e-03
0.22918 3.62446332e-03
0.22998 3.61195554e-03
0.23077 3.60002126e-03
0.23157 3.58863474e-03
0.23237 3.57776354e-03
0.23318 3.56737587e-03
0.23398 3.55743545e-03
0.23479 3.54790454e-03
0.23561 3.53874024e-03
0.23642 3.52990271e-03
0.23724 3.52134757e-03
0.23806 3.51302864e-03
0.23889 3.50490018e-03
0.23971 3.49691588e-03
0.24054 3.48902896e-03
0.24137 3.48119340e-03
0.24221 3.47336360e-03
0.24305 3.46549504e-03
0.24389 3.45754477e-03
0.24473 3.44947182e-03
0.24558 3.44123724e-03
0.24643 3.43280465e-03
0.24728 3.42414028e-03
0.24814 3.41521352e-03
0.24900 3.40599696e-03
0.24986 3.39646636e-03
0.25073 3.38660112e-03
0.25159 3.37638424e-03
0.25246 3.36580209e-03
0.25334 3.35484417e-03
0.25422 3.34350426e-03
0.25510 3.33177940e-03
0.25598 3.31966901e-03
0.25687 3.30717662e-03
0.25775 3.29430832e-03
0.25865 3.28107253e-03
0.25954 3.26748125e-03
0.26044 3.25354764e-03
0.26134 3.23928784e-03
0.26225 3.22471916e-03
0.26315 3.20986100e-03
0.26406 3.19473377e-03
0.26498 3.17935953e-03
0.26590 3.16376048e-03
0.26682 3.14796074e-03
0.26774 3.13198399e-03
0.26867 3.11585421e-03
0.26960 3.09959641e-03
0.27053 3.08323501e-03
0.27147 3.06679399e-03
0.27241 3.05029806e-03
0.27335 3.03377001e-03
0.27430 3.01723382e-03
0.27525 3.00071154e-03
0.27620 2.98422538e-03
0.27715 2.96779605e-03
0.27811 2.95144427e-03
0.27908 2.93518898e-03
0.28004 2.91904914e-03
0.28101 2.90304161e-03
0.28198 2.88718356e-03
0.28296 2.87148993e-03
0.28394 2.85597568e-03
0.28492 2.84065413e-03
0.28591 2.82553756e-03
0.28690 2.81063766e-03
0.28789 2.79596450e-03
0.28889 2.78152769e-03
0.28989 2.76733567e-03
0.29089 2.75339570e-03
0.29190 2.73971399e-03
0.29291 2.72629660e-03
0.29392 2.71314769e-03
0.29494 2.70027080e-03
0.29596 2.68766890e-03
0.29699 2.67534376e-03
0.29801 2.66329626e-03
0.29905 2.65152700e-03
0.30008 2.64003525e-03
0.30112 2.62881951e-03
0.30216 2.61787743e-03
0.30321 2.60720663e-03
0.30426 2.59680356e-03
0.30531 2.58666378e-03
0.30637 2.57678256e-03
0.30743 2.56715428e-03
0.30849 2.55777300e-03
0.30956 2.54863208e-03
0.31063 2.53972425e-03
0.31171 2.53104183e-03
0.31279 2.52257653e-03
0.31387 2.51431990e-03
0.31496 2.50626278e-03
0.31605 2.49839570e-03
0.31714 2.49070872e-03
0.31824 2.48319166e-03
0.31934 2.47583428e-03
0.32044 2.46862579e-03
0.32155 2.46155494e-03
0.32267 2.45461064e-03
0.32378 2.44778192e-03
0.32490 2.44105709e-03
0.32603 2.43442447e-03
0.32716 2.42787266e-03
0.32829 2.42139026e-03
0.32943 2.41496543e-03
0.33057 2.40858663e-03
0.33171 2.40224261e-03
0.33286 2.39592212e-03
0.33401 2.38961422e-03
0.33517 2.38330794e-03
0.33633 2.37699278e-03
0.33749 2.37065823e-03
0.33866 2.36429452e-03
0.33983 2.35789219e-03
0.34101 2.35144146e-03
0.34219 2.34493390e-03
0.34337 2.33836093e-03
0.34456 2.33171469e-03
0.34576 2.32498765e-03
0.34695 2.31817269e-03
0.34815 2.31126331e-03
0.34936 2.30425359e-03
0.35057 2.29713834e-03
0.35178 2.28991224e-03
0.35300 2.28257100e-03
0.35422 2.27511091e-03
0.35545 2.26752842e-03
0.35668 2.25982118e-03
0.35791 2.25198650e-03
0.35915 2.24402292e-03
0.36039 2.23592894e-03
0.36164 2.22770414e-03
0.36289 2.21934821e-03
0.36415 2.21086130e-03
0.36541 2.20224414e-03
0.36668 2.19349764e-03
0.36795 2.18462341e-03
0.36922 2.17562324e-03
0.37050 2.16649963e-03
0.37178 2.15725496e-03
0.37307 2.14789188e-03
0.37436 2.13841396e-03
0.37565 2.12882475e-03
0.37695 2.11912734e-03
0.37826 2.10932604e-03
0.37957 2.09942484e-03
0.38088 2.08942804e-03
0.38220 2.07934021e-03
0.38352 2.06916550e-03
0.38485 2.05890896e-03
0.38618 2.04857515e-03
0.38752 2.03816883e-03
0.38886 2.02769487e-03
0.39021 2.01715830e-03
0.39156 2.00656387e-03
0.39291 1.99591660e-03
0.39427 1.98522138e-03
0.39564 1.97448295e-03
0.39701 1.96370603e-03
0.39838 1.95289582e-03
0.39976 1.94205659e-03
0.40115 1.93119310e-03
0.40253 1.92031006e-03
0.40393 1.90941164e-03
0.40533 1.89850212e-03
0.40673 1.88758638e-03
0.40814 1.87666797e-03
0.40955 1.86575105e-03
0.41097 1.85483975e-03
0.41239 1.84393762e-03
0.41382 1.83304852e-03
0.41525 1.82217585e-03
0.41669 1.81132301e-03
0.41813 1.80049370e-03
0.41958 1.78969059e-03
0.42103 1.77891708e-03
0.42249 1.76817583e-03
0.42395 1.75746966e-03
0.42542 1.74680138e-03
0.42689 1.73617364e-03
0.42837 1.72558839e-03
0.42985 1.71504842e-03
0.43134 1.70455581e-03
0.43283 1.69411249e-03
0.43433 1.68372037e-03
0.43583 1.67338139e-03
0.43734 1.66309731e-03
0.43886 1.65286977e-03
0.44037 1.64270025e-03
0.44190 1.63258992e-03
0.44343 1.62254043e-03
0.44496 1.61255294e-03
0.44650 1.60262851e-03
0.44805 1.59276801e-03
0.44960 1.58297292e-03
0.45116 1.57324370e-03
0.45272 1.56358122e-03
0.45429 1.55398624e-03
0.45586 1.54445948e-03
0.45744 1.53500124e-03
0.45902 1.52561242e-03
0.46061 1.51629300e-03
0.46220 1.50704374e-03
0.46380 1.49786493e-03
0.46541 1.48875672e-03
0.46702 1.47971910e-03
0.46864 1.47075252e-03
0.47026 1.46185712e-03
0.47189 1.45303262e-03
0.47352 1.44427946e-03
0.47516 1.43559719e-03
0.47680 1.42698596e-03
0.47845 1.41844576e-03
0.48011 1.40997602e-03
0.48177 1.40157717e-03
0.48344 1.39324832e-03
0.48511 1.38498977e-03
0.48679 1.37680093e-03
0.48848 1.36868136e-03
0.49017 1.36063104e-03
0.49186 1.35264955e-03
0.49357 1.34473644e-03
0.49528 1.33689140e-03
0.49699 1.32911385e-03
0.49871 1.32140320e-03
0.50044 1.31375944e-03
0.50217 1.30618170e-03
0.50391 1.29866966e-03
0.50565 1.29122274e-03
0.50740 1.28384050e-03
0.50916 1.27652250e-03
0.51092 1.26926783e-03
0.51269 1.26207636e-03
0.51446 1.25494720e-03
0.51625 1.24787976e-03
0.51803 1.24087403e-03
0.51983 1.23392884e-03
0.52163 1.22704358e-03
0.52343 1.22021797e-03
0.52524 1.21345141e-03
0.52706 1.20674301e-03
0.52889 1.20009263e-03
0.53072 1.19349908e-03
0.53255 1.18696192e-03
0.53440 1.18048100e-03
0.53625 1.17405529e-03
0.53810 1.16768418e-03
0.53997 1.16136710e-03
0.54183 1.15510344e-03
0.54371 1.14889277e-03
0.54559 1.14273449e-03
0.54748 1.13662742e-03
0.54938 1.13057185e-03
0.55128 1.12456646e-03
0.55319 1.11861108e-03
0.55510 1.11270485e-03
0.55702 1.10684730e-03
0.55895 1.10103786e-03
0.56089 1.09527592e-03
0.56283 1.08956105e-03
0.56478 1.08389221e-03
0.56673 1.07826939e-03
0.56869 1.07269186e-03
0.57066 1.06715888e-03
0.57264 1.06167016e-03
0.57462 1.05622479e-03
0.57661 1.05082264e-03
0.57860 1.04546268e-03
0.58061 1.04014518e-03
0.58262 1.03486884e-03
0.58463 1.02963319e-03
0.58666 1.02443824e-03
0.58869 1.01928325e-03
0.59073 1.01416748e-03
0.59277 1.00909064e-03
0.59482 1.00405228e-03
0.59688 9.99051800e-04
0.59895 9.94088916e-04
0.60102 9.89162736e-04
0.60310 9.84273408e-04
0.60519 9.79420044e-04
0.60728 9.74602200e-04
0.60939 9.69819580e-04
0.61150 9.65071888e-04
0.61361 9.60358088e-04
0.61574 9.55678476e-04
0.61787 9.51032312e-04
0.62001 9.46419004e-04
0.62215 9.41838552e-04
0.62431 9.37290068e-04
0.62647 9.32773552e-04
0.62864 9.28288560e-04
0.63081 9.23834648e-04
0.63300 9.19411372e-04
0.63519 9.15018436e-04
0.63739 9.10655396e-04
0.63959 9.06321956e-04
0.64181 9.02017672e-04
0.64403 8.97742396e-04
0.64626 8.93495536e-04
0.64849 8.89276944e-04
0.65074 8.85086472e-04
0.65299 8.80923380e-04
0.65525 8.76787372e-04
0.65752 8.72678152e-04
0.65980 8.68596016e-04
0.66208 8.64539780e-04
0.66437 8.60509740e-04
0.66667 8.56505452e-04
0.66898 8.52526324e-04
0.67130 8.48572356e-04
0.67362 8.44643400e-04
0.67595 8.40739012e-04
0.67829 8.36858896e-04
0.68064 8.33002756e-04
0.68299 8.29170296e-04
0.68536 8.25361664e-04
0.68773 8.21575972e-04
0.69011 8.17813368e-04
0.69250 8.14073556e-04
0.69490 8.10356388e-04
0.69730 8.06661272e-04
0.69972 8.02988504e-04
0.70214 7.99337344e-04
0.70457 7.95707940e-04
0.70701 7.92099848e-04
0.70946 7.88513068e-04
0.71191 7.84947008e-04
0.71438 7.81402112e-04
0.71685 7.77877492e-04
0.71933 7.74373148e-04
0.72182 7.70888932e-04
0.72432 7.67424844e-04
0.72683 7.63980440e-04
0.72934 7.60555720e-04
0.73187 7.57150240e-04
0.73440 7.53764148e-04
0.73694 7.50396852e-04
0.73949 7.47048648e-04
0.74205 7.43718944e-04
0.74462 7.40407888e-04
0.74720 7.37115184e-04
0.74979 7.33840536e-04
0.75238 7.30584092e-04
0.75499 7.27345408e-04
0.75760 7.24124484e-04
0.76022 7.20921024e-04
0.76285 7.17735028e-04
0.76549 7.14566348e-04
0.76814 7.11414688e-04
0.77080 7.08280048e-04
0.77347 7.05162280e-04
0.77615 7.02061088e-04
0.77884 6.98976620e-04
0.78153 6.95908580e-04
0.78424 6.92856672e-04
0.78695 6.89820896e-04
0.78968 6.86801252e-04
0.79241 6.83797592e-04
0.79515 6.80809472e-04
0.79790 6.77837336e-04
0.80067 6.74880592e-04
0.80344 6.71939240e-04
0.80622 6.69013132e-04
0.80901 6.66102416e-04
0.81181 6.63206500e-04
0.81462 6.60325680e-04
0.81744 6.57459808e-04
0.82027 6.54608588e-04
0.82311 6.51772168e-04
0.82596 6.48950104e-04
0.82882 6.46142544e-04
0.83169 6.43349192e-04
0.83457 6.40570344e-04
0.83745 6.37805408e-04
0.84035 6.35054532e-04
0.84326 6.32317568e-04
0.84618 6.29594516e-04
0.84911 6.26885228e-04
0.85205 6.24189408e-04
0.85500 6.21507500e-04
0.85796 6.18838764e-04
0.86093 6.16183644e-04
0.86391 6.13541548e-04
0.86690 6.10912772e-04
0.86990 6.08297168e-04
0.87291 6.05694588e-04
0.87593 6.03104884e-04
0.87897 6.00528352e-04
0.88201 5.97964252e-04
0.88506 5.95413028e-04
0.88813 5.92874532e-04
0.89120 5.90348468e-04
0.89428 5.87834688e-04
0.89738 5.85333636e-04
0.90049 5.82844720e-04
0.90360 5.80368088e-04
0.90673 5.77903592e-04
0.90987 5.75451232e-04
0.91302 5.73010860e-04
0.91618 5.70582476e-04
0.91935 5.68165932e-04
0.92253 5.65761228e-04
0.92573 5.63368364e-04
0.92893 5.60986970e-04
0.93215 5.58617209e-04
0.93537 5.56259184e-04
0.93861 5.53912422e-04
0.94186 5.51577204e-04
0.94512 5.49253234e-04
0.94839 5.46940482e-04
0.95168 5.44638934e-04
0.95497 5.42348560e-04
0.95828 5.40069227e-04
0.96159 5.37801038e-04
0.96492 5.35543831e-04
0.96826 5.33297310e-04
0.97161 5.31061755e-04
0.97498 5.28836841e-04
0.97835 5.26622850e-04
0.98174 5.24419174e-04
0.98514 5.22226258e-04
0.98855 5.20043924e-04
0.99197 5.17872172e-04
0.99540 5.15710662e-04
0.99885 5.13559556e-04
1.00231 5.11418825e-04
1.00578 5.09288158e-04
1.00926 5.07167702e-04
1.01275 5.05057430e-04
1.01626 5.02957324e-04
1.01978 5.00867091e-04
1.02330 4.98786847e-04
1.02685 4.96716594e-04
1.03040 4.94656167e-04
1.03397 4.92605686e-04
1.03755 4.90564692e-04
1.04114 4.88533496e-04
1.04474 4.86512068e-04
1.04836 4.84500082e-04
1.05199 4.82497701e-04
1.05563 4.80504748e-04
1.05928 4.78521370e-04
1.06295 4.76547228e-04
1.06663 4.74582646e-04
1.07032 4.72627137e-04
1.07403 4.70680996e-04
1.07775 4.68743913e-04
1.08148 4.66816183e-04
1.08522 4.64897482e-04
1.08898 4.62987823e-04
1.09275 4.61087162e-04
1.09653 4.59195397e-04
1.10032 4.57312496e-04
1.10413 4.55438580e-04
1.10796 4.53573469e-04
1.11179 4.51716986e-04
1.11564 4.49869414e-04
1.11950 4.48030410e-04
1.12338 4.46199976e-04
1.12726 4.44378199e-04
1.13117 4.42564948e-04
1.13508 4.40760295e-04
1.13901 4.38963960e-04
1.14295 4.37176046e-04
1.14691 4.35396523e-04
1.15088 4.33625378e-04
1.15487 4.31862431e-04
1.15886 4.30107654e-04
1.16287 4.28361180e-04
1.16690 4.26622684e-04
1.17094 4.24892460e-04
1.17499 4.23170288e-04
1.17906 4.21456018e-04
1.18314 4.19749786e-04
1.18724 4.18051560e-04
1.19135 4.16361163e-04
1.19547 4.14678566e-04
1.19961 4.13003753e-04
1.20376 4.11336874e-04
1.20793 4.09677572e-04
1.21211 4.08025966e-04
1.21630 4.06382070e-04
1.22052 4.04745842e-04
1.22474 4.03117102e-04
1.22898 4.01495850e-04
1.23323 3.99882192e-04
1.23750 3.98275962e-04
1.24179 3.96677133e-04
1.24609 3.95085571e-04
1.25040 3.93501482e-04
1.25473 3.91924602e-04
1.25907 3.90355047e-04
1.26343 3.88792626e-04
1.26780 3.87237486e-04
1.27219 3.85689450e-04
1.27659 3.84148504e-04
1.28101 3.82614765e-04
1.28545 3.81087923e-04
1.28990 3.79568096e-04
1.29436 3.78055255e-04
1.29884 3.76549252e-04
1.30334 3.75050219e-04
1.30785 3.73557964e-04
1.31238 3.72072622e-04
1.31692 3.70594042e-04
1.32148 3.69122168e-04
1.32605 3.67657160e-04
1.33064 3.66198694e-04
1.33525 3.64746888e-04
1.33987 3.63301579e-04
1.34451 3.61863049e-04
1.34916 3.60430823e-04
1.35383 3.59005332e-04
1.35852 3.57586115e-04
1.36322 3.56173440e-04
1.36794 3.54767159e-04
1.37268 3.53367316e-04
1.37743 3.51973748e-04
1.38220 3.50586485e-04
1.38698 3.49205482e-04
1.39178 3.47830725e-04
1.39660 3.46462169e-04
1.40144 3.45099799e-04
1.40629 3.43743572e-04
1.41115 3.42393427e-04
1.41604 3.41049394e-04
1.42094 3.39711386e-04
1.42586 3.38379400e-04
1.43080 3.37053394e-04
1.43575 3.35733338e-04
1.44072 3.34419231e-04
1.44571 3.33110970e-04
1.45071 3.31808585e-04
1.45573 3.30512046e-04
1.46077 3.29221294e-04
1.46583 3.27936313e-04
1.47090 3.26657060e-04
1.47599 3.25383550e-04
1.48110 3.24115678e-04
1.48623 3.22853490e-04
1.49137 3.21596911e-04
1.49654 3.20345911e-04
1.50172 3.19100506e-04
1.50692 3.17860592e-04
1.51213 3.16626212e-04
1.51737 3.15397309e-04
1.52262 3.14173852e-04
1.52789 3.12955798e-04
1.53318 3.11743145e-04
1.53849 3.10535850e-04
1.54381 3.09333897e-04
1.54916 3.08137258e-04
1.55452 3.06945902e-04
1.55990 3.05759801e-04
1.56530 3.04578924e-04
1.57072 3.03403212e-04
1.57615 3.02232709e-04
1.58161 3.01067357e-04
1.58709 2.99907096e-04
1.59258 2.98751942e-04
1.59809 2.97601863e-04
1.60362 2.96456817e-04
1.60918 2.95316788e-04
1.61475 2.94181731e-04
1.62034 2.93051662e-04
1.62594 2.91926522e-04
1.63157 2.90806280e-04
1.63722 2.89690938e-04
1.64289 2.88580449e-04
1.64857 2.87474800e-04
1.65428 2.86373976e-04
1.66001 2.85277918e-04
1.66575 2.84186640e-04
1.67152 2.83100068e-04
1.67731 2.82018248e-04
1.68311 2.80941089e-04
1.68894 2.79868607e-04
1.69478 2.78800757e-04
1.70065 2.77737540e-04
1.70654 2.76678911e-04
1.71245 2.75624840e-04
1.71837 2.74575328e-04
1.72432 2.73530329e-04
1.73029 2.72489845e-04
1.73628 2.71453815e-04
1.74229 2.70422270e-04
1.74832 2.69395135e-04
1.75437 2.68372411e-04
1.76045 2.67354082e-04
1.76654 2.66340104e-04
1.77266 2.65330478e-04
1.77879 2.64325188e-04
1.78495 2.63324160e-04
1.79113 2.62327440e-04
1.79733 2.61334966e-04
1.80355 2.60346696e-04
1.80979 2.59362689e-04
1.81606 2.58382840e-04
1.82234 2.57407150e-04
1.82865 2.56435634e-04
1.83498 2.55468217e-04
1.84133 2.54504929e-04
1.84771 2.53545712e-04
1.85410 2.52590594e-04
1.86052 2.51639486e-04
1.86696 2.50692405e-04
1.87342 2.49749319e-04
1.87991 2.48810244e-04
1.88642 2.47875121e-04
1.89295 2.46943920e-04
1.89950 2.46016670e-04
1.90607 2.45093313e-04
1.91267 2.44173834e-04
1.91929 2.43258217e-04
1.92594 2.42346463e-04
1.93260 2.41438542e-04
1.93929 2.40534410e-04
1.94601 2.39634067e-04
1.95274 2.38737498e-04
1.95950 2.37844658e-04
1.96629 2.36955578e-04
1.97309 2.36070182e-04
1.97992 2.35188517e-04
1.98678 2.34310507e-04
1.99365 2.33436152e-04
2.00055 2.32565454e-04
2.00748 2.31698351e-04
2.01443 2.30834875e-04
2.02140 2.29974965e-04
2.02840 2.29118637e-04
2.03542 2.28265846e-04
2.04247 2.27416608e-04
2.04954 2.26570876e-04
2.05663 2.25728638e-04
2.06375 2.24889878e-04
2.07090 2.24054595e-04
2.07806 2.23222761e-04
2.08526 2.22394346e-04
2.09247 2.21569350e-04
2.09972 2.20747742e-04
2.10699 2.19929510e-04
2.11428 2.19114651e-04
2.12160 2.18303138e-04
2.12894 2.17494969e-04
2.13631 2.16690086e-04
2.14371 2.15888518e-04
2.15113 2.15090220e-04
2.15857 2.14295194e-04
2.16605 2.13503424e-04
2.17354 2.12714894e-04
2.18107 2.11929562e-04
2.18862 2.11147441e-04
2.19619 2.10368502e-04
2.20380 2.09592746e-04
2.21143 2.08820141e-04
2.21908 2.08050674e-04
2.22676 2.07284330e-04
2.23447 2.06521124e-04
2.24220 2.05760981e-04
2.24997 2.05003932e-04
2.25775 2.04249946e-04
2.26557 2.03499008e-04
2.27341 2.02751120e-04
2.28128 2.02006236e-04
2.28918 2.01264386e-04
2.29710 2.00525511e-04
2.30505 1.99789610e-04
2.31303 1.99056670e-04
2.32104 1.98326704e-04
2.32908 1.97599654e-04
2.33714 1.96875550e-04
2.34523 1.96154331e-04
2.35335 1.95436013e-04
2.36149 1.94720596e-04
2.36967 1.94008020e-04
2.37787 1.93298316e-04
2.38610 1.92591453e-04
2.39436 1.91887402e-04
2.40265 1.91186178e-04
2.41097 1.90487736e-04
2.41931 1.89792092e-04
2.42769 1.89099230e-04
2.43609 1.88409106e-04
2.44452 1.87721750e-04
2.45298 1.87037116e-04
2.46148 1.86355236e-04
2.47000 1.85676034e-04
2.47855 1.84999541e-04
2.48713 1.84325727e-04
2.49574 1.83654591e-04
2.50438 1.82986090e-04
2.51304 1.82320268e-04
2.52174 1.81657065e-04
2.53047 1.80996482e-04
2.53923 1.80338518e-04
2.54802 1.79683159e-04
2.55684 1.79030361e-04
2.56569 1.78380152e-04
2.57457 1.77732519e-04
2.58349 1.77087402e-04
2.59243 1.76444845e-04
2.60140 1.75804804e-04
2.61041 1.75167309e-04
2.61944 1.74532300e-04
2.62851 1.73899778e-04
2.63761 1.73269727e-04
2.64674 1.72642148e-04
2.65590 1.72017040e-04
2.66510 1.71394360e-04
2.67432 1.70774136e-04
2.68358 1.70156325e-04
2.69287 1.69540941e-04
2.70219 1.68927940e-04
2.71154 1.68317322e-04
2.72093 1.67709116e-04
2.73035 1.67103263e-04
2.73980 1.66499763e-04
2.74928 1.65898632e-04
2.75880 1.65299809e-04
2.76835 1.64703339e-04
2.77793 1.64109164e-04
2.78755 1.63517326e-04
2.79720 1.62927754e-04
2.80688 1.62340475e-04
2.81660 1.61755475e-04
2.82635 1.61172740e-04
2.83613 1.60592254e-04
2.84595 1.60014018e-04
2.85580 1.59438017e-04
2.86569 1.58864236e-04
2.87561 1.58292675e-04
2.88556 1.57723304e-04
2.89555 1.57156138e-04
2.90557 1.56591163e-04
2.91563 1.56028334e-04
2.92572 1.55467710e-04
2.93585 1.54909217e-04
2.94601 1.54352885e-04
2.95621 1.53798684e-04
2.96644 1.53246615e-04
2.97671 1.52696662e-04
2.98702 1.52148795e-04
2.99736 1.51603045e-04
3.00773 1.51059397e-04
3.01814 1.50517820e-04
3.02859 1.49978316e-04
3.03907 1.49440869e-04
3.04960 1.48905479e-04
3.06015 1.48372131e-04
3.07074 1.47840811e-04
3.08137 1.47311534e-04
3.09204 1.46784254e-04
3.10274 1.46259002e-04
3.11348 1.45735748e-04
3.12426 1.45214477e-04
3.13508 1.44695190e-04
3.14593 1.44177885e-04
3.15682 1.43662534e-04
3.16775 1.43149137e-04
3.17871 1.42637708e-04
3.18972 1.42128204e-04
3.20076 1.41620638e-04
3.21184 1.41114981e-04
3.22295 1.40611263e-04
3.23411 1.40109439e-04
3.24531 1.39609510e-04
3.25654 1.39111490e-04
3.26781 1.38615335e-04
3.27912 1.38121044e-04
3.29047 1.37628648e-04
3.30187 1.37138073e-04
3.31330 1.36649377e-04
3.32476 1.36162516e-04
3.33627 1.35677476e-04
3.34782 1.35194285e-04
3.35941 1.34712886e-04
3.37104 1.34233321e-04
3.38271 1.33755548e-04
3.39442 1.33279580e-04
3.40617 1.32805388e-04
3.41796 1.32332986e-04
3.42979 1.31862346e-04
3.44166 1.31393468e-04
3.45358 1.30926365e-04
3.46553 1.30461008e-04
3.47753 1.29997384e-04
3.48957 1.29535505e-04
3.50164 1.29075344e-04
3.51377 1.28616914e-04
3.52593 1.28160186e-04
3.53814 1.27705174e-04
3.55038 1.27251865e-04
3.56267 1.26800228e-04
3.57500 1.26350294e-04
3.58738 1.25902031e-04
3.59980 1.25455441e-04
3.61226 1.25010509e-04
3.62476 1.24567249e-04
3.63731 1.24125617e-04
3.64990 1.23685657e-04
3.66254 1.23247311e-04
3.67521 1.22810607e-04
3.68794 1.22375517e-04
3.70070 1.21942040e-04
3.71351 1.21510176e-04
3.72637 1.21079925e-04
3.73927 1.20651243e-04
3.75221 1.20224189e-04
3.76520 1.19798674e-04
3.77823 1.19374758e-04
3.79131 1.18952410e-04
3.80443 1.18531631e-04
3.81760 1.18112406e-04
3.83082 1.17694721e-04
3.84408 1.17278604e-04
3.85739 1.16863997e-04
3.87074 1.16450944e-04
3.88414 1.16039385e-04
3.89758 1.15629366e-04
3.91107 1.15220871e-04
3.92461 1.14813856e-04
3.93820 1.14408366e-04
3.95183 1.14004356e-04
3.96551 1.13601840e-04
3.97924 1.13200790e-04
3.99301 1.12801249e-04
4.00683 1.12403144e-04
4.02070 1.12006518e-04
4.03462 1.11611344e-04
4.04859 1.11217619e-04
4.06260 1.10825360e-04
4.07667 1.10434522e-04
4.09078 1.10045119e-04
4.10494 1.09657152e-04
4.11915 1.09270605e-04
4.13341 1.08885465e-04
4.14771 1.08501745e-04
4.16207 1.08119432e-04
4.17648 1.07738524e-04
4.19094 1.07359008e-04
4.20545 1.06980868e-04
4.22000 1.06604134e-04
4.23461 1.06228761e-04
4.24927 1.05854765e-04
4.26398 1.05482131e-04
4.27874 1.05110873e-04
4.29355 1.04740932e-04
4.30841 1.04372382e-04
4.32332 1.04005165e-04
4.33829 1.03639279e-04
4.35331 1.03274740e-04
4.36838 1.02911519e-04
4.38350 1.02549614e-04
4.39867 1.02189057e-04
4.41390 1.01829787e-04
4.42918 1.01471849e-04
4.44451 1.01115184e-04
4.45990 1.00759821e-04
4.47533 1.00405775e-04
4.49083 1.00052988e-04
4.50637 9.97014876e-05
4.52197 9.93512752e-05
4.53762 9.90023356e-05
4.55333 9.86546540e-05
4.56909 9.83082304e-05
4.58491 9.79630648e-05
4.60078 9.76191572e-05
4.61670 9.72765224e-05
4.63269 9.69350716e-05
4.64872 9.65949084e-05
4.66481 9.62559588e-05
4.68096 9.59182228e-05
4.69717 9.55817448e-05
4.71343 9.52464508e-05
4.72974 9.49124000e-05
4.74611 9.45795184e-05
4.76254 9.42478652e-05
4.77903 9.39173960e-05
4.79557 9.35881404e-05
4.81217 9.32600836e-05
4.82883 9.29331812e-05
4.84555 9.26074628e-05
4.86232 9.22829432e-05
4.87915 9.19595780e-05
4.89604 9.16373820e-05
4.91299 9.13163404e-05
4.92999 9.09964532e-05
4.94706 9.06777500e-05
4.96418 9.03601716e-05
4.98137 9.00437476e-05
4.99861 8.97284632e-05
5.01591 9.05046048e-05
5.03328 9.13861964e-05
5.05070 9.22800424e-05
5.06818 9.31852252e-05
5.08573 9.41013008e-05
5.10333 9.50295124e-05
5.12100 9.59693272e-05
5.13873 9.69217516e-05
5.15651 9.78858976e-05
5.17436 9.88630528e-05
5.19228 9.98539572e-05
5.21025 1.00857841e-04
5.22828 1.01874601e-04
5.24638 1.02904637e-04
5.26454 1.03948200e-04
5.28277 1.05005882e-04
5.30105 1.06077786e-04
5.31940 1.07164787e-04
5.33782 1.08267017e-04
5.35629 1.09384994e-04
5.37484 1.10517431e-04
5.39344 1.11666030e-04
5.41211 1.12830745e-04
5.43084 1.14011933e-04
5.44965 1.15209031e-04
5.46851 1.16422898e-04
5.48744 1.17654938e-04
5.50643 1.18904695e-04
5.52550 1.20172241e-04
5.54462 1.21457798e-04
5.56381 1.22762389e-04
5.58308 1.24086944e-04
5.60240 1.25429763e-04
5.62179 1.26793050e-04
5.64125 1.28176865e-04
5.66078 1.29581296e-04
5.68038 1.31007158e-04
5.70004 1.32453710e-04
5.71977 1.33923587e-04
5.73957 1.35416759e-04
5.75944 1.36930769e-04
5.77938 1.38469747e-04
5.79938 1.40033086e-04
5.81946 1.41620830e-04
5.83960 1.43232994e-04
5.85982 1.44871324e-04
5.88010 1.46535984e-04
5.90045 1.48227136e-04
5.92088 1.49946452e-04
5.94137 1.51693310e-04
5.96194 1.53470169e-04
5.98258 1.55276228e-04
6.00329 1.57111294e-04
6.02407 1.58978300e-04
6.04492 1.60876799e-04
6.06585 1.62807356e-04
6.08684 1.64770738e-04
6.10791 1.66768901e-04
6.12906 1.68801430e-04
6.15027 1.70869878e-04
6.17156 1.72974245e-04
6.19293 1.75115998e-04
6.21436 1.77296363e-04
6.23588 1.79516156e-04
6.25746 1.81776175e-04
6.27912 1.84076776e-04
6.30086 1.86422620e-04
6.32267 1.88810334e-04
6.34455 1.91243646e-04
6.36652 1.93722898e-04
6.38856 1.96248947e-04
6.41067 1.98823600e-04
6.43286 2.01448128e-04
6.45513 2.04124175e-04
6.47747 2.06852644e-04
6.49990 2.09635014e-04
6.52240 2.12475134e-04
6.54497 2.15371583e-04
6.56763 2.18327587e-04
6.59037 2.21343724e-04
6.61318 2.24421842e-04
6.63607 2.27564267e-04
6.65904 2.30773470e-04
6.68209 2.34052809e-04
6.70522 2.37402789e-04
6.72843 2.40824238e-04
6.75172 2.44320561e-04
6.77510 2.47894835e-04
6.79855 2.51547845e-04
6.82208 2.55283809e-04
6.84570 2.59107389e-04
6.86939 2.63017815e-04
6.89317 2.67018610e-04
6.91704 2.71112231e-04
6.94098 2.75303636e-04
6.96500 2.79598433e-04
6.98911 2.83996534e-04
7.01331 2.88500618e-04
7.03759 2.93115761e-04
7.06195 2.97848387e-04
7.08639 3.02702298e-04
7.11092 3.07679879e-04
7.13554 3.12784946e-04
7.16024 3.18021719e-04
7.18502 3.23403650e-04
7.20990 3.28928313e-04
7.23485 3.34601626e-04
7.25990 3.40428120e-04
7.28503 3.46423452e-04
7.31025 3.52585846e-04
7.33555 3.58921297e-04
7.36094 3.65439720e-04
7.38642 3.72155694e-04
7.41199 3.79068123e-04
7.43765 3.86184940e-04
7.46340 3.93522572e-04
7.48923 4.01090330e-04
7.51516 4.08890611e-04
7.54117 4.16936705e-04
7.56727 4.25252751e-04
7.59347 4.33835967e-04
7.61975 4.42697896e-04
7.64613 4.51873570e-04
7.67260 4.61358535e-04
7.69916 4.71166392e-04
7.72581 4.81335205e-04
7.75255 4.91865716e-04
7.77939 5.02771140e-04
7.80632 5.14102139e-04
7.83334 5.25853028e-04
7.86046 5.38047503e-04
7.88767 5.50743046e-04
7.91497 5.63932481e-04
7.94237 5.77657794e-04
7.96986 5.91967647e-04
7.99745 6.06866393e-04
8.02513 6.22425352e-04
8.05291 6.38668085e-04
8.08079 6.55626206e-04
8.10876 6.73397795e-04
8.13683 6.91979757e-04
8.16500 7.11473178e-04
8.19326 7.31927192e-04
8.22162 7.53396279e-04
8.25008 7.76014202e-04
8.27864 7.99791852e-04
8.30730 8.24914260e-04
8.33605 8.51413364e-04
8.36491 8.79457144e-04
8.39386 9.09168588e-04
8.42292 9.40682228e-04
8.45208 9.74228056e-04
8.48133 1.00990656e-03
8.51069 1.04808598e-03
8.54016 1.08883615e-03
8.56972 1.13269447e-03
8.59938 1.17973775e-03
8.62915 1.23066322e-03
8.65902 1.28563959e-03
8.68899 1.34557338e-03
8.71907 1.41077700e-03
8.74925 1.48251659e-03
8.77954 1.56129980e-03
8.80993 1.64903613e-03
8.84043 1.74658248e-03
8.87103 1.85692581e-03
8.90174 1.98181102e-03
8.93255 2.12593150e-03
8.96347 2.29339823e-03
8.99450 2.49224541e-03
9.02563 2.73275340e-03
9.05688 3.03090458e-03
9.08823 3.41568815e-03
9.11969 3.92716934e-03
9.15126 4.66666185e-03
9.18294 5.79835791e-03
9.21472 7.78772507e-03
9.24662 1.19987401e-02
9.27863 2.33429845e-02
9.31075 5.67866447e-02
9.34298 7.54374274e-02
9.37532 6.17223143e-02
9.40777 4.15522910e-02
9.44034 2.34866157e-02
9.47302 1.44688620e-02
9.50581 1.19662282e-02
9.53871 1.18140586e-02
9.57173 1.29636083e-02
9.60487 1.54274654e-02
9.63811 1.99869979e-02
9.67148 2.90965517e-02
9.70495 5.17604969e-02
9.73855 1.10984214e-01
9.77226 1.61376601e-01
9.80609 1.85638359e-01
9.84003 2.01791806e-01
9.87409 2.15443311e-01
9.90827 2.27558871e-01
9.94257 2.38409506e-01
9.97699 2.48417624e-01
10.01153 2.58695216e-01
10.04618 2.74495009e-01
10.08096 3.19151181e-01
10.11585 3.33421400e-01
10.15087 2.72175552e-01
10.18601 1.50768088e-01
10.22127 8.83429656e-02
10.25665 5.75373828e-02
10.29215 4.19220967e-02
10.32778 4.17385249e-02
10.36353 6.56799314e-02
10.39941 1.46063966e-01
10.43540 1.13903772e-01
10.47153 7.92553305e-02
10.50777 5.40192748e-02
10.54415 3.60164660e-02
10.58065 3.24152471e-02
10.61727 4.24558306e-02
10.65403 7.81734594e-02
10.69091 1.36944662e-01
10.72791 1.66267208e-01
10.76505 1.83414119e-01
10.80231 1.99795770e-01
10.83971 2.24471791e-01
10.87723 2.93792516e-01
10.91488 3.58354627e-01
10.95266 3.85386779e-01
10.99058 3.98320024e-01
11.02862 4.10426432e-01
11.06680 4.24020430e-01
11.10511 4.34625202e-01
11.14355 4.42040501e-01
11.18212 4.47868189e-01
11.22083 4.51616844e-01
11.25967 4.33960728e-01
11.29865 3.36772836e-01
11.33776 2.64228218e-01
11.37701 1.19013324e-01
11.41639 4.73457944e-02
11.45591 3.17364049e-02
11.49556 2.19689736e-02
11.53536 1.64051910e-02
11.57529 1.36357835e-02
11.61536 1.21157537e-02
11.65556 1.15586473e-02
11.69591 1.20714485e-02
11.73640 1.42545857e-02
11.77702 1.97966656e-02
11.81779 3.26582631e-02
11.85870 5.43540848e-02
11.89975 6.06443394e-02
11.94094 4.10841310e-02
11.98227 2.46708570e-02
12.02375 1.60945622e-02
12.06537 1.15558384e-02
12.10714 8.91863688e-03
12.14905 7.24684930e-03
12.19110 6.11057383e-03
12.23330 5.29509472e-03
12.27565 4.68439240e-03
12.31814 4.21140542e-03
12.36078 3.83542385e-03
12.40357 3.53028411e-03
12.44651 3.27767120e-03
12.48959 3.06556144e-03
12.53283 2.88537722e-03
12.57621 2.73084701e-03
12.61974 2.59727760e-03
12.66343 2.48139730e-03
12.70726 2.38008228e-03
12.75125 2.29114316e-03
12.79539 2.21285426e-03
12.83968 2.14382085e-03
12.88413 2.08310533e-03
12.92873 2.02956159e-03
12.97348 1.98240642e-03
13.01839 1.94099884e-03
13.06345 1.90492206e-03
13.10867 1.87364877e-03
13.15405 1.84674474e-03
13.19959 1.82389339e-03
13.24528 1.80497041e-03
13.29113 1.78961348e-03
13.33713 1.77762844e-03
13.38330 1.76894321e-03
13.42963 1.76342488e-03
13.47612 1.76091110e-03
13.52277 1.76139566e-03
13.56958 1.76485812e-03
13.61655 1.77119222e-03
13.66368 1.78047641e-03
13.71098 1.79273007e-03
13.75844 1.80792686e-03
13.80607 1.82626110e-03
13.85386 1.84773590e-03
13.90182 1.87247572e-03
13.94994 1.90072656e-03
13.99823 1.93253679e-03
14.04668 1.96827257e-03
14.09531 2.00808531e-03
14.14410 2.05233391e-03
14.19306 2.10140138e-03
14.24219 2.15564575e-03
14.29149 2.21570622e-03
14.34096 2.28200208e-03
14.39060 2.35548083e-03
14.44042 2.43671344e-03
14.49041 2.52704346e-03
14.54057 2.62734484e-03
14.59090 2.73951093e-03
14.64141 2.86498119e-03
14.69209 3.00647540e-03
14.74295 3.16649434e-03
14.79398 3.34909170e-03
14.84519 3.55886335e-03
14.89658 3.80223944e-03
14.94814 4.08819778e-03
14.99989 4.42791166e-03
15.05181 4.84041518e-03
15.10392 5.34935211e-03
15.15620 5.99496052e-03
15.20866 6.84041363e-03
15.26131 7.98525801e-03
15.31414 9.61127718e-03
15.36715 1.19965508e-02
15.42034 1.54890803e-02
15.47372 2.00493035e-02
15.52729 2.40768358e-02
15.58103 2.53548675e-02
15.63497 2.41201553e-02
15.68909 2.24857930e-02
15.74340 2.21001746e-02
15.79790 2.36103608e-02
15.85258 2.73048604e-02
15.90746 3.36703454e-02
15.96252 4.33223242e-02
16.01778 5.60503592e-02
16.07323 6.96772194e-02
16.12886 8.14020850e-02
16.18470 8.99176110e-02
16.24072 9.49437209e-02
16.29694 9.61222475e-02
16.35335 9.27181045e-02
16.40996 8.39784983e-02
16.46677 7.05306444e-02
16.52377 5.55772505e-02
16.58097 4.27509544e-02
16.63836 3.33632374e-02
16.69596 2.69008426e-02
16.75375 2.25025164e-02
16.81175 1.95062461e-02
16.86994 1.74774872e-02
16.92834 1.61473787e-02
16.98694 1.53573754e-02
17.04574 1.50258080e-02
17.10474 1.51335520e-02
17.16395 1.57274820e-02
17.22337 1.69470819e-02
17.28299 1.90916108e-02
17.34281 2.27559132e-02
17.40285 2.89637006e-02
17.46309 3.83946987e-02
17.52354 4.82860212e-02
17.58420 5.36324324e-02
17.64507 5.27038612e-02
17.70615 4.72576432e-02
17.76744 4.06832716e-02
17.82894 3.56851636e-02
17.89066 3.32850357e-02
17.95259 3.33664920e-02
18.01473 3.56588344e-02
18.07709 4.02119937e-02
18.13967 4.74925103e-02
18.20246 5.82913718e-02
18.26547 7.31810716e-02
18.32870 9.15998344e-02
18.39214 1.12196639e-01
18.45581 1.34118399e-01
18.51969 1.55348614e-01
18.58380 1.72925997e-01
18.64813 1.86247078e-01
18.71268 1.96039705e-01
18.77746 2.02945326e-01
18.84246 2.07512798e-01
18.90768 2.10595579e-01
18.97313 2.13136250e-01
19.03881 2.15612897e-01
19.10472 2.18089988e-01
19.17085 2.20316500e-01
19.23721 2.21934066e-01
19.30380 2.22543086e-01
19.37062 2.21641929e-01
19.43768 2.18617371e-01
19.50496 2.12755402e-01
19.57248 2.03253210e-01
19.64023 1.89072827e-01
19.70822 1.66197754e-01
19.77644 1.33564110e-01
19.84490 1.03065187e-01
19.91359 8.09870622e-02
19.98252 6.57828239e-02
20.05169 5.53931692e-02
20.12110 4.82339785e-02
20.19076 4.34724736e-02
20.26065 4.05205766e-02
20.33078 3.92388848e-02
20.40116 3.96396644e-02
20.47178 4.20675126e-02
20.54264 4.65222860e-02
20.61375 5.22533210e-02
20.68511 5.90165185e-02
20.75671 6.71696268e-02
20.82856 7.36560539e-02
20.90066 7.47289059e-02
20.97301 7.22775878e-02
21.04561 7.29187268e-02
21.11846 7.89554529e-02
21.19157 8.74499351e-02
21.26492 9.55890900e-02
21.33853 1.02667902e-01
21.41240 1.08250056e-01
21.48652 1.11485551e-01
21.56090 1.12361357e-01
21.63553 1.11442795e-01
21.71043 1.08726181e-01
21.78558 1.04515054e-01
21.86099 1.01471761e-01
21.93666 1.03560662e-01
22.01260 1.10179118e-01
22.08880 1.17667045e-01
22.16526 1.26382321e-01
22.24199 1.38701234e-01
22.31898 1.55450882e-01
22.39624 1.73321187e-01
22.47377 1.88902375e-01
22.55156 2.01884151e-01
22.62962 2.13351028e-01
22.70796 2.23917799e-01
22.78656 2.35293330e-01
22.86544 2.49750163e-01
22.94459 2.65763837e-01
23.02402 2.79806669e-01
23.10372 2.90323756e-01
23.18369 2.95931580e-01
23.26394 2.99224935e-01
23.34447 2.95626981e-01
23.42528 2.87288528e-01
23.50637 2.67533769e-01
23.58774 2.43998735e-01
23.66939 2.19394416e-01
23.75133 1.92433108e-01
23.83354 1.58670134e-01
23.91604 1.23223421e-01
23.99883 9.08573628e-02
24.08191 6.71750422e-02
24.16527 5.35341264e-02
24.24892 4.72688912e-02
24.33286 4.60956508e-02
24.41709 4.74963983e-02
24.50161 5.20152675e-02
24.58642 6.18669778e-02
24.67153 7.31490474e-02
24.75693 8.05410554e-02
24.84263 8.24971950e-02
24.92863 7.80362368e-02
25.01492 6.57474401e-02
25.10151 4.85141395e-02
25.18840 3.46176780e-02
25.27559 2.63682291e-02
25.36309 2.18280272e-02
25.45088 1.95424794e-02
25.53898 1.88774858e-02
25.62739 1.98553899e-02
25.71610 2.29982350e-02
25.80512 2.92068812e-02
25.89444 3.74041602e-02
25.98408 4.11749702e-02
26.07403 3.59961068e-02
26.16428 2.74464971e-02
26.25485 2.14892716e-02
26.34574 1.85277624e-02
26.43694 1.75882134e-02
26.52845 1.82462087e-02
26.62028 2.04906456e-02
26.71243 2.43517362e-02
26.80489 3.01976138e-02
26.89768 3.95080407e-02
26.99079 5.12540805e-02
27.08422 6.17546098e-02
27.17798 6.95292520e-02
27.27205 7.49860652e-02
27.36646 7.86686445e-02
27.46119 8.08660409e-02
27.55625 8.16258088e-02
27.65164 8.07433573e-02
27.74736 7.76454303e-02
27.84341 7.12289547e-02
27.93979 6.01884226e-02
28.03650 4.55368130e-02
28.13355 3.22481875e-02
28.23094 2.31732259e-02
28.32867 1.74749976e-02
28.42673 1.38269366e-02
28.52513 1.13881641e-02
28.62387 9.68185897e-03
28.72295 8.42023963e-03
28.82238 7.45136310e-03
28.92215 6.70394934e-03
29.02227 6.12267786e-03
29.12273 5.66490646e-03
29.22354 5.30107125e-03
29.32470 5.01090556e-03
29.42621 4.78032615e-03
29.52807 4.59944454e-03
29.63029 4.46135462e-03
29.73286 4.36139468e-03
29.83578 4.29669752e-03
29.93906 4.26598264e-03
30.04269 4.26971475e-03
30.14669 4.30987204e-03
30.25104 4.39073790e-03
30.35576 4.51998971e-03
30.46084 4.71085776e-03
30.56628 4.98708096e-03
30.67209 5.39181716e-03
30.77826 6.01511368e-03
30.88481 7.07227028e-03
30.99172 9.14090180e-03
31.09900 1.36930725e-02
31.20665 1.93531963e-02
31.31467 1.58680435e-02
31.42307 1.23548372e-02
31.53184 1.21401958e-02
31.64099 1.40379968e-02
31.75052 1.72594828e-02
31.86043 1.96924620e-02
31.97072 2.35059183e-02
32.08139 3.22082428e-02
32.19244 4.67968560e-02
32.30388 6.22232355e-02
32.41570 7.53059849e-02
32.52791 8.77199835e-02
32.64051 9.92145942e-02
32.75349 1.07084866e-01
32.86687 1.12883424e-01
32.98064 1.20778070e-01
33.09481 1.29046124e-01
33.20937 1.34527857e-01
33.32433 1.36526547e-01
33.43968 1.34392381e-01
33.55544 1.24401592e-01
33.67159 1.01373399e-01
33.78815 7.25046080e-02
33.90511 4.72013677e-02
34.02247 3.10840685e-02
34.14024 2.18864191e-02
34.25842 1.64007414e-02
34.37701 1.28796615e-02
34.49601 1.04429007e-02
34.61542 8.69613812e-03
34.73525 7.39231288e-03
34.85549 6.40225356e-03
34.97614 5.64482508e-03
35.09721 5.06323496e-03
35.21871 4.62261853e-03
35.34062 4.30660967e-03
35.46295 4.11817015e-03
35.58571 4.08905959e-03
35.70889 4.31250288e-03
35.83250 5.03902497e-03
35.95654 6.89545542e-03
36.08101 1.01146648e-02
36.20590 1.12270935e-02
36.33123 1.01717810e-02
36.45700 7.01969520e-03
36.58320 4.41160132e-03
36.70983 3.14672198e-03
36.83691 2.49533594e-03
36.96442 2.11198560e-03
37.09238 1.85936352e-03
37.22077 1.67814136e-03
37.34962 1.53996797e-03
37.47890 1.42946318e-03
37.60864 1.33809390e-03
37.73883 1.26046257e-03
37.86946 1.19322114e-03
38.00055 1.13401122e-03
38.13209 1.08125825e-03
38.26409 1.03375780e-03
38.39654 9.90645400e-04
38.52946 9.51249132e-04
38.66283 9.15034716e-04
38.79667 8.81588640e-04
38.93096 8.50566804e-04
39.06573 8.21684160e-04
39.20096 7.94706868e-04
39.33665 7.69438976e-04
39.47282 7.45708804e-04
39.60946 7.23369684e-04
39.74657 7.02295520e-04
39.88416 6.82376348e-04
40.02222 6.63515228e-04
40.16076 6.45625876e-04
40.29978 6.28633345e-04
40.43928 6.12469110e-04
40.57926 5.97072330e-04
40.71973 5.82388525e-04
40.86069 5.68368648e-04
41.00213 5.54967825e-04
41.14406 5.42145978e-04
41.28648 5.29866137e-04
41.42940 5.18094735e-04
41.57281 5.06801343e-04
41.71672 4.95957812e-04
41.86113 4.85538612e-04
42.00603 4.75520936e-04
42.15144 4.65882377e-04
42.29735 4.56602896e-04
42.44377 4.47665087e-04
42.59069 4.39051502e-04
42.73812 4.30746689e-04
42.88606 4.22736648e-04
43.03451 4.15008236e-04
43.18348 4.07549287e-04
43.33297 4.00349398e-04
43.48297 3.93397986e-04
43.63349 3.86686541e-04
43.78453 3.80206480e-04
43.93609 3.73951141e-04
44.08818 3.67914132e-04
44.24079 3.62089770e-04
44.39394 3.56474532e-04
44.54761 3.51064288e-04
44.70182 3.45857012e-04
44.85655 3.40852036e-04
45.01183 3.36049362e-04
45.16764 3.31450854e-04
45.32399 3.27060035e-04
45.48089 3.22882750e-04
45.63832 3.18927524e-04
45.79630 3.15205220e-04
45.95483 3.11731157e-04
46.11391 3.08524944e-04
46.27353 3.05612437e-04
46.43371 3.03027306e-04
46.59445 3.00813123e-04
46.75574 2.99027296e-04
46.91759 2.97745305e-04
47.08000 2.97067731e-04
47.24297 2.97131963e-04
47.40650 2.98123474e-04
47.57060 3.00301768e-04
47.73527 3.04037081e-04
47.90051 3.09869983e-04
48.06633 3.18622037e-04
48.23271 3.31551302e-04
48.39967 3.50699542e-04
48.56721 3.79564944e-04
48.73533 4.24333153e-04
48.90403 4.96884426e-04
49.07332 6.21523306e-04
49.24319 8.50857239e-04
49.41365 1.29419598e-03
49.58470 2.04486103e-03
49.75634 2.47192341e-03
49.92858 1.82563025e-03
50.10141 1.13544274e-03
50.27484 7.54988241e-04
50.44887 5.54900988e-04
50.62350 4.42059187e-04
50.79874 3.73223114e-04
50.97458 3.28255238e-04
51.15104 2.97137572e-04
51.32810 2.74556709e-04
51.50578 2.57503424e-04
51.68407 2.44180005e-04
51.86298 2.33463532e-04
52.04250 2.24624943e-04
52.22265 2.17174934e-04
52.40343 2.10775606e-04
52.58482 2.05187866e-04
52.76685 2.00238480e-04
52.94951 1.95799678e-04
53.13280 1.91775529e-04
53.31672 1.88092786e-04
53.50128 1.84695090e-04
53.68648 1.81538132e-04
53.87232 1.78586464e-04
54.05880 1.75811864e-04
54.24593 1.73191924e-04
54.43371 1.70707655e-04
54.62214 1.68344050e-04
54.81122 1.66088279e-04
55.00095 1.63929802e-04
55.19134 1.61859948e-04
55.38239 1.59870873e-04
55.57410 1.57956641e-04
55.76647 1.56111569e-04
55.95951 1.54331233e-04
56.15322 1.52611739e-04
56.34760 1.50949729e-04
56.54265 1.49342330e-04
56.73838 1.47787043e-04
56.93479 1.46282031e-04
57.13187 1.44825548e-04
57.32964 1.43416011e-04
57.52809 1.42052457e-04
57.72723 1.40733984e-04
57.92705 1.39460000e-04
58.12757 1.38229972e-04
58.32879 1.37043812e-04
58.53070 1.35901592e-04
58.73331 1.34803506e-04
58.93662 1.33750057e-04
59.14063 1.32741851e-04
59.34535 1.31780044e-04
59.55078 1.30865818e-04
59.75692 1.30000566e-04
59.96377 1.29186299e-04
60.17134 1.28425076e-04
60.37963 1.27719442e-04
60.58864 1.27072519e-04
60.79837 1.26487786e-04
61.00883 1.25969268e-04
61.22002 1.25521612e-04
61.43194 1.25150561e-04
61.64459 1.24862139e-04
61.85797 1.24663967e-04
62.07210 1.24564555e-04
62.28697 1.24573909e-04
62.50258 1.24703749e-04
62.71894 1.24967929e-04
62.93605 1.25382684e-04
63.15390 1.25967210e-04
63.37252 1.26744432e-04
63.59189 1.27741686e-04
63.81201 1.28991975e-04
64.03290 1.30535334e-04
64.25456 1.32420395e-04
64.47698 1.34707099e-04
64.70017 1.37469978e-04
64.92414 1.40802671e-04
65.14888 1.44822440e-04
65.37440 1.49679859e-04
65.60070 1.55570052e-04
65.82778 1.62750953e-04
66.05565 1.71562103e-04
66.28430 1.82467912e-04
66.51375 1.96108643e-04
66.74400 2.13387096e-04
66.97504 2.35611752e-04
67.20688 2.64725972e-04
67.43952 3.03707810e-04
67.67297 3.57318457e-04
67.90722 4.33418932e-04
68.14229 5.45689483e-04
68.37817 7.19147274e-04
68.61486 1.00158513e-03
68.85238 1.48491745e-03
69.09072 2.31815107e-03
69.32988 3.51444299e-03
69.56987 4.19298679e-03
69.81069 3.40073642e-03
70.05235 2.21323439e-03
70.29484 1.41510643e-03
70.53817 9.54478655e-04
70.78235 6.84315740e-04
71.02737 5.17352885e-04
71.27323 4.08486468e-04
71.51995 3.34088126e-04
71.76752 2.81195886e-04
72.01595 2.42299177e-04
72.26524 2.12876644e-04
72.51539 1.90073026e-04
72.76641 1.72026024e-04
73.01830 1.57479489e-04
73.27106 1.45566199e-04
73.52469 1.35667870e-04
73.77920 1.27338638e-04
74.03460 1.20249497e-04
74.29087 1.14152148e-04
74.54804 1.08858026e-04
74.80609 1.04221393e-04
75.06504 1.00128201e-04
75.32488 9.64881264e-05
75.58563 9.32290332e-05
75.84727 9.02926392e-05
76.10982 8.76315548e-05
76.37328 8.52067228e-05
76.63766 8.29860420e-05
76.90295 8.09427392e-05
77.16915 7.90542888e-05
77.43628 7.73017320e-05
77.70433 7.56690552e-05
77.97331 7.41425536e-05
78.24322 7.27104168e-05
78.51407 7.13626696e-05
78.78585 7.00905504e-05
79.05857 6.88863484e-05
79.33224 6.77436996e-05
79.60686 6.66565952e-05
79.88242 6.56200624e-05
80.15894 6.46295724e-05
80.43642 6.36813068e-05
80.71486 6.27715508e-05
80.99426 6.18973148e-05
81.27463 6.10557809e-05
81.55596 6.02445263e-05
81.83828 5.94611697e-05
82.12157 5.87038152e-05
82.40584 5.79706321e-05
82.69109 5.72599583e-05
82.97733 5.65703715e-05
83.26457 5.59004406e-05
83.55279 5.52490009e-05
83.84202 5.46149289e-05
84.13225 5.39972021e-05
84.42348 5.33949368e-05
84.71572 5.28071711e-05
85.00897 5.22331960e-05
85.30323 5.16723441e-05
85.59852 5.11238191e-05
85.89482 5.05870926e-05
86.19215 5.00615698e-05
86.49052 4.95467770e-05
86.78991 4.90421473e-05
87.09034 4.85472871e-05
87.39181 4.80617686e-05
87.69432 4.75851672e-05
87.99789 4.71171394e-05
88.30250 4.66573626e-05
88.60816 4.62055112e-05
88.91489 4.57612448e-05
89.22267 4.53243695e-05
89.53153 4.48944961e-05
89.84145 4.44714944e-05
90.15244 4.40550727e-05
90.46451 4.36450061e-05
90.77766 4.32411570e-05
91.09190 4.28432206e-05
91.40722 4.24511049e-05
91.72363 4.20646133e-05
92.04114 4.16835236e-05
92.35975 4.13077768e-05
92.67946 4.09371360e-05
93.00028 4.05715271e-05
93.32221 4.02107357e-05
93.64525 3.98547172e-05
93.96941 3.95033001e-05
94.29469 3.91563911e-05
94.62110 3.88138495e-05
94.94864 3.84756222e-05
95.27731 3.81415210e-05
95.60712 3.78115965e-05
95.93807 3.74856043e-05
96.27017 3.71635074e-05
96.60342 3.68452172e-05
96.93782 3.65306624e-05
97.27338 3.62197736e-05
97.61010 3.59124694e-05
97.94798 3.56086668e-05
98.28704 3.53082890e-05
98.62727 3.50112663e-05
98.96867 3.47175751e-05
99.31126 3.44271088e-05
99.65504 3.41398171e-05
100.00000 3.38556468e-05
