        2000  2.000000 3.330000
0.10000 6.85192196e-01
0.10035 6.83600782e-01
0.10069 6.82738593e-01
0.10104 6.80826285e-01
0.10139 6.79569054e-01
0.10174 6.78179246e-01
0.10210 6.76779639e-01
0.10245 6.75333620e-01
0.10280 6.73926910e-01
0.10316 6.72648338e-01
0.10352 6.71296417e-01
0.10387 6.70043064e-01
0.10423 6.68295273e-01
0.10459 6.67315335e-01
0.10496 6.65955156e-01
0.10532 6.64604271e-01
0.10568 6.63331767e-01
0.10605 6.61892023e-01
0.10642 6.60992627e-01
0.10679 6.59220120e-01
0.10716 6.58197499e-01
0.10753 6.56599543e-01
0.10790 6.55266655e-01
0.10827 6.54046869e-01
0.10865 6.52264623e-01
0.10902 6.51421586e-01
0.10940 6.49641530e-01
0.10978 6.48665530e-01
0.11016 6.47030455e-01
0.11054 6.46232380e-01
0.11092 6.44307936e-01
0.11131 6.43368373e-01
0.11169 6.41645090e-01
0.11208 6.40690076e-01
0.11247 6.38929438e-01
0.11286 6.37745971e-01
0.11325 6.36357376e-01
0.11364 6.34880158e-01
0.11403 6.33824830e-01
0.11443 6.32031662e-01
0.11482 6.31005578e-01
0.11522 6.29327376e-01
0.11562 6.28447072e-01
0.11602 6.26901922e-01
0.11642 6.25450161e-01
0.11682 6.24509917e-01
0.11723 6.23095570e-01
0.11763 6.21884130e-01
0.11804 6.20570749e-01
0.11845 6.19293627e-01
0.11886 6.17846927e-01
0.11927 6.16812378e-01
0.11968 6.15409634e-01
0.12010 6.14184194e-01
0.12051 6.12742318e-01
0.12093 6.11655554e-01
0.12135 6.10174341e-01
0.12177 6.09206006e-01
0.12219 6.07466207e-01
0.12262 6.06847715e-01
0.12304 6.04976581e-01
0.12347 6.04211095e-01
0.12389 6.02387054e-01
0.12432 6.01634741e-01
0.12475 6.00008280e-01
0.12518 5.98932054e-01
0.12562 5.97380984e-01
0.12605 5.96258937e-01
0.12649 5.94675011e-01
0.12693 5.93732340e-01
0.12737 5.91981766e-01
0.12781 5.91095572e-01
0.12825 5.89844942e-01
0.12869 5.88530614e-01
0.12914 5.87087199e-01
0.12959 5.86102082e-01
0.13003 5.84765997e-01
0.13048 5.83534400e-01
0.13094 5.82284629e-01
0.13139 5.80990221e-01
0.13184 5.79696523e-01
0.13230 5.78810773e-01
0.13276 5.77468650e-01
0.13322 5.75921369e-01
0.13368 5.75114710e-01
0.13414 5.73498342e-01
0.13461 5.72677890e-01
0.13507 5.71079578e-01
0.13554 5.70244059e-01
0.13601 5.68927925e-01
0.13648 5.67651395e-01
0.13695 5.66403400e-01
0.13743 5.65165025e-01
0.13790 5.63967675e-01
0.13838 5.62763340e-01
0.13886 5.61189715e-01
0.13934 5.60132522e-01
0.13982 5.58966637e-01
0.14031 5.57535270e-01
0.14079 5.56454603e-01
0.14128 5.54917742e-01
0.14177 5.54003575e-01
0.14226 5.52343015e-01
0.14275 5.51509923e-01
0.14324 5.50300822e-01
0.14374 5.49027904e-01
0.14424 5.48053502e-01
0.14474 5.46492250e-01
0.14524 5.45465011e-01
0.14574 5.44446061e-01
0.14625 5.42407450e-01
0.14675 5.42539199e-01
0.14726 5.40086632e-01
0.14777 5.40002450e-01
0.14828 5.37880514e-01
0.14879 5.37350142e-01
0.14931 5.36160962e-01
0.14983 5.34687947e-01
0.15034 5.34117052e-01
0.15087 5.32471825e-01
0.15139 5.31324677e-01
0.15191 5.30429543e-01
0.15244 5.28918848e-01
0.15297 5.28032417e-01
0.15349 5.26776637e-01
0.15403 5.25432945e-01
0.15456 5.24323922e-01
0.15509 5.23421388e-01
0.15563 5.21713971e-01
0.15617 5.21230426e-01
0.15671 5.19658399e-01
0.15725 5.18509830e-01
0.15780 5.17747542e-01
0.15834 5.15716301e-01
0.15889 5.15353494e-01
0.15944 5.14079391e-01
0.15999 5.12477498e-01
0.16055 5.12414835e-01
0.16110 5.09928850e-01
0.16166 5.09755394e-01
0.16222 5.08111114e-01
0.16278 5.07115222e-01
0.16335 5.06149877e-01
0.16391 5.04913159e-01
0.16448 5.03865852e-01
0.16505 5.02457188e-01
0.16562 5.02120310e-01
0.16619 5.00437047e-01
0.16677 4.99385300e-01
0.16734 4.98633253e-01
0.16792 4.97244480e-01
0.16851 4.95882998e-01
0.16909 4.95778066e-01
0.16967 4.93327038e-01
0.17026 4.93198130e-01
0.17085 4.92308769e-01
0.17144 4.90336787e-01
0.17204 4.89470306e-01
0.17263 4.88974092e-01
0.17323 4.87097274e-01
0.17383 4.86667956e-01
0.17443 4.84728298e-01
0.17503 4.84420369e-01
0.17564 4.82427756e-01
0.17625 4.82463483e-01
0.17686 4.80187983e-01
0.17747 4.79924425e-01
0.17808 4.78006670e-01
0.17870 4.77480027e-01
0.17932 4.76082345e-01
0.17994 4.74908971e-01
0.18056 4.74283760e-01
0.18119 4.72569150e-01
0.18182 4.72045645e-01
0.18244 4.70687301e-01
0.18308 4.69502117e-01
0.18371 4.68997644e-01
0.18435 4.67323527e-01
0.18498 4.66693639e-01
0.18562 4.65581242e-01
0.18627 4.63935334e-01
0.18691 4.64120097e-01
0.18756 4.61699646e-01
0.18821 4.61670046e-01
0.18886 4.60163258e-01
0.18951 4.59238228e-01
0.19017 4.58478603e-01
0.19083 4.56720304e-01
0.19149 4.56483741e-01
0.19215 4.55026118e-01
0.19282 4.53967386e-01
0.19348 4.52808131e-01
0.19415 4.52096251e-01
0.19483 4.50660000e-01
0.19550 4.49160790e-01
0.19618 4.49390752e-01
0.19686 4.47560525e-01
0.19754 4.45861307e-01
0.19822 4.46360393e-01
0.19891 4.44080453e-01
0.19960 4.43114694e-01
0.20029 4.42940290e-01
0.20098 4.41515998e-01
0.20168 4.40279132e-01
0.20237 4.39221258e-01
0.20307 4.39207997e-01
0.20378 4.37515321e-01
0.20448 4.35359967e-01
0.20519 4.36467185e-01
0.20590 4.35144213e-01
0.20661 4.32574430e-01
0.20733 4.33265915e-01
0.20805 4.32450938e-01
0.20877 4.30195862e-01
0.20949 4.29693018e-01
0.21021 4.29181914e-01
0.21094 4.28003183e-01
0.21167 4.26553346e-01
0.21240 4.26950578e-01
0.21314 4.24285394e-01
0.21388 4.25039217e-01
0.21462 4.23068508e-01
0.21536 4.21701432e-01
0.21611 4.21996722e-01
0.21685 4.19926942e-01
0.21760 4.19529118e-01
0.21836 4.18400825e-01
0.21911 4.17203209e-01
0.21987 4.16778478e-01
0.22063 4.15436178e-01
0.22140 4.14520354e-01
0.22216 4.13947978e-01
0.22293 4.12494470e-01
0.22370 4.11623698e-01
0.22448 4.10754109e-01
0.22526 4.10824823e-01
0.22604 4.07759714e-01
0.22682 4.07949006e-01
0.22760 4.08381728e-01
0.22839 4.05024851e-01
0.22918 4.05706510e-01
0.22998 4.04824548e-01
0.23077 4.03011015e-01
0.23157 4.02963774e-01
0.23237 4.01732591e-01
0.23318 4.00637095e-01
0.23398 4.00282842e-01
0.23479 3.98858431e-01
0.23561 3.97978216e-01
0.23642 3.97957348e-01
0.23724 3.96049776e-01
0.23806 3.94414583e-01
0.23889 3.95663851e-01
0.23971 3.94273510e-01
0.24054 3.91318749e-01
0.24137 3.91600038e-01
0.24221 3.91660244e-01
0.24305 3.90322709e-01
0.24389 3.87692098e-01
0.24473 3.88407648e-01
0.24558 3.87820236e-01
0.24643 3.86077802e-01
0.24728 3.84998823e-01
0.24814 3.84162653e-01
0.24900 3.84200245e-01
0.24986 3.83583203e-01
0.25073 3.80631935e-01
0.25159 3.80332709e-01
0.25246 3.81054120e-01
0.25334 3.79899631e-01
0.25422 3.77212158e-01
0.25510 3.77765086e-01
0.25598 3.76831917e-01
0.25687 3.76093219e-01
0.25775 3.74880211e-01
0.25865 3.73865227e-01
0.25954 3.72750077e-01
0.26044 3.73358919e-01
0.26134 3.71740184e-01
0.26225 3.69620558e-01
0.26315 3.69988278e-01
0.26406 3.69637933e-01
0.26498 3.67294590e-01
0.26590 3.67000277e-01
0.26682 3.66597006e-01
0.26774 3.65896641e-01
0.26867 3.63509993e-01
0.26960 3.63952838e-01
0.27053 3.63341243e-01
0.27147 3.61519334e-01
0.27241 3.60847088e-01
0.27335 3.59734661e-01
0.27430 3.59867624e-01
0.27525 3.58844470e-01
0.27620 3.57080547e-01
0.27715 3.55808339e-01
0.27811 3.56178191e-01
0.27908 3.55501802e-01
0.28004 3.54203220e-01
0.28101 3.53324248e-01
0.28198 3.51594779e-01
0.28296 3.51965726e-01
0.28394 3.51377663e-01
0.28492 3.50160985e-01
0.28591 3.48966773e-01
0.28690 3.47247338e-01
0.28789 3.47973160e-01
0.28889 3.46703942e-01
0.28989 3.46506776e-01
0.29089 3.44761057e-01
0.29190 3.42845226e-01
0.29291 3.43131340e-01
0.29392 3.43920032e-01
0.29494 3.41246797e-01
0.29596 3.39379451e-01
0.29699 3.39685249e-01
0.29801 3.40368890e-01
0.29905 3.37724811e-01
0.30008 3.37241769e-01
0.30112 3.37244877e-01
0.30216 3.34420386e-01
0.30321 3.35812207e-01
0.30426 3.34211735e-01
0.30531 3.33534191e-01
0.30637 3.32419485e-01
0.30743 3.31534504e-01
0.30849 3.31781664e-01
0.30956 3.29437196e-01
0.31063 3.30167842e-01
0.31171 3.28781319e-01
0.31279 3.27655690e-01
0.31387 3.27389586e-01
0.31496 3.25775439e-01
0.31605 3.28022138e-01
0.31714 3.24523803e-01
0.31824 3.23942163e-01
0.31934 3.23372778e-01
0.32044 3.23669725e-01
0.32155 3.21970270e-01
0.32267 3.21964706e-01
0.32378 3.20672044e-01
0.32490 3.20348279e-01
0.32603 3.18008577e-01
0.32716 3.19552246e-01
0.32829 3.18005350e-01
0.32943 3.17589026e-01
0.33057 3.17099620e-01
0.33171 3.14702819e-01
0.33286 3.14886458e-01
0.33401 3.15164431e-01
0.33517 3.13800670e-01
0.33633 3.13962730e-01
0.33749 3.11243970e-01
0.33866 3.11580611e-01
0.33983 3.11888037e-01
0.34101 3.10496718e-01
0.34219 3.10179318e-01
0.34337 3.08865729e-01
0.34456 3.08512897e-01
0.34576 3.07347426e-01
0.34695 3.07595682e-01
0.34815 3.07352251e-01
0.34936 3.04741738e-01
0.35057 3.06636138e-01
0.35178 3.04396366e-01
0.35300 3.02608437e-01
0.35422 3.03925311e-01
0.35545 3.03613534e-01
0.35668 3.01428433e-01
0.35791 3.02651919e-01
0.35915 2.99600426e-01
0.36039 2.99226607e-01
0.36164 3.00958947e-01
0.36289 2.97882116e-01
0.36415 2.99482795e-01
0.36541 2.97299736e-01
0.36668 2.96247397e-01
0.36795 2.95406638e-01
0.36922 2.96795056e-01
0.37050 2.94662080e-01
0.37178 2.95279033e-01
0.37307 2.93722872e-01
0.37436 2.93056546e-01
0.37565 2.91503227e-01
0.37695 2.92141374e-01
0.37826 2.91202432e-01
0.37957 2.91730407e-01
0.38088 2.90796705e-01
0.38220 2.88558027e-01
0.38352 2.87759242e-01
0.38485 2.88191964e-01
0.38618 2.87778097e-01
0.38752 2.87954779e-01
0.38886 2.85999078e-01
0.39021 2.85510559e-01
0.39156 2.84991878e-01
0.39291 2.84143779e-01
0.39427 2.82736743e-01
0.39564 2.83538607e-01
0.39701 2.83698950e-01
0.39838 2.81922773e-01
0.39976 2.82283893e-01
0.40115 2.77914903e-01
0.40253 2.80069724e-01
0.40393 2.80110039e-01
0.40533 2.79390404e-01
0.40673 2.77799907e-01
0.40814 2.78353516e-01
0.40955 2.77737510e-01
0.41097 2.75442741e-01
0.41239 2.75048291e-01
0.41382 2.74293432e-01
0.41525 2.75025914e-01
0.41669 2.76091277e-01
0.41813 2.73339750e-01
0.41958 2.71838615e-01
0.42103 2.70739686e-01
0.42249 2.71454822e-01
0.42395 2.71779178e-01
0.42542 2.71609038e-01
0.42689 2.68892912e-01
0.42837 2.67714151e-01
0.42985 2.71584203e-01
0.43134 2.67399503e-01
0.43283 2.66085648e-01
0.43433 2.66460473e-01
0.43583 2.66433448e-01
0.43734 2.65725830e-01
0.43886 2.65981604e-01
0.44037 2.65431222e-01
0.44190 2.61916310e-01
0.44343 2.61371700e-01
0.44496 2.64279190e-01
0.44650 2.63351792e-01
0.44805 2.60767801e-01
0.44960 2.60880162e-01
0.45116 2.60679445e-01
0.45272 2.59745950e-01
0.45429 2.59232330e-01
0.45586 2.57828077e-01
0.45744 2.58119637e-01
0.45902 2.56896210e-01
0.46061 2.56735600e-01
0.46220 2.58664632e-01
0.46380 2.57314961e-01
0.46541 2.53270742e-01
0.46702 2.52819905e-01
0.46864 2.53286726e-01
0.47026 2.52737676e-01
0.47189 2.54366830e-01
0.47352 2.55264687e-01
0.47516 2.51715410e-01
0.47680 2.51384778e-01
0.47845 2.47402868e-01
0.48011 2.48611643e-01
0.48177 2.49303691e-01
0.48344 2.50189353e-01
0.48511 2.49948557e-01
0.48679 2.50494706e-01
0.48848 2.45460753e-01
0.49017 2.44352203e-01
0.49186 2.43877271e-01
0.49357 2.45028297e-01
0.49528 2.46287244e-01
0.49699 2.45412771e-01
0.49871 2.45329566e-01
0.50044 2.42915863e-01
0.50217 2.39319019e-01
0.50391 2.40636012e-01
0.50565 2.43399054e-01
0.50740 2.41717211e-01
0.50916 2.38959172e-01
0.51092 2.39666198e-01
0.51269 2.37954844e-01
0.51446 2.37222185e-01
0.51625 2.38577598e-01
0.51803 2.39016537e-01
0.51983 2.37803026e-01
0.52163 2.35846170e-01
0.52343 2.32451997e-01
0.52524 2.32162657e-01
0.52706 2.33770292e-01
0.52889 2.35535340e-01
0.53072 2.35645215e-01
0.53255 2.34145146e-01
0.53440 2.31539251e-01
0.53625 2.29880556e-01
0.53810 2.26889091e-01
0.53997 2.26653002e-01
0.54183 2.30741146e-01
0.54371 2.32580017e-01
0.54559 2.30405719e-01
0.54748 2.29998838e-01
0.54938 2.25228620e-01
0.55128 2.23083242e-01
0.55319 2.23065985e-01
0.55510 2.24264015e-01
0.55702 2.26714747e-01
0.55895 2.26316746e-01
0.56089 2.25155597e-01
0.56283 2.24311671e-01
0.56478 2.21540312e-01
0.56673 2.19622646e-01
0.56869 2.19023690e-01
0.57066 2.19225592e-01
0.57264 2.20343466e-01
0.57462 2.21334266e-01
0.57661 2.20923951e-01
0.57860 2.19896654e-01
0.58061 2.16806177e-01
0.58262 2.16110725e-01
0.58463 2.15436910e-01
0.58666 2.14427373e-01
0.58869 2.14895852e-01
0.59073 2.15376201e-01
0.59277 2.17658953e-01
0.59482 2.16059931e-01
0.59688 2.12875238e-01
0.59895 2.11313542e-01
0.60102 2.09143832e-01
0.60310 2.12199736e-01
0.60519 2.13125269e-01
0.60728 2.10963226e-01
0.60939 2.09000065e-01
0.61150 2.08474369e-01
0.61361 2.11335268e-01
0.61574 2.09891942e-01
0.61787 2.09306662e-01
0.62001 2.06953965e-01
0.62215 2.04943355e-01
0.62431 2.06327185e-01
0.62647 2.06343494e-01
0.62864 2.05071760e-01
0.63081 2.06010820e-01
0.63300 2.06556614e-01
0.63519 2.06735102e-01
0.63739 2.03824179e-01
0.63959 2.01751706e-01
0.64181 2.00668523e-01
0.64403 2.01310902e-01
0.64626 2.03196156e-01
0.64849 2.03679613e-01
0.65074 2.02169628e-01
0.65299 1.99876250e-01
0.65525 2.00500898e-01
0.65752 1.99018412e-01
0.65980 1.99821312e-01
0.66208 2.00000126e-01
0.66437 2.00434920e-01
0.66667 1.99455130e-01
0.66898 1.96769582e-01
0.67130 1.94307365e-01
0.67362 1.96630550e-01
0.67595 1.98294366e-01
0.67829 2.00661922e-01
0.68064 1.96563506e-01
0.68299 1.96398486e-01
0.68536 1.93005557e-01
0.68773 1.94036969e-01
0.69011 1.95867906e-01
0.69250 1.93714358e-01
0.69490 1.95736808e-01
0.69730 1.92259578e-01
0.69972 1.95949277e-01
0.70214 1.96977729e-01
0.70457 1.94712263e-01
0.70701 1.88358357e-01
0.70946 1.88686769e-01
0.71191 1.92354949e-01
0.71438 1.92855100e-01
0.71685 1.94184762e-01
0.71933 1.90968633e-01
0.72182 1.90010984e-01
0.72432 1.93763554e-01
0.72683 1.90905170e-01
0.72934 1.88118360e-01
0.73187 1.90154041e-01
0.73440 1.92440078e-01
0.73694 1.86908578e-01
0.73949 1.88430255e-01
0.74205 1.88656310e-01
0.74462 1.87875995e-01
0.74720 1.90978993e-01
0.74979 1.91065750e-01
0.75238 1.89645246e-01
0.75499 1.90774190e-01
0.75760 1.85173545e-01
0.76022 1.84651430e-01
0.76285 1.84922714e-01
0.76549 1.83583788e-01
0.76814 1.88169183e-01
0.77080 1.90152176e-01
0.77347 1.89448998e-01
0.77615 1.88485578e-01
0.77884 1.87008212e-01
0.78153 1.86414673e-01
0.78424 1.83355513e-01
0.78695 1.85854108e-01
0.78968 1.80310354e-01
0.79241 1.84830126e-01
0.79515 1.81464902e-01
0.79790 1.88691564e-01
0.80067 1.89893916e-01
0.80344 1.88807714e-01
0.80622 1.83635203e-01
0.80901 1.82888395e-01
0.81181 1.81851004e-01
0.81462 1.79751387e-01
0.81744 1.83521687e-01
0.82027 1.81239794e-01
0.82311 1.84415015e-01
0.82596 1.83418590e-01
0.82882 1.90820100e-01
0.83169 1.83583670e-01
0.83457 1.77918526e-01
0.83745 1.79550758e-01
0.84035 1.84495231e-01
0.84326 1.84132098e-01
0.84618 1.81391790e-01
0.84911 1.81799766e-01
0.85205 1.76800326e-01
0.85500 1.77802257e-01
0.85796 1.83101012e-01
0.86093 1.84215008e-01
0.86391 1.83141031e-01
0.86690 1.81021997e-01
0.86990 1.81644366e-01
0.87291 1.79598710e-01
0.87593 1.76786770e-01
0.87897 1.78458400e-01
0.88201 1.81836589e-01
0.88506 1.78122558e-01
0.88813 1.81009121e-01
0.89120 1.79920196e-01
0.89428 1.76258143e-01
0.89738 1.76483133e-01
0.90049 1.79454884e-01
0.90360 1.82196673e-01
0.90673 1.81803881e-01
0.90987 1.79123098e-01
0.91302 1.77786450e-01
0.91618 1.73706298e-01
0.91935 1.73496641e-01
0.92253 1.74337932e-01
0.92573 1.77725445e-01
0.92893 1.79241202e-01
0.93215 1.81386343e-01
0.93537 1.77099138e-01
0.93861 1.75288240e-01
0.94186 1.73110065e-01
0.94512 1.73160266e-01
0.94839 1.75299281e-01
0.95168 1.79208316e-01
0.95497 1.75462051e-01
0.95828 1.75503491e-01
0.96159 1.74476223e-01
0.96492 1.70197366e-01
0.96826 1.71140629e-01
0.97161 1.73656540e-01
0.97498 1.75337021e-01
0.97835 1.78644939e-01
0.98174 1.75508020e-01
0.98514 1.73679865e-01
0.98855 1.68881438e-01
0.99197 1.66889714e-01
0.99540 1.69973797e-01
0.99885 1.70730906e-01
1.00231 1.72537926e-01
1.00578 1.76191366e-01
1.00926 1.74406841e-01
1.01275 1.72138297e-01
1.01626 1.66427480e-01
1.01978 1.67208861e-01
1.02330 1.66236057e-01
1.02685 1.68608142e-01
1.03040 1.73460351e-01
1.03397 1.71982808e-01
1.03755 1.69749014e-01
1.04114 1.66781052e-01
1.04474 1.65181438e-01
1.04836 1.62982484e-01
1.05199 1.65732946e-01
1.05563 1.68413255e-01
1.05928 1.68514931e-01
1.06295 1.71765455e-01
1.06663 1.68525824e-01
1.07032 1.64587929e-01
1.07403 1.61186859e-01
1.07775 1.60499784e-01
1.08148 1.62905465e-01
1.08522 1.65930230e-01
1.08898 1.67413249e-01
1.09275 1.65858242e-01
1.09653 1.64648550e-01
1.10032 1.61962646e-01
1.10413 1.60390442e-01
1.10796 1.59744244e-01
1.11179 1.59484149e-01
1.11564 1.60545042e-01
1.11950 1.61940653e-01
1.12338 1.62217916e-01
1.12726 1.62777445e-01
1.13117 1.60652254e-01
1.13508 1.58456230e-01
1.13901 1.57285254e-01
1.14295 1.57291055e-01
1.14691 1.58129298e-01
1.15088 1.57895990e-01
1.15487 1.58865479e-01
1.15886 1.59525530e-01
1.16287 1.57944890e-01
1.16690 1.56333732e-01
1.17094 1.54047961e-01
1.17499 1.53431866e-01
1.17906 1.53770431e-01
1.18314 1.55134873e-01
1.18724 1.54815962e-01
1.19135 1.54219286e-01
1.19547 1.54999956e-01
1.19961 1.53936221e-01
1.20376 1.52654778e-01
1.20793 1.51386447e-01
1.21211 1.50110539e-01
1.21630 1.49735359e-01
1.22052 1.50524850e-01
1.22474 1.51565942e-01
1.22898 1.52199115e-01
1.23323 1.52589421e-01
1.23750 1.51187210e-01
1.24179 1.48882169e-01
1.24609 1.47019885e-01
1.25040 1.45577181e-01
1.25473 1.45429566e-01
1.25907 1.46563926e-01
1.26343 1.47784127e-01
1.26780 1.48199770e-01
1.27219 1.47560203e-01
1.27659 1.46095033e-01
1.28101 1.43909576e-01
1.28545 1.42515446e-01
1.28990 1.42064016e-01
1.29436 1.42318783e-01
1.29884 1.43272673e-01
1.30334 1.44091734e-01
1.30785 1.44474166e-01
1.31238 1.44132997e-01
1.31692 1.42876891e-01
1.32148 1.41282872e-01
1.32605 1.39897829e-01
1.33064 1.38934112e-01
1.33525 1.38482742e-01
1.33987 1.38749408e-01
1.34451 1.39476295e-01
1.34916 1.40249240e-01
1.35383 1.40276738e-01
1.35852 1.38961314e-01
1.36322 1.37101813e-01
1.36794 1.35373706e-01
1.37268 1.34070003e-01
1.37743 1.33599748e-01
1.38220 1.34088414e-01
1.38698 1.35111361e-01
1.39178 1.36019814e-01
1.39660 1.36059774e-01
1.40144 1.34896731e-01
1.40629 1.33123070e-01
1.41115 1.31455879e-01
1.41604 1.30542216e-01
1.42094 1.30641021e-01
1.42586 1.31460970e-01
1.43080 1.32404174e-01
1.43575 1.32832634e-01
1.44072 1.32291813e-01
1.44571 1.30876933e-01
1.45071 1.29173098e-01
1.45573 1.27781927e-01
1.46077 1.27058148e-01
1.46583 1.26963369e-01
1.47090 1.27203099e-01
1.47599 1.27404823e-01
1.48110 1.27300217e-01
1.48623 1.26810662e-01
1.49137 1.26005335e-01
1.49654 1.25067400e-01
1.50172 1.24252127e-01
1.50692 1.23736495e-01
1.51213 1.23481876e-01
1.51737 1.23307414e-01
1.52262 1.23086124e-01
1.52789 1.22812502e-01
1.53318 1.22519817e-01
1.53849 1.22226451e-01
1.54381 1.21919351e-01
1.54916 1.21574511e-01
1.55452 1.21165469e-01
1.55990 1.20655905e-01
1.56530 1.20072430e-01
1.57072 1.19545342e-01
1.57615 1.19178332e-01
1.58161 1.18942213e-01
1.58709 1.18711578e-01
1.59258 1.18355852e-01
1.59809 1.17806307e-01
1.60362 1.17084410e-01
1.60918 1.16294839e-01
1.61475 1.15582562e-01
1.62034 1.15056997e-01
1.62594 1.14724411e-01
1.63157 1.14493099e-01
1.63722 1.14240463e-01
1.64289 1.13879376e-01
1.64857 1.13394732e-01
1.65428 1.12838506e-01
1.66001 1.12288917e-01
1.66575 1.11814992e-01
1.67152 1.11455500e-01
1.67731 1.11204225e-01
1.68311 1.11009105e-01
1.68894 1.10795541e-01
1.69478 1.10507104e-01
1.70065 1.10135603e-01
1.70654 1.09717855e-01
1.71245 1.09309343e-01
1.71837 1.08953477e-01
1.72432 1.08655417e-01
1.73029 1.08376070e-01
1.73628 1.08054365e-01
1.74229 1.07644352e-01
1.74832 1.07144218e-01
1.75437 1.06597811e-01
1.76045 1.06067213e-01
1.76654 1.05596635e-01
1.77266 1.05191696e-01
1.77879 1.04822276e-01
1.78495 1.04442265e-01
1.79113 1.04015368e-01
1.79733 1.03534992e-01
1.80355 1.03028205e-01
1.80979 1.02538822e-01
1.81606 1.02100837e-01
1.82234 1.01720930e-01
1.82865 1.01378514e-01
1.83498 1.01040497e-01
1.84133 1.00680928e-01
1.84771 1.00294328e-01
1.85410 9.98964687e-02
1.86052 9.95124176e-02
1.86696 9.91612018e-02
1.87342 9.88472109e-02
1.87991 9.85612216e-02
1.88642 9.82881675e-02
1.89295 9.80140538e-02
1.89950 9.77297931e-02
1.90607 9.74313748e-02
1.91267 9.71179848e-02
1.91929 9.67900790e-02
1.92594 9.64485897e-02
1.93260 9.60948253e-02
1.93929 9.57300112e-02
1.94601 9.53543872e-02
1.95274 9.49665887e-02
1.95950 9.45644609e-02
1.96629 9.41471601e-02
1.97309 9.37169507e-02
1.97992 9.32796344e-02
1.98678 9.28432564e-02
1.99365 9.24151901e-02
2.00055 9.19995202e-02
2.00748 9.15959953e-02
2.01443 9.12012911e-02
2.02140 9.08114650e-02
2.02840 9.04244717e-02
2.03542 9.00411606e-02
2.04247 8.96649416e-02
2.04954 8.92998108e-02
2.05663 8.89488081e-02
2.06375 8.86124662e-02
2.07090 8.82889027e-02
2.07806 8.79748674e-02
2.08526 8.76672524e-02
2.09247 8.73645658e-02
2.09972 8.70674735e-02
2.10699 8.67780092e-02
2.11428 8.64980021e-02
2.12160 8.62278133e-02
2.12894 8.59655573e-02
2.13631 8.57077087e-02
2.14371 8.54502302e-02
2.15113 8.51897946e-02
2.15857 8.49241346e-02
2.16605 8.46519803e-02
2.17354 8.43722455e-02
2.18107 8.40836633e-02
2.18862 8.37846589e-02
2.19619 8.34738530e-02
2.20380 8.31504907e-02
2.21143 8.28148652e-02
2.21908 8.24682906e-02
2.22676 8.21125667e-02
2.23447 8.17496352e-02
2.24220 8.13812158e-02
2.24997 8.10086998e-02
2.25775 8.06334310e-02
2.26557 8.02567059e-02
2.27341 7.98800578e-02
2.28128 7.95049281e-02
2.28918 7.91327939e-02
2.29710 7.87648482e-02
2.30505 7.84019403e-02
2.31303 7.80447127e-02
2.32104 7.76937100e-02
2.32908 7.73493821e-02
2.33714 7.70123002e-02
2.34523 7.66829292e-02
2.35335 7.63616508e-02
2.36149 7.60487522e-02
2.36967 7.57443428e-02
2.37787 7.54484464e-02
2.38610 7.51608942e-02
2.39436 7.48815590e-02
2.40265 7.46101182e-02
2.41097 7.43462460e-02
2.41931 7.40894098e-02
2.42769 7.38389997e-02
2.43609 7.35942639e-02
2.44452 7.33542967e-02
2.45298 7.31180650e-02
2.46148 7.28843908e-02
2.47000 7.26519213e-02
2.47855 7.24192830e-02
2.48713 7.21851589e-02
2.49574 7.19482434e-02
2.50438 7.17074593e-02
2.51304 7.14617941e-02
2.52174 7.12105167e-02
2.53047 7.09531003e-02
2.53923 7.06892282e-02
2.54802 7.04188026e-02
2.55684 7.01419508e-02
2.56569 6.98589985e-02
2.57457 6.95704310e-02
2.58349 6.92768582e-02
2.59243 6.89789698e-02
2.60140 6.86775056e-02
2.61041 6.83732413e-02
2.61944 6.80669375e-02
2.62851 6.77593639e-02
2.63761 6.74512546e-02
2.64674 6.71433317e-02
2.65590 6.68362731e-02
2.66510 6.65307094e-02
2.67432 6.62272176e-02
2.68358 6.59263306e-02
2.69287 6.56285132e-02
2.70219 6.53341945e-02
2.71154 6.50437356e-02
2.72093 6.47574622e-02
2.73035 6.44756524e-02
2.73980 6.41985490e-02
2.74928 6.39263504e-02
2.75880 6.36592163e-02
2.76835 6.33972682e-02
2.77793 6.31405977e-02
2.78755 6.28892404e-02
2.79720 6.26432052e-02
2.80688 6.24024447e-02
2.81660 6.21668702e-02
2.82635 6.19363394e-02
2.83613 6.17106483e-02
2.84595 6.14895393e-02
2.85580 6.12726749e-02
2.86569 6.10596822e-02
2.87561 6.08500994e-02
2.88556 6.06434292e-02
2.89555 6.04391004e-02
2.90557 6.02365269e-02
2.91563 6.00350663e-02
2.92572 5.98340794e-02
2.93585 5.96329089e-02
2.94601 5.94309274e-02
2.95621 5.92275191e-02
2.96644 5.90221366e-02
2.97671 5.88142646e-02
2.98702 5.86034801e-02
2.99736 5.83894277e-02
3.00773 5.81718351e-02
3.01814 5.79505159e-02
3.02859 5.77253694e-02
3.03907 5.74963809e-02
3.04960 5.72636006e-02
3.06015 5.70271646e-02
3.07074 5.67872566e-02
3.08137 5.65441341e-02
3.09204 5.62980811e-02
3.10274 5.60494352e-02
3.11348 5.57985634e-02
3.12426 5.55458474e-02
3.13508 5.52917018e-02
3.14593 5.50365321e-02
3.15682 5.47807703e-02
3.16775 5.45248398e-02
3.17871 5.42691610e-02
3.18972 5.40141422e-02
3.20076 5.37601949e-02
3.21184 5.35077039e-02
3.22295 5.32570482e-02
3.23411 5.30085798e-02
3.24531 5.27626394e-02
3.25654 5.25195405e-02
3.26781 5.22795822e-02
3.27912 5.20430278e-02
3.29047 5.18101202e-02
3.30187 5.15810754e-02
3.31330 5.13560829e-02
3.32476 5.11353024e-02
3.33627 5.09188613e-02
3.34782 5.07068542e-02
3.35941 5.04993494e-02
3.37104 5.02963762e-02
3.38271 5.00979438e-02
3.39442 4.99040075e-02
3.40617 4.97145113e-02
3.41796 4.95293455e-02
3.42979 4.93483770e-02
3.44166 4.91714401e-02
3.45358 4.89983393e-02
3.46553 4.88288349e-02
3.47753 4.86626694e-02
3.48957 4.84995586e-02
3.50164 4.83391798e-02
3.51377 4.81811987e-02
3.52593 4.80252600e-02
3.53814 4.78709907e-02
3.55038 4.77180090e-02
3.56267 4.75659213e-02
3.57500 4.74143338e-02
3.58738 4.72628617e-02
3.59980 4.71111173e-02
3.61226 4.69587306e-02
3.62476 4.68053463e-02
3.63731 4.66506390e-02
3.64990 4.64942977e-02
3.66254 4.63360383e-02
3.67521 4.61756241e-02
3.68794 4.60128389e-02
3.70070 4.58475051e-02
3.71351 4.56794837e-02
3.72637 4.55086680e-02
3.73927 4.53349989e-02
3.75221 4.51584408e-02
3.76520 4.49789997e-02
3.77823 4.47967140e-02
3.79131 4.46116607e-02
3.80443 4.44239375e-02
3.81760 4.42336658e-02
3.83082 4.40410082e-02
3.84408 4.38461337e-02
3.85739 4.36492434e-02
3.87074 4.34505386e-02
3.88414 4.32502590e-02
3.89758 4.30486357e-02
3.91107 4.28459142e-02
3.92461 4.26423520e-02
3.93820 4.24382038e-02
3.95183 4.22337329e-02
3.96551 4.20292058e-02
3.97924 4.18248710e-02
3.99301 4.16209862e-02
4.00683 4.14178148e-02
4.02070 4.12155846e-02
4.03462 4.10145414e-02
4.04859 4.08149072e-02
4.06260 4.06168980e-02
4.07667 4.04207240e-02
4.09078 4.02265658e-02
4.10494 4.00346127e-02
4.11915 3.98450218e-02
4.13341 3.96579468e-02
4.14771 3.94735210e-02
4.16207 3.92918629e-02
4.17648 3.91130759e-02
4.19094 3.89372519e-02
4.20545 3.87644530e-02
4.22000 3.85947355e-02
4.23461 3.84281438e-02
4.24927 3.82646926e-02
4.26398 3.81043938e-02
4.27874 3.79472326e-02
4.29355 3.77931823e-02
4.30841 3.76422016e-02
4.32332 3.74942430e-02
4.33829 3.73492208e-02
4.35331 3.72070638e-02
4.36838 3.70676656e-02
4.38350 3.69309225e-02
4.39867 3.67967102e-02
4.41390 3.66648954e-02
4.42918 3.65353392e-02
4.44451 3.64078875e-02
4.45990 3.62823835e-02
4.47533 3.61586585e-02
4.49083 3.60365496e-02
4.50637 3.59158734e-02
4.52197 3.57964551e-02
4.53762 3.56781173e-02
4.55333 3.55606734e-02
4.56909 3.54439458e-02
4.58491 3.53277628e-02
4.60078 3.52119439e-02
4.61670 3.50963204e-02
4.63269 3.49807324e-02
4.64872 3.48650142e-02
4.66481 3.47490266e-02
4.68096 3.46326275e-02
4.69717 3.45156779e-02
4.71343 3.43980682e-02
4.72974 3.42796860e-02
4.74611 3.41604306e-02
4.76254 3.40402220e-02
4.77903 3.39189863e-02
4.79557 3.37966643e-02
4.81217 3.36732086e-02
4.82883 3.35485808e-02
4.84555 3.34227660e-02
4.86232 3.32957494e-02
4.87915 3.31675341e-02
4.89604 3.30381318e-02
4.91299 3.29075691e-02
4.92999 3.27758787e-02
4.94706 3.26431109e-02
4.96418 3.25093130e-02
4.98137 3.23745442e-02
4.99861 3.22388814e-02
5.01591 3.21023929e-02
5.03328 3.19651643e-02
5.05070 3.18272816e-02
5.06818 3.16888335e-02
5.08573 3.15499178e-02
5.10333 3.14106290e-02
5.12100 3.12710680e-02
5.13873 3.11313353e-02
5.15651 3.09915315e-02
5.17436 3.08517633e-02
5.19228 3.07121223e-02
5.21025 3.05727182e-02
5.22828 3.04336455e-02
5.24638 3.02950021e-02
5.26454 3.01568796e-02
5.28277 3.00193758e-02
5.30105 2.98825734e-02
5.31940 2.97465585e-02
5.33782 2.96114108e-02
5.35629 2.94772103e-02
5.37484 2.93440340e-02
5.39344 2.92119440e-02
5.41211 2.90809995e-02
5.43084 2.89512746e-02
5.44965 2.88228135e-02
5.46851 2.86956667e-02
5.48744 2.85698845e-02
5.50643 2.84455053e-02
5.52550 2.83225587e-02
5.54462 2.82010862e-02
5.56381 2.80811056e-02
5.58308 2.79626405e-02
5.60240 2.78457057e-02
5.62179 2.77303130e-02
5.64125 2.76164774e-02
5.66078 2.75041927e-02
5.68038 2.73934591e-02
5.70004 2.72842766e-02
5.71977 2.71766302e-02
5.73957 2.70705024e-02
5.75944 2.69658842e-02
5.77938 2.68627518e-02
5.79938 2.67610818e-02
5.81946 2.66608443e-02
5.83960 2.65620040e-02
5.85982 2.64645342e-02
5.88010 2.63683963e-02
5.90045 2.62735431e-02
5.92088 2.61799450e-02
5.94137 2.60875486e-02
5.96194 2.59963095e-02
5.98258 2.59061746e-02
6.00329 2.58171022e-02
6.02407 2.57290363e-02
6.04492 2.56419176e-02
6.06585 2.55557017e-02
6.08684 2.54703234e-02
6.10791 2.53857326e-02
6.12906 2.53018669e-02
6.15027 2.52186731e-02
6.17156 2.51360921e-02
6.19293 2.50540616e-02
6.21436 2.49725254e-02
6.23588 2.48914303e-02
6.25746 2.48107141e-02
6.27912 2.47303175e-02
6.30086 2.46501903e-02
6.32267 2.45702733e-02
6.34455 2.44905131e-02
6.36652 2.44108595e-02
6.38856 2.43312562e-02
6.41067 2.42516589e-02
6.43286 2.41720112e-02
6.45513 2.40922747e-02
6.47747 2.40123962e-02
6.49990 2.39323430e-02
6.52240 2.38520648e-02
6.54497 2.37715291e-02
6.56763 2.36906974e-02
6.59037 2.36095342e-02
6.61318 2.35280099e-02
6.63607 2.34460949e-02
6.65904 2.33637536e-02
6.68209 2.32809772e-02
6.70522 2.32844818e-02
6.72843 2.35783447e-02
6.75172 2.38613503e-02
6.77510 2.41482572e-02
6.79855 2.44528175e-02
6.82208 2.47386085e-02
6.84570 2.50428935e-02
6.86939 2.53542322e-02
6.89317 2.56750814e-02
6.91704 2.59873703e-02
6.94098 2.63000026e-02
6.96500 2.66511474e-02
6.98911 2.69783369e-02
7.01331 2.73132106e-02
7.03759 2.76494666e-02
7.06195 2.80002917e-02
7.08639 2.83580195e-02
7.11092 2.87374086e-02
7.13554 2.90913625e-02
7.16024 2.94758694e-02
7.18502 2.98475981e-02
7.20990 3.02222098e-02
7.23485 3.06237545e-02
7.25990 3.10292597e-02
7.28503 3.14442694e-02
7.31025 3.18682273e-02
7.33555 3.23018051e-02
7.36094 3.27375882e-02
7.38642 3.31921494e-02
7.41199 3.36550372e-02
7.43765 3.41163058e-02
7.46340 3.46065647e-02
7.48923 3.51236412e-02
7.51516 3.56232803e-02
7.54117 3.61574952e-02
7.56727 3.66955166e-02
7.59347 3.72466006e-02
7.61975 3.78227202e-02
7.64613 3.84128317e-02
7.67260 3.90233613e-02
7.69916 3.96568338e-02
7.72581 4.02892319e-02
7.75255 4.09655061e-02
7.77939 4.16541086e-02
7.80632 4.23723586e-02
7.83334 4.31168134e-02
7.86046 4.38770213e-02
7.88767 4.46602698e-02
7.91497 4.54957594e-02
7.94237 4.63477392e-02
7.96986 4.72377964e-02
7.99745 4.81380567e-02
8.02513 4.91063142e-02
8.05291 5.01251698e-02
8.08079 5.11494601e-02
8.10876 5.22360613e-02
8.13683 5.33655085e-02
8.16500 5.45416142e-02
8.19326 5.57809306e-02
8.22162 5.70728552e-02
8.25008 5.84355356e-02
8.27864 5.98548970e-02
8.30730 6.13398136e-02
8.33605 6.29195922e-02
8.36491 6.45685757e-02
8.39386 6.63137591e-02
8.42292 6.81493824e-02
8.45208 7.00935814e-02
8.48133 7.21493784e-02
8.51069 7.43304100e-02
8.54016 7.66605131e-02
8.56972 7.91250417e-02
8.59938 8.17746442e-02
8.62915 8.45825062e-02
8.65902 8.76185634e-02
8.68899 9.08892213e-02
8.71907 9.44188526e-02
8.74925 9.82319749e-02
8.77954 1.02381217e-01
8.80993 1.06921807e-01
8.84043 1.11932684e-01
8.87103 1.17453836e-01
8.90174 1.23626596e-01
8.93255 1.30553858e-01
8.96347 1.38419427e-01
8.99450 1.47475328e-01
9.02563 1.58012964e-01
9.05688 1.70505812e-01
9.08823 1.85600463e-01
9.11969 2.04255750e-01
9.15126 2.27844878e-01
9.18294 2.58354954e-01
9.21472 2.98027612e-01
9.24662 3.48447263e-01
9.27863 4.08152893e-01
9.31075 4.69317013e-01
9.34298 5.17785142e-01
9.37532 5.39466947e-01
9.40777 5.31171816e-01
9.44034 5.01855331e-01
9.47302 4.67392110e-01
9.50581 4.43250114e-01
9.53871 4.36905531e-01
9.57173 4.48692222e-01
9.60487 4.76971322e-01
9.63811 5.19586353e-01
9.67148 5.73028916e-01
9.70495 6.34278805e-01
9.73855 7.01060105e-01
9.77226 7.68423252e-01
9.80609 8.30225684e-01
9.84003 8.83812310e-01
9.87409 9.30728133e-01
9.90827 9.73664738e-01
9.94257 1.01527731e+00
9.97699 1.05790057e+00
10.01153 1.10503413e+00
10.04618 1.16349830e+00
10.08096 1.24270994e+00
10.11585 1.33912768e+00
10.15087 1.41236696e+00
10.18601 1.45260135e+00
10.22127 1.44178847e+00
10.25665 1.37306793e+00
10.29215 1.32793323e+00
10.32778 1.32716904e+00
10.36353 1.36381686e+00
10.39941 1.42596964e+00
10.43540 1.49123054e+00
10.47153 1.49577029e+00
10.50777 1.43838299e+00
10.54415 1.39573738e+00
10.58065 1.38228922e+00
10.61727 1.36271059e+00
10.65403 1.30200327e+00
10.69091 1.26190303e+00
10.72791 1.27068638e+00
10.76505 1.31875193e+00
10.80231 1.38959154e+00
10.83971 1.47081009e+00
10.87723 1.55456566e+00
10.91488 1.62924794e+00
10.95266 1.68129865e+00
10.99058 1.70997128e+00
11.02862 1.72299025e+00
11.06680 1.72594021e+00
11.10511 1.72096362e+00
11.14355 1.70743237e+00
11.18212 1.68284617e+00
11.22083 1.64442226e+00
11.25967 1.59061653e+00
11.29865 1.52408239e+00
11.33776 1.45326658e+00
11.37701 1.38990103e+00
11.41639 1.34773367e+00
11.45591 1.33715807e+00
11.49556 1.35699347e+00
11.53536 1.39856321e+00
11.57529 1.45652687e+00
11.61536 1.51099952e+00
11.65556 1.52924727e+00
11.69591 1.52369599e+00
11.73640 1.50857155e+00
11.77702 1.48312836e+00
11.81779 1.47542775e+00
11.85870 1.51274550e+00
11.89975 1.56777969e+00
11.94094 1.54061748e+00
11.98227 1.45288214e+00
12.02375 1.36622843e+00
12.06537 1.27121350e+00
12.10714 1.17727757e+00
12.14905 1.08859512e+00
12.19110 9.92633662e-01
12.23330 8.82839743e-01
12.27565 7.69404936e-01
12.31814 6.65553691e-01
12.36078 5.77384941e-01
12.40357 5.05555242e-01
12.44651 4.47291757e-01
12.48959 4.00015170e-01
12.53283 3.61237719e-01
12.57621 3.29120535e-01
12.61974 3.02217095e-01
12.66343 2.79429920e-01
12.70726 2.59962118e-01
12.75125 2.43188094e-01
12.79539 2.28616547e-01
12.83968 2.15875168e-01
12.88413 2.04678050e-01
12.92873 1.94782741e-01
12.97348 1.85993228e-01
13.01839 1.78185488e-01
13.06345 1.71198438e-01
13.10867 1.64941767e-01
13.15405 1.59327683e-01
13.19959 1.54292486e-01
13.24528 1.49761437e-01
13.29113 1.45682142e-01
13.33713 1.42011417e-01
13.38330 1.38721554e-01
13.42963 1.35769221e-01
13.47612 1.33135857e-01
13.52277 1.30793964e-01
13.56958 1.28707963e-01
13.61655 1.26889931e-01
13.66368 1.25302631e-01
13.71098 1.23941682e-01
13.75844 1.22789739e-01
13.80607 1.21854379e-01
13.85386 1.21110354e-01
13.90182 1.20564352e-01
13.94994 1.20206666e-01
13.99823 1.20040876e-01
14.04668 1.20059642e-01
14.09531 1.20267227e-01
14.14410 1.20677720e-01
14.19306 1.21274515e-01
14.24219 1.22081885e-01
14.29149 1.23092695e-01
14.34096 1.24334119e-01
14.39060 1.25818174e-01
14.44042 1.27550159e-01
14.49041 1.29543897e-01
14.54057 1.31852214e-01
14.59090 1.34493147e-01
14.64141 1.37494815e-01
14.69209 1.40918289e-01
14.74295 1.44808794e-01
14.79398 1.49246811e-01
14.84519 1.54325017e-01
14.89658 1.60142453e-01
14.94814 1.66859995e-01
14.99989 1.74689935e-01
15.05181 1.83852556e-01
15.10392 1.94701193e-01
15.15620 2.07677478e-01
15.20866 2.23397623e-01
15.26131 2.42530471e-01
15.31414 2.65884102e-01
15.36715 2.94002148e-01
15.42034 3.26440492e-01
15.47372 3.60563046e-01
15.52729 3.91429127e-01
15.58103 4.13647006e-01
15.63497 4.25615381e-01
15.68909 4.31172514e-01
15.74340 4.36900351e-01
15.79790 4.48649686e-01
15.85258 4.69940286e-01
15.90746 5.02183033e-01
15.96252 5.45293568e-01
16.01778 5.98117106e-01
16.07323 6.58720561e-01
16.12886 7.24709646e-01
16.18470 7.93717429e-01
16.24072 8.62382946e-01
16.29694 9.26401560e-01
16.35335 9.80807218e-01
16.40996 1.02078791e+00
16.46677 1.04289855e+00
16.52377 1.04620966e+00
16.58097 1.03283298e+00
16.63836 1.00684515e+00
16.69596 9.71616152e-01
16.75375 9.28252774e-01
16.81175 8.75613258e-01
16.86994 8.15034846e-01
16.92834 7.52008661e-01
16.98694 6.93828854e-01
17.04574 6.45805370e-01
17.10474 6.10231173e-01
17.16395 5.87466198e-01
17.22337 5.77183069e-01
17.28299 5.79126664e-01
17.34281 5.93351773e-01
17.40285 6.20155283e-01
17.46309 6.59394227e-01
17.52354 7.09203746e-01
17.58420 7.64241394e-01
17.64507 8.14965286e-01
17.70615 8.50589803e-01
17.76744 8.65450779e-01
17.82894 8.62941528e-01
17.89066 8.53319278e-01
17.95259 8.48623712e-01
18.01473 8.57630607e-01
18.07709 8.84737103e-01
18.13967 9.30062222e-01
18.20246 9.90400312e-01
18.26547 1.06003757e+00
18.32870 1.13235777e+00
18.39214 1.20659546e+00
18.45581 1.29027466e+00
18.51969 1.39100671e+00
18.58380 1.50986344e+00
18.64813 1.64009278e+00
18.71268 1.77311874e+00
18.77746 1.90083534e+00
18.84246 2.01696738e+00
18.90768 2.11664302e+00
18.97313 2.19681580e+00
19.03881 2.25778292e+00
19.10472 2.30314581e+00
19.17085 2.33715236e+00
19.23721 2.36389566e+00
19.30380 2.38903879e+00
19.37062 2.41612753e+00
19.43768 2.44438546e+00
19.50496 2.47091002e+00
19.57248 2.49276814e+00
19.64023 2.50723722e+00
19.70822 2.50954868e+00
19.77644 2.49380355e+00
19.84490 2.45239611e+00
19.91359 2.37720945e+00
19.98252 2.26930946e+00
20.05169 2.13915796e+00
20.12110 1.99717742e+00
20.19076 1.85319177e+00
20.26065 1.71217944e+00
20.33078 1.57831137e+00
20.40116 1.45912105e+00
20.47178 1.35964670e+00
20.54264 1.28231483e+00
20.61375 1.23039859e+00
20.68511 1.20544017e+00
20.75671 1.20582378e+00
20.82856 1.23099089e+00
20.90066 1.27517658e+00
20.97301 1.32072092e+00
21.04561 1.34594515e+00
21.11846 1.34029037e+00
21.19157 1.32317683e+00
21.26492 1.32417287e+00
21.33853 1.35027800e+00
21.41240 1.36146295e+00
21.48652 1.36451116e+00
21.56090 1.40237193e+00
21.63553 1.46692568e+00
21.71043 1.53926216e+00
21.78558 1.60797767e+00
21.86099 1.66922155e+00
21.93666 1.72191843e+00
22.01260 1.76753470e+00
22.08880 1.80822286e+00
22.16526 1.84711962e+00
22.24199 1.88848651e+00
22.31898 1.93704087e+00
22.39624 1.99825338e+00
22.47377 2.07215925e+00
22.55156 2.15983297e+00
22.62962 2.25528586e+00
22.70796 2.35564526e+00
22.78656 2.45380537e+00
22.86544 2.54713121e+00
22.94459 2.63214685e+00
23.02402 2.70980363e+00
23.10372 2.78043959e+00
23.18369 2.84536334e+00
23.26394 2.90302977e+00
23.34447 2.95017398e+00
23.42528 2.98195462e+00
23.50637 2.99357735e+00
23.58774 2.98307942e+00
23.66939 2.94973502e+00
23.75133 2.89669714e+00
23.83354 2.82645427e+00
23.91604 2.74415118e+00
23.99883 2.65242374e+00
24.08191 2.55365357e+00
24.16527 2.44881333e+00
24.24892 2.33856694e+00
24.33286 2.22511902e+00
24.41709 2.11189577e+00
24.50161 2.00228164e+00
24.58642 1.90816163e+00
24.67153 1.83978534e+00
24.75693 1.80233601e+00
24.84263 1.79325266e+00
24.92863 1.79392221e+00
25.01492 1.79188040e+00
25.10151 1.78237614e+00
25.18840 1.76581434e+00
25.27559 1.73662617e+00
25.36309 1.68552914e+00
25.45088 1.60851459e+00
25.53898 1.51515817e+00
25.62739 1.42301159e+00
25.71610 1.34439281e+00
25.80512 1.28409267e+00
25.89444 1.24070132e+00
25.98408 1.21609040e+00
26.07403 1.20838158e+00
26.16428 1.20983269e+00
26.25485 1.21372669e+00
26.34574 1.21451058e+00
26.43694 1.21133649e+00
26.52845 1.20839798e+00
26.62028 1.21236041e+00
26.71243 1.22843777e+00
26.80489 1.25970608e+00
26.89768 1.30734788e+00
26.99079 1.36737845e+00
27.08422 1.43313402e+00
27.17798 1.49461704e+00
27.27205 1.53984294e+00
27.36646 1.56219387e+00
27.46119 1.56047373e+00
27.55625 1.53914299e+00
27.65164 1.50516648e+00
27.74736 1.46387540e+00
27.84341 1.41830540e+00
27.93979 1.36980074e+00
28.03650 1.31874992e+00
28.13355 1.26550520e+00
28.23094 1.21050343e+00
28.32867 1.15438772e+00
28.42673 1.09781933e+00
28.52513 1.04235841e+00
28.62387 9.89363424e-01
28.72295 9.40080164e-01
28.82238 8.95515470e-01
28.92215 8.56414254e-01
29.02227 8.22666791e-01
29.12273 7.93591658e-01
29.22354 7.67975641e-01
29.32470 7.44275039e-01
29.42621 7.21028028e-01
29.52807 6.96929691e-01
29.63029 6.71603665e-01
29.73286 6.45568807e-01
29.83578 6.19930767e-01
29.93906 5.95945295e-01
30.04269 5.75152953e-01
30.14669 5.57767689e-01
30.25104 5.44054275e-01
30.35576 5.34056283e-01
30.46084 5.27647646e-01
30.56628 5.24589759e-01
30.67209 5.24624806e-01
30.77826 5.27535522e-01
30.88481 5.32920561e-01
30.99172 5.40429222e-01
31.09900 5.49859042e-01
31.20665 5.61114679e-01
31.31467 5.74227746e-01
31.42307 5.89377795e-01
31.53184 6.06906057e-01
31.64099 6.27309870e-01
31.75052 6.51301173e-01
31.86043 6.79652290e-01
31.97072 7.12949981e-01
32.08139 7.51861904e-01
32.19244 7.96964312e-01
32.30388 8.48671516e-01
32.41570 9.07139597e-01
32.52791 9.72083536e-01
32.64051 1.04253088e+00
32.75349 1.11661593e+00
32.86687 1.19154738e+00
32.98064 1.26365629e+00
33.09481 1.32848402e+00
33.20937 1.38038034e+00
33.32433 1.41161787e+00
33.43968 1.41561745e+00
33.55544 1.40332786e+00
33.67159 1.39850460e+00
33.78815 1.39868415e+00
33.90511 1.38962652e+00
34.02247 1.36639804e+00
34.14024 1.33002044e+00
34.25842 1.28336294e+00
34.37701 1.22969681e+00
34.49601 1.17210873e+00
34.61542 1.11311502e+00
34.73525 1.05445539e+00
34.85549 9.97074579e-01
34.97614 9.41329047e-01
35.09721 8.87324558e-01
35.21871 8.35214912e-01
35.34062 7.85323905e-01
35.46295 7.38069429e-01
35.58571 6.93746448e-01
35.70889 6.52289132e-01
35.83250 6.13481075e-01
35.95654 5.76875229e-01
36.08101 5.42095495e-01
36.20590 5.08889268e-01
36.33123 4.77183465e-01
36.45700 4.47039979e-01
36.58320 4.18616520e-01
36.70983 3.92084116e-01
36.83691 3.67578720e-01
36.96442 3.45184958e-01
37.09238 3.24916743e-01
37.22077 3.06729112e-01
37.34962 2.90529358e-01
37.47890 2.76187033e-01
37.60864 2.63543393e-01
37.73883 2.52418470e-01
37.86946 2.42656242e-01
38.00055 2.33939249e-01
38.13209 2.25960391e-01
38.26409 2.18442050e-01
38.39654 2.11123569e-01
38.52946 2.03787238e-01
38.66283 1.96280264e-01
38.79667 1.88530214e-01
38.93096 1.80544845e-01
39.06573 1.72396853e-01
39.20096 1.64214170e-01
39.33665 1.56166936e-01
39.47282 1.48371539e-01
39.60946 1.40914388e-01
39.74657 1.33850490e-01
39.88416 1.27210606e-01
40.02222 1.21005845e-01
40.16076 1.15232217e-01
40.29978 1.09939912e-01
40.43928 1.05029437e-01
40.57926 1.00470954e-01
40.71973 9.62343508e-02
40.86069 9.22920452e-02
41.00213 8.86201297e-02
41.14406 8.52106951e-02
41.28648 8.20529849e-02
41.42940 7.90931418e-02
41.57281 7.63132903e-02
41.71672 7.36974288e-02
41.86113 7.12318317e-02
42.00603 6.89184466e-02
42.15144 6.67481332e-02
42.29735 6.46914157e-02
42.44377 6.27387599e-02
42.59069 6.08825617e-02
42.73812 5.91183425e-02
42.88606 5.74551658e-02
43.03451 5.58700947e-02
43.18348 5.43543202e-02
43.33297 5.29039261e-02
43.48297 5.15163432e-02
43.63349 5.02014342e-02
43.78453 4.89417026e-02
43.93609 4.77304706e-02
44.08818 4.65650506e-02
44.24079 4.54468573e-02
44.39394 4.43817812e-02
44.54761 4.33534713e-02
44.70182 4.23614006e-02
44.85655 4.14047020e-02
45.01183 4.04869274e-02
45.16764 3.96041814e-02
45.32399 3.87493126e-02
45.48089 3.79207761e-02
45.63832 3.71241542e-02
45.79630 3.63568867e-02
45.95483 3.56127812e-02
46.11391 3.48907454e-02
46.27353 3.41927182e-02
46.43371 3.35199102e-02
46.59445 3.28657473e-02
46.75574 3.22295012e-02
46.91759 3.16148661e-02
47.08000 3.10201162e-02
47.24297 3.04412942e-02
47.40650 2.98778670e-02
47.57060 2.93326706e-02
47.73527 2.88024280e-02
47.90051 2.82856890e-02
48.06633 2.77836966e-02
48.23271 2.72978837e-02
48.39967 2.68229724e-02
48.56721 2.63587526e-02
48.73533 2.59089570e-02
48.90403 2.54717058e-02
49.07332 2.50443232e-02
49.24319 2.46278009e-02
49.41365 2.42233317e-02
49.58470 2.38274110e-02
49.75634 2.34400180e-02
49.92858 2.30651577e-02
50.10141 2.26925351e-02
50.27484 2.23257822e-02
50.44887 2.19651684e-02
50.62350 2.16105752e-02
50.79874 2.12619050e-02
50.97458 2.09190482e-02
51.15104 2.05819042e-02
51.32810 2.02503723e-02
51.50578 1.99243490e-02
51.68407 1.96037455e-02
51.86298 1.92884611e-02
52.04250 1.89784041e-02
52.22265 1.86734856e-02
52.40343 1.83736110e-02
52.58482 1.80786973e-02
52.76685 1.77886528e-02
52.94951 1.75033976e-02
53.13280 1.72228458e-02
53.31672 1.69469206e-02
53.50128 1.66755359e-02
53.68648 1.64086179e-02
53.87232 1.61460837e-02
54.05880 1.58878622e-02
54.24593 1.56338794e-02
54.43371 1.53840613e-02
54.62214 1.51383339e-02
54.81122 1.48966322e-02
55.00095 1.46588850e-02
55.19134 1.44250242e-02
55.38239 1.41949849e-02
55.57410 1.39686958e-02
55.76647 1.37460979e-02
55.95951 1.35271290e-02
56.15322 1.33117327e-02
56.34760 1.30998382e-02
56.54265 1.28913890e-02
56.73838 1.26863262e-02
56.93479 1.24845992e-02
57.13187 1.22861460e-02
57.32964 1.20909103e-02
57.52809 1.18988389e-02
57.72723 1.17098814e-02
57.92705 1.15239821e-02
58.12757 1.13410941e-02
58.32879 1.11611580e-02
58.53070 1.09841323e-02
58.73331 1.08099680e-02
58.93662 1.06386115e-02
59.14063 1.04700241e-02
59.34535 1.03041501e-02
59.55078 1.01409541e-02
59.75692 9.98038178e-03
59.96377 9.82239710e-03
60.17134 9.66695152e-03
60.37963 9.51400862e-03
60.58864 9.36352014e-03
60.79837 9.21545147e-03
61.00883 9.06975820e-03
61.22002 8.92640540e-03
61.43194 8.78534986e-03
61.64459 8.64655427e-03
61.85797 8.50998520e-03
62.07210 8.37560031e-03
62.28697 8.24336882e-03
62.50258 8.11325196e-03
62.71894 7.98521775e-03
62.93605 7.85922802e-03
63.15390 7.73525286e-03
63.37252 7.61325527e-03
63.59189 7.49320714e-03
63.81201 7.37507354e-03
64.03290 7.25882428e-03
64.25456 7.14443123e-03
64.47698 7.03185858e-03
64.70017 6.92107881e-03
64.92414 6.81206526e-03
65.14888 6.70478539e-03
65.37440 6.59921314e-03
65.60070 6.49532188e-03
65.82778 6.39307934e-03
66.05565 6.29246331e-03
66.28430 6.19344598e-03
66.51375 6.09600101e-03
66.74400 6.00010352e-03
66.97504 5.90572777e-03
67.20688 5.81284948e-03
67.43952 5.72144438e-03
67.67297 5.63148850e-03
67.90722 5.54295875e-03
68.14229 5.45583145e-03
68.37817 5.37008439e-03
68.61486 5.28569509e-03
68.85238 5.20264163e-03
69.09072 5.12090271e-03
69.32988 5.04045702e-03
69.56987 4.96128323e-03
69.81069 4.88336212e-03
70.05235 4.80667207e-03
70.29484 4.73119474e-03
70.53817 4.65690910e-03
70.78235 4.58379710e-03
71.02737 4.51183950e-03
71.27323 4.44101794e-03
71.51995 4.37131379e-03
71.76752 4.30270958e-03
72.01595 4.23518754e-03
72.26524 4.16873050e-03
72.51539 4.10332161e-03
72.76641 4.03894338e-03
73.01830 3.97557985e-03
73.27106 3.91321472e-03
73.52469 3.85183172e-03
73.77920 3.79141575e-03
74.03460 3.73195083e-03
74.29087 3.67342216e-03
74.54804 3.61581494e-03
74.80609 3.55911377e-03
75.06504 3.50330534e-03
75.32488 3.44837425e-03
75.58563 3.39430718e-03
75.84727 3.34109023e-03
76.10982 3.28871007e-03
76.37328 3.23715338e-03
76.63766 3.18640655e-03
76.90295 3.13645714e-03
77.16915 3.08729273e-03
77.43628 3.03890058e-03
77.70433 2.99126855e-03
77.97331 2.94438422e-03
78.24322 2.89823605e-03
78.51407 2.85281218e-03
78.78585 2.80810168e-03
79.05857 2.76409270e-03
79.33224 2.72077428e-03
79.60686 2.67813518e-03
79.88242 2.63616564e-03
80.15894 2.59485410e-03
80.43642 2.55418992e-03
80.71486 2.51416421e-03
80.99426 2.47476572e-03
81.27463 2.43598439e-03
81.55596 2.39781164e-03
81.83828 2.36023710e-03
82.12157 2.32325161e-03
82.40584 2.28684538e-03
82.69109 2.25100985e-03
82.97733 2.21573523e-03
83.26457 2.18101414e-03
83.55279 2.14683590e-03
83.84202 2.11319402e-03
84.13225 2.08007843e-03
84.42348 2.04748143e-03
84.71572 2.01539503e-03
85.00897 1.98381065e-03
85.30323 1.95272088e-03
85.59852 1.92211803e-03
85.89482 1.89199441e-03
86.19215 1.86234231e-03
86.49052 1.83315405e-03
86.78991 1.80442281e-03
87.09034 1.77614119e-03
87.39181 1.74830150e-03
87.69432 1.72089812e-03
87.99789 1.69392334e-03
88.30250 1.66737096e-03
88.60816 1.64123357e-03
88.91489 1.61550525e-03
89.22267 1.59017919e-03
89.53153 1.56524948e-03
89.84145 1.54070990e-03
90.15244 1.51655393e-03
90.46451 1.49277595e-03
90.77766 1.46937005e-03
91.09190 1.44633000e-03
91.40722 1.42365018e-03
91.72363 1.40132498e-03
92.04114 1.37934905e-03
92.35975 1.35771678e-03
92.67946 1.33642313e-03
93.00028 1.31546189e-03
93.32221 1.29482862e-03
93.64525 1.27451858e-03
93.96941 1.25452555e-03
94.29469 1.23484481e-03
94.62110 1.21547250e-03
94.94864 1.19640240e-03
95.27731 1.17763144e-03
95.60712 1.15915317e-03
95.93807 1.14096418e-03
96.27017 1.12305946e-03
96.60342 1.10543497e-03
96.93782 1.08808573e-03
97.27338 1.07100765e-03
97.61010 1.05419704e-03
97.94798 1.03764896e-03
98.28704 1.02135972e-03
98.62727 1.00532505e-03
98.96867 9.89541261e-04
99.31126 9.74004398e-04
99.65504 9.58710226e-04
100.00000 9.43655341e-04
