        2000  2.000000 3.330000
0.10000 6.80711881e-01
0.10035 6.79072692e-01
0.10069 6.77945465e-01
0.10104 6.76435510e-01
0.10139 6.74925643e-01
0.10174 6.73783083e-01
0.10210 6.72033102e-01
0.10245 6.70849664e-01
0.10280 6.69662082e-01
0.10316 6.68081857e-01
0.10352 6.66801509e-01
0.10387 6.65499375e-01
0.10423 6.63958547e-01
0.10459 6.62424675e-01
0.10496 6.61042503e-01
0.10532 6.59458607e-01
0.10568 6.58267977e-01
0.10605 6.56404864e-01
0.10642 6.55310167e-01
0.10679 6.53883566e-01
0.10716 6.52560564e-01
0.10753 6.51153380e-01
0.10790 6.49666276e-01
0.10827 6.48519750e-01
0.10865 6.47221375e-01
0.10902 6.45789890e-01
0.10940 6.44340022e-01
0.10978 6.43289637e-01
0.11016 6.41659298e-01
0.11054 6.40421338e-01
0.11092 6.38826223e-01
0.11131 6.37588055e-01
0.11169 6.35975802e-01
0.11208 6.34517677e-01
0.11247 6.33314555e-01
0.11286 6.31473998e-01
0.11325 6.30406089e-01
0.11364 6.28646813e-01
0.11403 6.27691858e-01
0.11443 6.26011850e-01
0.11482 6.24682514e-01
0.11522 6.23606791e-01
0.11562 6.22191349e-01
0.11602 6.20932727e-01
0.11642 6.19401845e-01
0.11682 6.18132863e-01
0.11723 6.16911952e-01
0.11763 6.15532829e-01
0.11804 6.14023051e-01
0.11845 6.12906865e-01
0.11886 6.11240710e-01
0.11927 6.10126270e-01
0.11968 6.08865222e-01
0.12010 6.07411299e-01
0.12051 6.05915256e-01
0.12093 6.04846489e-01
0.12135 6.03548973e-01
0.12177 6.02065391e-01
0.12219 6.01018173e-01
0.12262 5.99729182e-01
0.12304 5.98450669e-01
0.12347 5.97082113e-01
0.12389 5.95875143e-01
0.12432 5.94340531e-01
0.12475 5.93463365e-01
0.12518 5.91590987e-01
0.12562 5.90601814e-01
0.12605 5.88703744e-01
0.12649 5.88014094e-01
0.12693 5.86063750e-01
0.12737 5.85484122e-01
0.12781 5.83323796e-01
0.12825 5.82604842e-01
0.12869 5.80810342e-01
0.12914 5.79955316e-01
0.12959 5.78561452e-01
0.13003 5.77198165e-01
0.13048 5.75658521e-01
0.13094 5.74715110e-01
0.13139 5.73144711e-01
0.13184 5.72063098e-01
0.13230 5.70692351e-01
0.13276 5.69441781e-01
0.13322 5.68036402e-01
0.13368 5.66843197e-01
0.13414 5.65304293e-01
0.13461 5.64089953e-01
0.13507 5.63092818e-01
0.13554 5.61816880e-01
0.13601 5.60470998e-01
0.13648 5.59483305e-01
0.13695 5.58301022e-01
0.13743 5.56777273e-01
0.13790 5.56231774e-01
0.13838 5.54509291e-01
0.13886 5.53704319e-01
0.13934 5.52213456e-01
0.13982 5.51321371e-01
0.14031 5.49971700e-01
0.14079 5.48738919e-01
0.14128 5.47795449e-01
0.14177 5.45983455e-01
0.14226 5.45420700e-01
0.14275 5.43927528e-01
0.14324 5.42624654e-01
0.14374 5.41906529e-01
0.14424 5.40208258e-01
0.14474 5.39370786e-01
0.14524 5.38087359e-01
0.14574 5.36735705e-01
0.14625 5.36051826e-01
0.14675 5.33787130e-01
0.14726 5.33922669e-01
0.14777 5.31308722e-01
0.14828 5.30799602e-01
0.14879 5.29465205e-01
0.14931 5.27984169e-01
0.14983 5.27201693e-01
0.15034 5.25525534e-01
0.15087 5.24348312e-01
0.15139 5.23557430e-01
0.15191 5.22126862e-01
0.15244 5.21157610e-01
0.15297 5.19574750e-01
0.15349 5.19201967e-01
0.15403 5.16856463e-01
0.15456 5.16988302e-01
0.15509 5.14655378e-01
0.15563 5.14317257e-01
0.15617 5.12896901e-01
0.15671 5.11717814e-01
0.15725 5.10672224e-01
0.15780 5.09413395e-01
0.15834 5.08070236e-01
0.15889 5.07563188e-01
0.15944 5.05753799e-01
0.15999 5.05173610e-01
0.16055 5.03757368e-01
0.16110 5.02951242e-01
0.16166 5.01350326e-01
0.16222 5.00732633e-01
0.16278 4.99291675e-01
0.16335 4.98075766e-01
0.16391 4.97471512e-01
0.16448 4.95360499e-01
0.16505 4.94895424e-01
0.16562 4.93776870e-01
0.16619 4.92658937e-01
0.16677 4.90592502e-01
0.16734 4.91146673e-01
0.16792 4.88337574e-01
0.16851 4.88659414e-01
0.16909 4.86112749e-01
0.16967 4.85630298e-01
0.17026 4.85341047e-01
0.17085 4.82546689e-01
0.17144 4.82820104e-01
0.17204 4.80891516e-01
0.17263 4.79897874e-01
0.17323 4.78833310e-01
0.17383 4.78045446e-01
0.17443 4.75929668e-01
0.17503 4.75802536e-01
0.17564 4.74282250e-01
0.17625 4.72957147e-01
0.17686 4.72292361e-01
0.17747 4.70930524e-01
0.17808 4.69520794e-01
0.17870 4.68924562e-01
0.17932 4.67860234e-01
0.17994 4.66397018e-01
0.18056 4.65416666e-01
0.18119 4.64494211e-01
0.18182 4.63274543e-01
0.18244 4.61688220e-01
0.18308 4.61942425e-01
0.18371 4.59505338e-01
0.18435 4.58770222e-01
0.18498 4.58334510e-01
0.18562 4.56598204e-01
0.18627 4.55631113e-01
0.18691 4.54829012e-01
0.18756 4.53873820e-01
0.18821 4.52013312e-01
0.18886 4.51992622e-01
0.18951 4.50458217e-01
0.19017 4.49283689e-01
0.19083 4.48484282e-01
0.19149 4.47304485e-01
0.19215 4.45779493e-01
0.19282 4.45398807e-01
0.19348 4.43751271e-01
0.19415 4.43587346e-01
0.19483 4.41497142e-01
0.19550 4.41126906e-01
0.19618 4.40240238e-01
0.19686 4.38701334e-01
0.19754 4.37354711e-01
0.19822 4.37386354e-01
0.19891 4.35407534e-01
0.19960 4.34510536e-01
0.20029 4.33353087e-01
0.20098 4.33455414e-01
0.20168 4.31044050e-01
0.20237 4.30259828e-01
0.20307 4.30436422e-01
0.20378 4.27819930e-01
0.20448 4.27581324e-01
0.20519 4.26813826e-01
0.20590 4.25215070e-01
0.20661 4.24092638e-01
0.20733 4.23832898e-01
0.20805 4.22491989e-01
0.20877 4.21418101e-01
0.20949 4.20756422e-01
0.21021 4.19456450e-01
0.21094 4.18892185e-01
0.21167 4.17077646e-01
0.21240 4.17009270e-01
0.21314 4.15883818e-01
0.21388 4.14020143e-01
0.21462 4.14333074e-01
0.21536 4.12977394e-01
0.21611 4.11789280e-01
0.21685 4.10174245e-01
0.21760 4.11131065e-01
0.21836 4.09055720e-01
0.21911 4.06987242e-01
0.21987 4.08146941e-01
0.22063 4.06151605e-01
0.22140 4.04495958e-01
0.22216 4.05382508e-01
0.22293 4.02176266e-01
0.22370 4.02737807e-01
0.22448 4.01807450e-01
0.22526 3.99979531e-01
0.22604 3.98929205e-01
0.22682 3.99446790e-01
0.22760 3.97621743e-01
0.22839 3.95903937e-01
0.22918 3.96001114e-01
0.22998 3.95464258e-01
0.23077 3.92909275e-01
0.23157 3.93684825e-01
0.23237 3.91206742e-01
0.23318 3.91561025e-01
0.23398 3.90936702e-01
0.23479 3.88143882e-01
0.23561 3.87911197e-01
0.23642 3.89036086e-01
0.23724 3.85835674e-01
0.23806 3.84977511e-01
0.23889 3.85336470e-01
0.23971 3.84463122e-01
0.24054 3.82843943e-01
0.24137 3.81489122e-01
0.24221 3.81529348e-01
0.24305 3.81733322e-01
0.24389 3.78849157e-01
0.24473 3.78424278e-01
0.24558 3.77613416e-01
0.24643 3.78575416e-01
0.24728 3.75637912e-01
0.24814 3.74978838e-01
0.24900 3.74434494e-01
0.24986 3.74388703e-01
0.25073 3.72904589e-01
0.25159 3.70866747e-01
0.25246 3.71906240e-01
0.25334 3.70529810e-01
0.25422 3.68905214e-01
0.25510 3.68984098e-01
0.25598 3.67592129e-01
0.25687 3.66696048e-01
0.25775 3.66843545e-01
0.25865 3.64702932e-01
0.25954 3.64339918e-01
0.26044 3.63721337e-01
0.26134 3.62847604e-01
0.26225 3.62147771e-01
0.26315 3.60654836e-01
0.26406 3.60495914e-01
0.26498 3.59979334e-01
0.26590 3.58775798e-01
0.26682 3.57277417e-01
0.26774 3.58097278e-01
0.26867 3.56743314e-01
0.26960 3.54510320e-01
0.27053 3.54746587e-01
0.27147 3.54335917e-01
0.27241 3.53856219e-01
0.27335 3.51925944e-01
0.27430 3.51156906e-01
0.27525 3.51607774e-01
0.27620 3.50110280e-01
0.27715 3.48953157e-01
0.27811 3.48966684e-01
0.27908 3.46935029e-01
0.28004 3.46494729e-01
0.28101 3.46598270e-01
0.28198 3.45845719e-01
0.28296 3.43505425e-01
0.28394 3.43011164e-01
0.28492 3.43259626e-01
0.28591 3.43628117e-01
0.28690 3.40225242e-01
0.28789 3.39035618e-01
0.28889 3.40601014e-01
0.28989 3.38854791e-01
0.29089 3.38657211e-01
0.29190 3.37289721e-01
0.29291 3.35120514e-01
0.29392 3.35646802e-01
0.29494 3.35915896e-01
0.29596 3.33959869e-01
0.29699 3.33598719e-01
0.29801 3.31569639e-01
0.29905 3.31502684e-01
0.30008 3.31354388e-01
0.30112 3.31204079e-01
0.30216 3.29509509e-01
0.30321 3.27108209e-01
0.30426 3.28479251e-01
0.30531 3.27577487e-01
0.30637 3.26771390e-01
0.30743 3.25024398e-01
0.30849 3.24301478e-01
0.30956 3.25260162e-01
0.31063 3.23424252e-01
0.31171 3.22297025e-01
0.31279 3.22889143e-01
0.31387 3.20197112e-01
0.31496 3.20461499e-01
0.31605 3.19408864e-01
0.31714 3.19314795e-01
0.31824 3.17956303e-01
0.31934 3.16959375e-01
0.32044 3.17560018e-01
0.32155 3.15624149e-01
0.32267 3.14301769e-01
0.32378 3.14840637e-01
0.32490 3.14997162e-01
0.32603 3.12562206e-01
0.32716 3.12482375e-01
0.32829 3.11101979e-01
0.32943 3.11217005e-01
0.33057 3.09737212e-01
0.33171 3.10553314e-01
0.33286 3.08333195e-01
0.33401 3.08431586e-01
0.33517 3.06483817e-01
0.33633 3.06684860e-01
0.33749 3.06726803e-01
0.33866 3.06515193e-01
0.33983 3.03525889e-01
0.34101 3.03230274e-01
0.34219 3.03924305e-01
0.34337 3.03102254e-01
0.34456 3.01848871e-01
0.34576 3.00226406e-01
0.34695 3.02189478e-01
0.34815 2.99243450e-01
0.34936 2.97791362e-01
0.35057 2.99548981e-01
0.35178 2.98490722e-01
0.35300 2.97402359e-01
0.35422 2.94715182e-01
0.35545 2.94987236e-01
0.35668 2.95931062e-01
0.35791 2.95694765e-01
0.35915 2.92277859e-01
0.36039 2.93276001e-01
0.36164 2.91666560e-01
0.36289 2.91944830e-01
0.36415 2.91730348e-01
0.36541 2.89002205e-01
0.36668 2.89524082e-01
0.36795 2.89803950e-01
0.36922 2.87700190e-01
0.37050 2.87489852e-01
0.37178 2.87319445e-01
0.37307 2.84390199e-01
0.37436 2.85792499e-01
0.37565 2.86761810e-01
0.37695 2.84203364e-01
0.37826 2.82313582e-01
0.37957 2.81491412e-01
0.38088 2.81835956e-01
0.38220 2.83167542e-01
0.38352 2.82201990e-01
0.38485 2.78630602e-01
0.38618 2.78322140e-01
0.38752 2.78087797e-01
0.38886 2.80278078e-01
0.39021 2.76967200e-01
0.39156 2.76867922e-01
0.39291 2.75085114e-01
0.39427 2.75424714e-01
0.39564 2.75802884e-01
0.39701 2.73489585e-01
0.39838 2.72272670e-01
0.39976 2.72944471e-01
0.40115 2.72529805e-01
0.40253 2.71968056e-01
0.40393 2.70834702e-01
0.40533 2.69801869e-01
0.40673 2.67878964e-01
0.40814 2.69332709e-01
0.40955 2.68753230e-01
0.41097 2.68686215e-01
0.41239 2.65890821e-01
0.41382 2.66513161e-01
0.41525 2.65019190e-01
0.41669 2.63666647e-01
0.41813 2.64394274e-01
0.41958 2.64742933e-01
0.42103 2.63795555e-01
0.42249 2.62421553e-01
0.42395 2.60710584e-01
0.42542 2.60893630e-01
0.42689 2.60200724e-01
0.42837 2.59073734e-01
0.42985 2.59959218e-01
0.43134 2.58782618e-01
0.43283 2.58116026e-01
0.43433 2.57939994e-01
0.43583 2.56135578e-01
0.43734 2.54580898e-01
0.43886 2.54959837e-01
0.44037 2.55614914e-01
0.44190 2.54870622e-01
0.44343 2.54120558e-01
0.44496 2.53071534e-01
0.44650 2.51695963e-01
0.44805 2.51915743e-01
0.44960 2.50928820e-01
0.45116 2.50360411e-01
0.45272 2.50111653e-01
0.45429 2.49117596e-01
0.45586 2.49920200e-01
0.45744 2.48951658e-01
0.45902 2.48246646e-01
0.46061 2.45510155e-01
0.46220 2.46093601e-01
0.46380 2.45413630e-01
0.46541 2.46025669e-01
0.46702 2.46994270e-01
0.46864 2.44437540e-01
0.47026 2.42077591e-01
0.47189 2.43646835e-01
0.47352 2.42325254e-01
0.47516 2.41452735e-01
0.47680 2.41951051e-01
0.47845 2.39077010e-01
0.48011 2.42200579e-01
0.48177 2.40217261e-01
0.48344 2.39869313e-01
0.48511 2.38492114e-01
0.48679 2.38022658e-01
0.48848 2.34821832e-01
0.49017 2.35164807e-01
0.49186 2.37774106e-01
0.49357 2.38956922e-01
0.49528 2.36190654e-01
0.49699 2.34687744e-01
0.49871 2.32268832e-01
0.50044 2.32726418e-01
0.50217 2.30907202e-01
0.50391 2.33256732e-01
0.50565 2.32691994e-01
0.50740 2.34059958e-01
0.50916 2.32406561e-01
0.51092 2.28303261e-01
0.51269 2.27984410e-01
0.51446 2.27365059e-01
0.51625 2.29681703e-01
0.51803 2.28469110e-01
0.51983 2.30079942e-01
0.52163 2.28377912e-01
0.52343 2.25390473e-01
0.52524 2.24367230e-01
0.52706 2.23497316e-01
0.52889 2.25090743e-01
0.53072 2.25756625e-01
0.53255 2.24674982e-01
0.53440 2.24419622e-01
0.53625 2.22142050e-01
0.53810 2.18677459e-01
0.53997 2.21588146e-01
0.54183 2.22730232e-01
0.54371 2.23354614e-01
0.54559 2.20497622e-01
0.54748 2.18267736e-01
0.54938 2.17602920e-01
0.55128 2.16196210e-01
0.55319 2.17423603e-01
0.55510 2.18491571e-01
0.55702 2.20776366e-01
0.55895 2.19694515e-01
0.56089 2.15656335e-01
0.56283 2.12221936e-01
0.56478 2.09683884e-01
0.56673 2.11743511e-01
0.56869 2.18228575e-01
0.57066 2.16357826e-01
0.57264 2.14918170e-01
0.57462 2.12984521e-01
0.57661 2.10052818e-01
0.57860 2.09536269e-01
0.58061 2.10504130e-01
0.58262 2.08653094e-01
0.58463 2.08308816e-01
0.58666 2.11153998e-01
0.58869 2.10803918e-01
0.59073 2.11530569e-01
0.59277 2.09092594e-01
0.59482 2.05485627e-01
0.59688 2.04897446e-01
0.59895 2.04058582e-01
0.60102 2.05020345e-01
0.60310 2.05180155e-01
0.60519 2.08409308e-01
0.60728 2.09015338e-01
0.60939 2.04688470e-01
0.61150 2.02318782e-01
0.61361 2.00873710e-01
0.61574 2.01438597e-01
0.61787 2.03025719e-01
0.62001 2.02588971e-01
0.62215 2.01394878e-01
0.62431 2.01167757e-01
0.62647 2.00996550e-01
0.62864 2.02936890e-01
0.63081 1.99679262e-01
0.63300 1.99710401e-01
0.63519 1.96825496e-01
0.63739 1.98310942e-01
0.63959 1.98087522e-01
0.64181 1.99384150e-01
0.64403 1.96773637e-01
0.64626 1.97184485e-01
0.64849 1.98230430e-01
0.65074 1.98212197e-01
0.65299 1.96056074e-01
0.65525 1.95421953e-01
0.65752 1.92906930e-01
0.65980 1.94806095e-01
0.66208 1.95291298e-01
0.66437 1.94018854e-01
0.66667 1.96789414e-01
0.66898 1.95314446e-01
0.67130 1.91833870e-01
0.67362 1.91361247e-01
0.67595 1.90996842e-01
0.67829 1.92138810e-01
0.68064 1.94706758e-01
0.68299 1.94034068e-01
0.68536 1.91627055e-01
0.68773 1.90317196e-01
0.69011 1.86872733e-01
0.69250 1.86961089e-01
0.69490 1.95302783e-01
0.69730 1.96495930e-01
0.69972 1.90293812e-01
0.70214 1.87072089e-01
0.70457 1.85990860e-01
0.70701 1.86831737e-01
0.70946 1.89647496e-01
0.71191 1.90914554e-01
0.71438 1.91271530e-01
0.71685 1.87273132e-01
0.71933 1.86340436e-01
0.72182 1.87455468e-01
0.72432 1.88862356e-01
0.72683 1.84055523e-01
0.72934 1.87620458e-01
0.73187 1.90523478e-01
0.73440 1.85845613e-01
0.73694 1.88037463e-01
0.73949 1.84165014e-01
0.74205 1.83229298e-01
0.74462 1.86343958e-01
0.74720 1.84070086e-01
0.74979 1.87619008e-01
0.75238 1.87621080e-01
0.75499 1.84884382e-01
0.75760 1.85568882e-01
0.76022 1.82245779e-01
0.76285 1.83729006e-01
0.76549 1.86285114e-01
0.76814 1.84320828e-01
0.77080 1.82381791e-01
0.77347 1.82475475e-01
0.77615 1.84794310e-01
0.77884 1.84466075e-01
0.78153 1.81983582e-01
0.78424 1.84025627e-01
0.78695 1.80396934e-01
0.78968 1.84200978e-01
0.79241 1.86059946e-01
0.79515 1.85690183e-01
0.79790 1.81653010e-01
0.80067 1.77299797e-01
0.80344 1.77595146e-01
0.80622 1.79963886e-01
0.80901 1.82805042e-01
0.81181 1.84680290e-01
0.81462 1.85395219e-01
0.81744 1.86074332e-01
0.82027 1.84259260e-01
0.82311 1.77585585e-01
0.82596 1.74680256e-01
0.82882 1.78635763e-01
0.83169 1.80965757e-01
0.83457 1.76195598e-01
0.83745 1.79225277e-01
0.84035 1.80426267e-01
0.84326 1.85142169e-01
0.84618 1.86821614e-01
0.84911 1.88040719e-01
0.85205 1.79022132e-01
0.85500 1.73621938e-01
0.85796 1.74043619e-01
0.86093 1.70542827e-01
0.86391 1.72361007e-01
0.86690 1.75291881e-01
0.86990 1.82815994e-01
0.87291 1.87665954e-01
0.87593 1.88643346e-01
0.87897 1.85268235e-01
0.88201 1.77418049e-01
0.88506 1.70200533e-01
0.88813 1.74495996e-01
0.89120 1.71309112e-01
0.89428 1.71939000e-01
0.89738 1.73934721e-01
0.90049 1.75962114e-01
0.90360 1.78587219e-01
0.90673 1.78480274e-01
0.90987 1.81665649e-01
0.91302 1.83311320e-01
0.91618 1.80168037e-01
0.91935 1.80670822e-01
0.92253 1.74250878e-01
0.92573 1.67503292e-01
0.92893 1.66880834e-01
0.93215 1.64972166e-01
0.93537 1.69120192e-01
0.93861 1.75813048e-01
0.94186 1.79754110e-01
0.94512 1.81608610e-01
0.94839 1.82268275e-01
0.95168 1.73477993e-01
0.95497 1.76235322e-01
0.95828 1.71534901e-01
0.96159 1.71355436e-01
0.96492 1.70140534e-01
0.96826 1.70882546e-01
0.97161 1.68673380e-01
0.97498 1.66216521e-01
0.97835 1.66455600e-01
0.98174 1.67253616e-01
0.98514 1.71046590e-01
0.98855 1.78425396e-01
0.99197 1.79088436e-01
0.99540 1.78115010e-01
0.99885 1.75134054e-01
1.00231 1.69554720e-01
1.00578 1.64590415e-01
1.00926 1.62866304e-01
1.01275 1.62613313e-01
1.01626 1.62712710e-01
1.01978 1.65233919e-01
1.02330 1.66236353e-01
1.02685 1.68203450e-01
1.03040 1.70218026e-01
1.03397 1.70674784e-01
1.03755 1.71442549e-01
1.04114 1.74423624e-01
1.04474 1.69539358e-01
1.04836 1.66726410e-01
1.05199 1.64570494e-01
1.05563 1.60782523e-01
1.05928 1.57431714e-01
1.06295 1.56370673e-01
1.06663 1.55196559e-01
1.07032 1.58238906e-01
1.07403 1.65537023e-01
1.07775 1.71355288e-01
1.08148 1.73600478e-01
1.08522 1.73237197e-01
1.08898 1.65603061e-01
1.09275 1.61294544e-01
1.09653 1.57090722e-01
1.10032 1.55640796e-01
1.10413 1.56029414e-01
1.10796 1.54996848e-01
1.11179 1.56056646e-01
1.11564 1.55153758e-01
1.11950 1.55935375e-01
1.12338 1.58606746e-01
1.12726 1.60640384e-01
1.13117 1.63110208e-01
1.13508 1.65158439e-01
1.13901 1.64697449e-01
1.14295 1.60609245e-01
1.14691 1.57989349e-01
1.15088 1.53398418e-01
1.15487 1.49372167e-01
1.15886 1.47065735e-01
1.16287 1.47490081e-01
1.16690 1.48457350e-01
1.17094 1.51333315e-01
1.17499 1.55952780e-01
1.17906 1.59382206e-01
1.18314 1.60748602e-01
1.18724 1.59190043e-01
1.19135 1.54537752e-01
1.19547 1.51104922e-01
1.19961 1.48479046e-01
1.20376 1.46713910e-01
1.20793 1.46790870e-01
1.21211 1.46567182e-01
1.21630 1.46838822e-01
1.22052 1.47434492e-01
1.22474 1.47772228e-01
1.22898 1.48959158e-01
1.23323 1.49492728e-01
1.23750 1.49404905e-01
1.24179 1.49293372e-01
1.24609 1.49314566e-01
1.25040 1.48553964e-01
1.25473 1.46980546e-01
1.25907 1.45450966e-01
1.26343 1.42809285e-01
1.26780 1.40608495e-01
1.27219 1.39740386e-01
1.27659 1.40004241e-01
1.28101 1.40481926e-01
1.28545 1.41324105e-01
1.28990 1.42710391e-01
1.29436 1.44134595e-01
1.29884 1.44877378e-01
1.30334 1.44362515e-01
1.30785 1.42671941e-01
1.31238 1.40474466e-01
1.31692 1.38556120e-01
1.32148 1.37181348e-01
1.32605 1.36583162e-01
1.33064 1.36579225e-01
1.33525 1.36798946e-01
1.33987 1.37365786e-01
1.34451 1.37789924e-01
1.34916 1.37534121e-01
1.35383 1.36784146e-01
1.35852 1.35572706e-01
1.36322 1.34340192e-01
1.36794 1.33679046e-01
1.37268 1.33708558e-01
1.37743 1.34137254e-01
1.38220 1.34370029e-01
1.38698 1.34005771e-01
1.39178 1.33020890e-01
1.39660 1.31595946e-01
1.40144 1.30382583e-01
1.40629 1.29715873e-01
1.41115 1.29392019e-01
1.41604 1.29280516e-01
1.42094 1.29444056e-01
1.42586 1.29847238e-01
1.43080 1.30270754e-01
1.43575 1.30413693e-01
1.44072 1.29973304e-01
1.44571 1.28880768e-01
1.45071 1.27503894e-01
1.45573 1.26244592e-01
1.46077 1.25237630e-01
1.46583 1.24556267e-01
1.47090 1.24276429e-01
1.47599 1.24376181e-01
1.48110 1.24702254e-01
1.48623 1.24984550e-01
1.49137 1.24885567e-01
1.49654 1.24235847e-01
1.50172 1.23127830e-01
1.50692 1.21844907e-01
1.51213 1.20785784e-01
1.51737 1.20228688e-01
1.52262 1.20198940e-01
1.52789 1.20516163e-01
1.53318 1.20887910e-01
1.53849 1.21016226e-01
1.54381 1.20714779e-01
1.54916 1.19988339e-01
1.55452 1.19032981e-01
1.55990 1.18121920e-01
1.56530 1.17435585e-01
1.57072 1.17010381e-01
1.57615 1.16792865e-01
1.58161 1.16689271e-01
1.58709 1.16599290e-01
1.59258 1.16431911e-01
1.59809 1.16107418e-01
1.60362 1.15579984e-01
1.60918 1.14880871e-01
1.61475 1.14111703e-01
1.62034 1.13370907e-01
1.62594 1.12708624e-01
1.63157 1.12148557e-01
1.63722 1.11717773e-01
1.64289 1.11427696e-01
1.64857 1.11245396e-01
1.65428 1.11099604e-01
1.66001 1.10906597e-01
1.66575 1.10598695e-01
1.67152 1.10147662e-01
1.67731 1.09572845e-01
1.68311 1.08940352e-01
1.68894 1.08353884e-01
1.69478 1.07915494e-01
1.70065 1.07672652e-01
1.70654 1.07593487e-01
1.71245 1.07581064e-01
1.71837 1.07512987e-01
1.72432 1.07288500e-01
1.73029 1.06867094e-01
1.73628 1.06283347e-01
1.74229 1.05627715e-01
1.74832 1.05001761e-01
1.75437 1.04473680e-01
1.76045 1.04058022e-01
1.76654 1.03723183e-01
1.77266 1.03414470e-01
1.77879 1.03080582e-01
1.78495 1.02693077e-01
1.79113 1.02251643e-01
1.79733 1.01776057e-01
1.80355 1.01292849e-01
1.80979 1.00824370e-01
1.81606 1.00382646e-01
1.82234 9.99686572e-02
1.82865 9.95772594e-02
1.83498 9.92029674e-02
1.84133 9.88434754e-02
1.84771 9.84988248e-02
1.85410 9.81689624e-02
1.86052 9.78525118e-02
1.86696 9.75472706e-02
1.87342 9.72494591e-02
1.87991 9.69526037e-02
1.88642 9.66477622e-02
1.89295 9.63276145e-02
1.89950 9.59913082e-02
1.90607 9.56462077e-02
1.91267 9.53046118e-02
1.91929 9.49771944e-02
1.92594 9.46664832e-02
1.93260 9.43640482e-02
1.93929 9.40532718e-02
1.94601 9.37157194e-02
1.95274 9.33389114e-02
1.95950 9.29219421e-02
1.96629 9.24759648e-02
1.97309 9.20201662e-02
1.97992 9.15739403e-02
1.98678 9.11501364e-02
1.99365 9.07516790e-02
2.00055 9.03726983e-02
2.00748 9.00025622e-02
2.01443 8.96311828e-02
2.02140 8.92531494e-02
2.02840 8.88695748e-02
2.03542 8.84864916e-02
2.04247 8.81116017e-02
2.04954 8.77508428e-02
2.05663 8.74061982e-02
2.06375 8.70761789e-02
2.07090 8.67573040e-02
2.07806 8.64463323e-02
2.08526 8.61416654e-02
2.09247 8.58433626e-02
2.09972 8.55522110e-02
2.10699 8.52686726e-02
2.11428 8.49924129e-02
2.12160 8.47221767e-02
2.12894 8.44563066e-02
2.13631 8.41930116e-02
2.14371 8.39303974e-02
2.15113 8.36664246e-02
2.15857 8.33986926e-02
2.16605 8.31248690e-02
2.17354 8.28429970e-02
2.18107 8.25518870e-02
2.18862 8.22512901e-02
2.19619 8.19416622e-02
2.20380 8.16236813e-02
2.21143 8.12977764e-02
2.21908 8.09640808e-02
2.22676 8.06223310e-02
2.23447 8.02725922e-02
2.24220 7.99153883e-02
2.24997 7.95521963e-02
2.25775 7.91851770e-02
2.26557 7.88168642e-02
2.27341 7.84496170e-02
2.28128 7.80853506e-02
2.28918 7.77252044e-02
2.29710 7.73696433e-02
2.30505 7.70188448e-02
2.31303 7.66729007e-02
2.32104 7.63320123e-02
2.32908 7.59967509e-02
2.33714 7.56677676e-02
2.34523 7.53459238e-02
2.35335 7.50318590e-02
2.36149 7.47260229e-02
2.36967 7.44285429e-02
2.37787 7.41391674e-02
2.38610 7.38574582e-02
2.39436 7.35829271e-02
2.40265 7.33150501e-02
2.41097 7.30534690e-02
2.41931 7.27978493e-02
2.42769 7.25477174e-02
2.43609 7.23025939e-02
2.44452 7.20616914e-02
2.45298 7.18241395e-02
2.46148 7.15888817e-02
2.47000 7.13547664e-02
2.47855 7.11207014e-02
2.48713 7.08855916e-02
2.49574 7.06484275e-02
2.50438 7.04082442e-02
2.51304 7.01642041e-02
2.52174 6.99155730e-02
2.53047 6.96618033e-02
2.53923 6.94025369e-02
2.54802 6.91376376e-02
2.55684 6.88671528e-02
2.56569 6.85913193e-02
2.57457 6.83105011e-02
2.58349 6.80251660e-02
2.59243 6.77358556e-02
2.60140 6.74431738e-02
2.61041 6.71477658e-02
2.61944 6.68503094e-02
2.62851 6.65515063e-02
2.63761 6.62520550e-02
2.64674 6.59526480e-02
2.65590 6.56539278e-02
2.66510 6.53565099e-02
2.67432 6.50609421e-02
2.68358 6.47677334e-02
2.69287 6.44773189e-02
2.70219 6.41901130e-02
2.71154 6.39064740e-02
2.72093 6.36267185e-02
2.73035 6.33511306e-02
2.73980 6.30799502e-02
2.74928 6.28133756e-02
2.75880 6.25515547e-02
2.76835 6.22946001e-02
2.77793 6.20425798e-02
2.78755 6.17955086e-02
2.79720 6.15533658e-02
2.80688 6.13160951e-02
2.81660 6.10835812e-02
2.82635 6.08556730e-02
2.83613 6.06321753e-02
2.84595 6.04128363e-02
2.85580 6.01973602e-02
2.86569 5.99854005e-02
2.87561 5.97765547e-02
2.88556 5.95703789e-02
2.89555 5.93663846e-02
2.90557 5.91640360e-02
2.91563 5.89627945e-02
2.92572 5.87620887e-02
2.93585 5.85613504e-02
2.94601 5.83600319e-02
2.95621 5.81576034e-02
2.96644 5.79535766e-02
2.97671 5.77475162e-02
2.98702 5.75390374e-02
2.99736 5.73278326e-02
3.00773 5.71136529e-02
3.01814 5.68963326e-02
3.02859 5.66757682e-02
3.03907 5.64519390e-02
3.04960 5.62248744e-02
3.06015 5.59946782e-02
3.07074 5.57614982e-02
3.08137 5.55255448e-02
3.09204 5.52870606e-02
3.10274 5.50463149e-02
3.11348 5.48036245e-02
3.12426 5.45593150e-02
3.13508 5.43137445e-02
3.14593 5.40672623e-02
3.15682 5.38202444e-02
3.16775 5.35730548e-02
3.17871 5.33260724e-02
3.18972 5.30796494e-02
3.20076 5.28341500e-02
3.21184 5.25899234e-02
3.22295 5.23472922e-02
3.23411 5.21065820e-02
3.24531 5.18680889e-02
3.25654 5.16320999e-02
3.26781 5.13988697e-02
3.27912 5.11686438e-02
3.29047 5.09416444e-02
3.30187 5.07180638e-02
3.31330 5.04980736e-02
3.32476 5.02818367e-02
3.33627 5.00694597e-02
3.34782 4.98610490e-02
3.35941 4.96566758e-02
3.37104 4.94563815e-02
3.38271 4.92601809e-02
3.39442 4.90680591e-02
3.40617 4.88799718e-02
3.41796 4.86958421e-02
3.42979 4.85155633e-02
3.44166 4.83389993e-02
3.45358 4.81659784e-02
3.46553 4.79963112e-02
3.47753 4.78297638e-02
3.48957 4.76660818e-02
3.50164 4.75049956e-02
3.51377 4.73462005e-02
3.52593 4.71893856e-02
3.53814 4.70342076e-02
3.55038 4.68803290e-02
3.56267 4.67274006e-02
3.57500 4.65750642e-02
3.58738 4.64229706e-02
3.59980 4.62707762e-02
3.61226 4.61181468e-02
3.62476 4.59647596e-02
3.63731 4.58103186e-02
3.64990 4.56545457e-02
3.66254 4.54971891e-02
3.67521 4.53380210e-02
3.68794 4.51768579e-02
3.70070 4.50135281e-02
3.71351 4.48479102e-02
3.72637 4.46799065e-02
3.73927 4.45094490e-02
3.75221 4.43365139e-02
3.76520 4.41611014e-02
3.77823 4.39832350e-02
3.79131 4.38029828e-02
3.80443 4.36204278e-02
3.81760 4.34356823e-02
3.83082 4.32488767e-02
3.84408 4.30601708e-02
3.85739 4.28697274e-02
3.87074 4.26777358e-02
3.88414 4.24844005e-02
3.89758 4.22899285e-02
3.91107 4.20945300e-02
3.92461 4.18984418e-02
3.93820 4.17018830e-02
3.95183 4.15050904e-02
3.96551 4.13082918e-02
3.97924 4.11117182e-02
3.99301 4.09155946e-02
4.00683 4.07201428e-02
4.02070 4.05255761e-02
4.03462 4.03321075e-02
4.04859 4.01399295e-02
4.06260 3.99492374e-02
4.07667 3.97602089e-02
4.09078 3.95730185e-02
4.10494 3.93878083e-02
4.11915 3.92047353e-02
4.13341 3.90239266e-02
4.14771 3.88455008e-02
4.16207 3.86695584e-02
4.17648 3.84961912e-02
4.19094 3.83254762e-02
4.20545 3.81574754e-02
4.22000 3.79922305e-02
4.23461 3.78297768e-02
4.24927 3.76701351e-02
4.26398 3.75133025e-02
4.27874 3.73592759e-02
4.29355 3.72080288e-02
4.30841 3.70595226e-02
4.32332 3.69137160e-02
4.33829 3.67705290e-02
4.35331 3.66299023e-02
4.36838 3.64917443e-02
4.38350 3.63559602e-02
4.39867 3.62224465e-02
4.41390 3.60910787e-02
4.42918 3.59617326e-02
4.44451 3.58342839e-02
4.45990 3.57085905e-02
4.47533 3.55845073e-02
4.49083 3.54618893e-02
4.50637 3.53405766e-02
4.52197 3.52204214e-02
4.53762 3.51012577e-02
4.55333 3.49829346e-02
4.56909 3.48652983e-02
4.58491 3.47481948e-02
4.60078 3.46314672e-02
4.61670 3.45149734e-02
4.63269 3.43985655e-02
4.64872 3.42821191e-02
4.66481 3.41654922e-02
4.68096 3.40485692e-02
4.69717 3.39312348e-02
4.71343 3.38133942e-02
4.72974 3.36949469e-02
4.74611 3.35758098e-02
4.76254 3.34559091e-02
4.77903 3.33351885e-02
4.79557 3.32135917e-02
4.81217 3.30910802e-02
4.82883 3.29676246e-02
4.84555 3.28432098e-02
4.86232 3.27178242e-02
4.87915 3.25914766e-02
4.89604 3.24641670e-02
4.91299 3.23359310e-02
4.92999 3.22067950e-02
4.94706 3.20767978e-02
4.96418 3.19459835e-02
4.98137 3.18144115e-02
4.99861 3.16821410e-02
5.01591 3.15492281e-02
5.03328 3.14157587e-02
5.05070 3.12818010e-02
5.06818 3.11474347e-02
5.08573 3.10127399e-02
5.10333 3.08778054e-02
5.12100 3.07427110e-02
5.13873 3.06075485e-02
5.15651 3.04724038e-02
5.17436 3.03373626e-02
5.19228 3.02025169e-02
5.21025 3.00679523e-02
5.22828 2.99337518e-02
5.24638 2.97999924e-02
5.26454 2.96667628e-02
5.28277 2.95341400e-02
5.30105 2.94021980e-02
5.31940 2.92710108e-02
5.33782 2.91406494e-02
5.35629 2.90111731e-02
5.37484 2.88826470e-02
5.39344 2.87551302e-02
5.41211 2.86286760e-02
5.43084 2.85033378e-02
5.44965 2.83791510e-02
5.46851 2.82561748e-02
5.48744 2.81344330e-02
5.50643 2.80139639e-02
5.52550 2.78947943e-02
5.54462 2.77769567e-02
5.56381 2.76604630e-02
5.58308 2.75453397e-02
5.60240 2.74315928e-02
5.62179 2.73192342e-02
5.64125 2.72082667e-02
5.66078 2.70986994e-02
5.68038 2.69905202e-02
5.70004 2.68837234e-02
5.71977 2.67783090e-02
5.73957 2.66742590e-02
5.75944 2.65715530e-02
5.77938 2.64701759e-02
5.79938 2.63701072e-02
5.81946 2.62713231e-02
5.83960 2.61737911e-02
5.85982 2.60774846e-02
5.88010 2.59823650e-02
5.90045 2.58884057e-02
5.92088 2.57955623e-02
5.94137 2.57038023e-02
5.96194 2.56130754e-02
5.98258 2.55233489e-02
6.00329 2.54345696e-02
6.02407 2.53466990e-02
6.04492 2.52596869e-02
6.06585 2.51734769e-02
6.08684 2.50880394e-02
6.10791 2.50033094e-02
6.12906 2.49192395e-02
6.15027 2.48357853e-02
6.17156 2.47528905e-02
6.19293 2.46705048e-02
6.21436 2.45885750e-02
6.23588 2.45070595e-02
6.25746 2.44258993e-02
6.27912 2.43450439e-02
6.30086 2.42644520e-02
6.32267 2.41840643e-02
6.34455 2.41038454e-02
6.36652 2.40237448e-02
6.38856 2.39437123e-02
6.41067 2.38637094e-02
6.43286 2.37836947e-02
6.45513 2.37036238e-02
6.47747 2.36234610e-02
6.49990 2.35431681e-02
6.52240 2.34627094e-02
6.54497 2.33820464e-02
6.56763 2.33011555e-02
6.59037 2.32200012e-02
6.61318 2.31385598e-02
6.63607 2.30568016e-02
6.65904 2.29747090e-02
6.68209 2.28922522e-02
6.70522 2.28950021e-02
6.72843 2.31843154e-02
6.75172 2.34631386e-02
6.77510 2.37460021e-02
6.79855 2.40464746e-02
6.82208 2.43286929e-02
6.84570 2.46293490e-02
6.86939 2.49372038e-02
6.89317 2.52546430e-02
6.91704 2.55639394e-02
6.94098 2.58738484e-02
6.96500 2.62219207e-02
6.98911 2.65467304e-02
7.01331 2.68793752e-02
7.03759 2.72136628e-02
7.06195 2.75626054e-02
7.08639 2.79186460e-02
7.11092 2.82963242e-02
7.13554 2.86492598e-02
7.16024 2.90326124e-02
7.18502 2.94037046e-02
7.20990 2.97779286e-02
7.23485 3.01790441e-02
7.25990 3.05843628e-02
7.28503 3.09993785e-02
7.31025 3.14235435e-02
7.33555 3.18575565e-02
7.36094 3.22940410e-02
7.38642 3.27493867e-02
7.41199 3.32133016e-02
7.43765 3.36759378e-02
7.46340 3.41675109e-02
7.48923 3.46859490e-02
7.51516 3.51874322e-02
7.54117 3.57234704e-02
7.56727 3.62635609e-02
7.59347 3.68169388e-02
7.61975 3.73953790e-02
7.64613 3.79879977e-02
7.67260 3.86011498e-02
7.69916 3.92373545e-02
7.72581 3.98728369e-02
7.75255 4.05520770e-02
7.77939 4.12438645e-02
7.80632 4.19653822e-02
7.83334 4.27132085e-02
7.86046 4.34769891e-02
7.88767 4.42639732e-02
7.91497 4.51030977e-02
7.94237 4.59589343e-02
7.96986 4.68529283e-02
7.99745 4.77574303e-02
8.02513 4.87298022e-02
8.05291 4.97527930e-02
8.08079 5.07816209e-02
8.10876 5.18727450e-02
8.13683 5.30069222e-02
8.16500 5.41879090e-02
8.19326 5.54322456e-02
8.22162 5.67294597e-02
8.25008 5.80976250e-02
8.27864 5.95228206e-02
8.30730 6.10139827e-02
8.33605 6.26003533e-02
8.36491 6.42565473e-02
8.39386 6.60096102e-02
8.42292 6.78538826e-02
8.45208 6.98078201e-02
8.48133 7.18745986e-02
8.51069 7.40682310e-02
8.54016 7.64128914e-02
8.56972 7.88945790e-02
8.59938 8.15644517e-02
8.62915 8.43966537e-02
8.65902 8.74622162e-02
8.68899 9.07689742e-02
8.71907 9.43432423e-02
8.74925 9.82121310e-02
8.77954 1.02431771e-01
8.80993 1.07061942e-01
8.84043 1.12188212e-01
8.87103 1.17859661e-01
8.90174 1.24230644e-01
8.93255 1.31422372e-01
8.96347 1.39646427e-01
8.99450 1.49196660e-01
9.02563 1.60428418e-01
9.05688 1.73916363e-01
9.08823 1.90470853e-01
9.11969 2.11319728e-01
9.15126 2.38268595e-01
9.18294 2.73949302e-01
9.21472 3.21222116e-01
9.24662 3.81179073e-01
9.27863 4.48523999e-01
9.31075 5.08467900e-01
9.34298 5.44019060e-01
9.37532 5.48998268e-01
9.40777 5.28952660e-01
9.44034 4.94346670e-01
9.47302 4.58620269e-01
9.50581 4.34438874e-01
9.53871 4.27691051e-01
9.57173 4.38234098e-01
9.60487 4.64368974e-01
9.63811 5.04057542e-01
9.67148 5.54167766e-01
9.70495 6.12078272e-01
9.73855 6.75892142e-01
9.77226 7.41432403e-01
9.80609 8.03567302e-01
9.84003 8.60406732e-01
9.87409 9.14050279e-01
9.90827 9.67855383e-01
9.94257 1.02557781e+00
9.97699 1.09094115e+00
10.01153 1.16853074e+00
10.04618 1.26472518e+00
10.08096 1.38369196e+00
10.11585 1.50521417e+00
10.15087 1.57475670e+00
10.18601 1.59776952e+00
10.22127 1.56822369e+00
10.25665 1.48398919e+00
10.29215 1.43058964e+00
10.32778 1.42739322e+00
10.36353 1.46462487e+00
10.39941 1.52919757e+00
10.43540 1.59403193e+00
10.47153 1.59187083e+00
10.50777 1.51891157e+00
10.54415 1.45938626e+00
10.58065 1.42339533e+00
10.61727 1.38187183e+00
10.65403 1.30613747e+00
10.69091 1.25333741e+00
10.72791 1.24885005e+00
10.76505 1.28359669e+00
10.80231 1.34198674e+00
10.83971 1.41252266e+00
10.87723 1.48788100e+00
10.91488 1.55771717e+00
10.95266 1.61009466e+00
10.99058 1.64468966e+00
11.02862 1.66893331e+00
11.06680 1.68841585e+00
11.10511 1.70590904e+00
11.14355 1.72171342e+00
11.18212 1.73411621e+00
11.22083 1.74032954e+00
11.25967 1.73682798e+00
11.29865 1.72004082e+00
11.33776 1.68735889e+00
11.37701 1.64114758e+00
11.41639 1.59443283e+00
11.45591 1.56805331e+00
11.49556 1.57378890e+00
11.53536 1.60712333e+00
11.57529 1.65431061e+00
11.61536 1.68707426e+00
11.65556 1.67550637e+00
11.69591 1.63880936e+00
11.73640 1.59734180e+00
11.77702 1.55430479e+00
11.81779 1.53707401e+00
11.85870 1.57211443e+00
11.89975 1.63316783e+00
11.94094 1.61415407e+00
11.98227 1.52485747e+00
12.02375 1.42420504e+00
12.06537 1.30839817e+00
12.10714 1.19445824e+00
12.14905 1.09084824e+00
12.19110 9.86622346e-01
12.23330 8.74432810e-01
12.27565 7.62219921e-01
12.31814 6.60856467e-01
12.36078 5.75122761e-01
12.40357 5.05224995e-01
12.44651 4.48362300e-01
12.48959 4.02048098e-01
12.53283 3.63905745e-01
12.57621 3.32188102e-01
12.61974 3.05518383e-01
12.66343 2.82848927e-01
12.70726 2.63418658e-01
12.75125 2.46626934e-01
12.79539 2.32000034e-01
12.83968 2.19178321e-01
12.88413 2.07884826e-01
12.92873 1.97883430e-01
12.97348 1.88982266e-01
13.01839 1.81061069e-01
13.06345 1.73960414e-01
13.10867 1.67591707e-01
13.15405 1.61868044e-01
13.19959 1.56726672e-01
13.24528 1.52093118e-01
13.29113 1.47914930e-01
13.33713 1.44149306e-01
13.38330 1.40768542e-01
13.42963 1.37728978e-01
13.47612 1.35012260e-01
13.52277 1.32590566e-01
13.56958 1.30427960e-01
13.61655 1.28536786e-01
13.66368 1.26879157e-01
13.71098 1.25450779e-01
13.75844 1.24233834e-01
13.80607 1.23236107e-01
13.85386 1.22431934e-01
13.90182 1.21827828e-01
13.94994 1.21413931e-01
13.99823 1.21193796e-01
14.04668 1.21159845e-01
14.09531 1.21316340e-01
14.14410 1.21677312e-01
14.19306 1.22225978e-01
14.24219 1.22986727e-01
14.29149 1.23952427e-01
14.34096 1.25150487e-01
14.39060 1.26593014e-01
14.44042 1.28285778e-01
14.49041 1.30242812e-01
14.54057 1.32518016e-01
14.59090 1.35130364e-01
14.64141 1.38109249e-01
14.69209 1.41517866e-01
14.74295 1.45404228e-01
14.79398 1.49852812e-01
14.84519 1.54961713e-01
14.89658 1.60837994e-01
14.94814 1.67653778e-01
14.99989 1.75637698e-01
15.05181 1.85033034e-01
15.10392 1.96225770e-01
15.15620 2.09702088e-01
15.20866 2.26134321e-01
15.26131 2.46245745e-01
15.31414 2.70854830e-01
15.36715 3.00358008e-01
15.42034 3.33829007e-01
15.47372 3.67790330e-01
15.52729 3.96623158e-01
15.58103 4.15310259e-01
15.63497 4.23498418e-01
15.68909 4.25921356e-01
15.74340 4.29208436e-01
15.79790 4.38807124e-01
15.85258 4.57852800e-01
15.90746 4.87547550e-01
15.96252 5.27790111e-01
16.01778 5.77587553e-01
16.07323 6.35324336e-01
16.12886 6.99027206e-01
16.18470 7.66855873e-01
16.24072 8.36099745e-01
16.29694 9.03242224e-01
16.35335 9.64083899e-01
16.40996 1.01423281e+00
16.46677 1.04979908e+00
16.52377 1.06818944e+00
16.58097 1.06872993e+00
16.63836 1.05267380e+00
16.69596 1.02177054e+00
16.75375 9.77531919e-01
16.81175 9.20259264e-01
16.86994 8.53372943e-01
16.92834 7.84008510e-01
16.98694 7.20349537e-01
17.04574 6.68010343e-01
17.10474 6.29311481e-01
17.16395 6.04557386e-01
17.22337 5.93365596e-01
17.28299 5.95445677e-01
17.34281 6.10794846e-01
17.40285 6.39507260e-01
17.46309 6.80856654e-01
17.52354 7.31746839e-01
17.58420 7.85066592e-01
17.64507 8.30066347e-01
17.70615 8.56886582e-01
17.76744 8.62650767e-01
17.82894 8.53055010e-01
17.89066 8.38811786e-01
17.95259 8.31141715e-01
18.01473 8.37705930e-01
18.07709 8.62030381e-01
18.13967 9.03747259e-01
18.20246 9.59630046e-01
18.26547 1.02426419e+00
18.32870 1.09118210e+00
18.39214 1.15938316e+00
18.45581 1.23621351e+00
18.51969 1.32947127e+00
18.58380 1.44067818e+00
18.64813 1.56389942e+00
18.71268 1.69178711e+00
18.77746 1.81763773e+00
18.84246 1.93614784e+00
18.90768 2.04228959e+00
18.97313 2.13106325e+00
19.03881 2.19923323e+00
19.10472 2.24744897e+00
19.17085 2.27995865e+00
19.23721 2.30332666e+00
19.30380 2.32647801e+00
19.37062 2.35559908e+00
19.43768 2.39137068e+00
19.50496 2.43142570e+00
19.57248 2.47272066e+00
19.64023 2.51199038e+00
19.70822 2.54290847e+00
19.77644 2.55740122e+00
19.84490 2.54524450e+00
19.91359 2.49482298e+00
19.98252 2.40336460e+00
20.05169 2.27972126e+00
20.12110 2.13491598e+00
20.19076 1.98065499e+00
20.26065 1.82545509e+00
20.33078 1.67590434e+00
20.40116 1.54129568e+00
20.47178 1.42778619e+00
20.54264 1.33815677e+00
20.61375 1.27573372e+00
20.68511 1.24190855e+00
20.75671 1.23478206e+00
20.82856 1.25381338e+00
20.90066 1.29401195e+00
20.97301 1.33862626e+00
21.04561 1.36561376e+00
21.11846 1.35935484e+00
21.19157 1.33569822e+00
21.26492 1.32578430e+00
21.33853 1.34137195e+00
21.41240 1.34428726e+00
21.48652 1.33855344e+00
21.56090 1.36807145e+00
21.63553 1.42590126e+00
21.71043 1.49364619e+00
21.78558 1.56021452e+00
21.86099 1.62215992e+00
21.93666 1.67786771e+00
22.01260 1.72777686e+00
22.08880 1.77184742e+00
22.16526 1.81099223e+00
22.24199 1.84774270e+00
22.31898 1.88707430e+00
22.39624 1.93532407e+00
22.47377 1.99470907e+00
22.55156 2.06773464e+00
22.62962 2.14971954e+00
22.70796 2.23862373e+00
22.78656 2.32792515e+00
22.86544 2.41542127e+00
22.94459 2.49785520e+00
23.02402 2.57639998e+00
23.10372 2.65154343e+00
23.18369 2.72511838e+00
23.26394 2.79595118e+00
23.34447 2.86178927e+00
23.42528 2.91831373e+00
23.50637 2.96138084e+00
23.58774 2.98823870e+00
23.66939 2.99790221e+00
23.75133 2.99118212e+00
23.83354 2.96918281e+00
23.91604 2.93488174e+00
23.99883 2.89016206e+00
24.08191 2.83669025e+00
24.16527 2.77415166e+00
24.24892 2.69976953e+00
24.33286 2.61133775e+00
24.41709 2.50803997e+00
24.50161 2.39547650e+00
24.58642 2.28924180e+00
24.67153 2.20472196e+00
24.75693 2.14934450e+00
24.84263 2.11977114e+00
24.92863 2.09761791e+00
25.01492 2.07480223e+00
25.10151 2.05130457e+00
25.18840 2.02770094e+00
25.27559 1.99633559e+00
25.36309 1.94288184e+00
25.45088 1.86114345e+00
25.53898 1.75970023e+00
25.62739 1.65584374e+00
25.71610 1.56261985e+00
25.80512 1.48665935e+00
25.89444 1.42875923e+00
25.98408 1.39284919e+00
26.07403 1.37846525e+00
26.16428 1.37797058e+00
26.25485 1.38468329e+00
26.34574 1.39178931e+00
26.43694 1.39576778e+00
26.52845 1.39836566e+00
26.62028 1.40421408e+00
26.71243 1.41822749e+00
26.80489 1.44410893e+00
26.89768 1.48355943e+00
26.99079 1.53330966e+00
27.08422 1.58678490e+00
27.17798 1.63424371e+00
27.27205 1.66504103e+00
27.36646 1.67423899e+00
27.46119 1.66227260e+00
27.55625 1.63469647e+00
27.65164 1.59866377e+00
27.74736 1.55896655e+00
27.84341 1.51825480e+00
27.93979 1.47753361e+00
28.03650 1.43671382e+00
28.13355 1.39535924e+00
28.23094 1.35318564e+00
28.32867 1.31001235e+00
28.42673 1.26561220e+00
28.52513 1.22050467e+00
28.62387 1.17527433e+00
28.72295 1.13066571e+00
28.82238 1.08745288e+00
28.92215 1.04636767e+00
29.02227 1.00799988e+00
29.12273 9.72236834e-01
29.22354 9.38391721e-01
29.32470 9.05347790e-01
29.42621 8.72040065e-01
29.52807 8.37649423e-01
29.63029 8.02183917e-01
29.73286 7.66491053e-01
29.83578 7.31932017e-01
29.93906 6.99916006e-01
30.04269 6.72143332e-01
30.14669 6.48711972e-01
30.25104 6.29822850e-01
30.35576 6.15443259e-01
30.46084 6.05364578e-01
30.56628 5.99261146e-01
30.67209 5.96794726e-01
30.77826 5.97678523e-01
30.88481 6.01405518e-01
30.99172 6.07524697e-01
31.09900 6.15748702e-01
31.20665 6.25901324e-01
31.31467 6.37940058e-01
31.42307 6.51981203e-01
31.53184 6.68318302e-01
31.64099 6.87418205e-01
31.75052 7.09983380e-01
31.86043 7.36792278e-01
31.97072 7.68439917e-01
32.08139 8.05617665e-01
32.19244 8.48942149e-01
32.30388 8.98896589e-01
32.41570 9.55755910e-01
32.52791 1.01942921e+00
32.64051 1.08924640e+00
32.75349 1.16377864e+00
32.86687 1.24082268e+00
32.98064 1.31746066e+00
33.09481 1.39016441e+00
33.20937 1.45441145e+00
33.32433 1.50340744e+00
33.43968 1.52901156e+00
33.55544 1.53580982e+00
33.67159 1.54655889e+00
33.78815 1.56459733e+00
33.90511 1.57705511e+00
34.02247 1.57723781e+00
34.14024 1.56381657e+00
34.25842 1.53751049e+00
34.37701 1.49987699e+00
34.49601 1.45292544e+00
34.61542 1.39881475e+00
34.73525 1.33956425e+00
34.85549 1.27683658e+00
34.97614 1.21192946e+00
35.09721 1.14596015e+00
35.21871 1.08004800e+00
35.34062 1.01536306e+00
35.46295 9.52981916e-01
35.58571 8.93684236e-01
35.70889 8.37712649e-01
35.83250 7.85040041e-01
35.95654 7.35320506e-01
36.08101 6.88241618e-01
36.20590 6.43588952e-01
36.33123 6.01312782e-01
36.45700 5.61478611e-01
36.58320 5.24232517e-01
36.70983 4.89715513e-01
36.83691 4.58019507e-01
36.96442 4.29178599e-01
37.09238 4.03150165e-01
37.22077 3.79831906e-01
37.34962 3.59074818e-01
37.47890 3.40693810e-01
37.60864 3.24478071e-01
37.73883 3.10198232e-01
37.86946 2.97663638e-01
38.00055 2.86485021e-01
38.13209 2.76288146e-01
38.26409 2.66736374e-01
38.39654 2.57510410e-01
38.52946 2.48338613e-01
38.66283 2.39023463e-01
38.79667 2.29461686e-01
38.93096 2.19646504e-01
39.06573 2.09651798e-01
39.20096 1.99622045e-01
39.33665 1.89756069e-01
39.47282 1.80193493e-01
39.60946 1.71039841e-01
39.74657 1.62363282e-01
39.88416 1.54202946e-01
40.02222 1.46573754e-01
40.16076 1.39472122e-01
40.29978 1.32959621e-01
40.43928 1.26916278e-01
40.57926 1.21306110e-01
40.71973 1.16092556e-01
40.86069 1.11241953e-01
41.00213 1.06725023e-01
41.14406 1.02531914e-01
41.28648 9.86493438e-02
41.42940 9.50114327e-02
41.57281 9.15962794e-02
41.71672 8.83841526e-02
41.86113 8.53580794e-02
42.00603 8.25200788e-02
42.15144 7.98589204e-02
42.29735 7.73385248e-02
42.44377 7.49471112e-02
42.59069 7.26752254e-02
42.73812 7.05171959e-02
42.88606 6.84839838e-02
43.03451 6.65474156e-02
43.18348 6.46967555e-02
43.33297 6.29271432e-02
43.48297 6.12352250e-02
43.63349 5.96328763e-02
43.78453 5.80987823e-02
43.93609 5.66247556e-02
44.08818 5.52074425e-02
44.24079 5.38484473e-02
44.39394 5.25548030e-02
44.54761 5.13066686e-02
44.70182 5.01033250e-02
44.85655 4.89436355e-02
45.01183 4.78318595e-02
45.16764 4.67631604e-02
45.32399 4.57289157e-02
45.48089 4.47272162e-02
45.63832 4.37646330e-02
45.79630 4.28381264e-02
45.95483 4.19401334e-02
46.11391 4.10692866e-02
46.27353 4.02279718e-02
46.43371 3.94175474e-02
46.59445 3.86300335e-02
46.75574 3.78645361e-02
46.91759 3.71254507e-02
47.08000 3.64107143e-02
47.24297 3.57155080e-02
47.40650 3.50391598e-02
47.57060 3.43851390e-02
47.73527 3.37494079e-02
47.90051 3.31301878e-02
48.06633 3.25289496e-02
48.23271 3.19474250e-02
48.39967 3.13792471e-02
48.56721 3.08241583e-02
48.73533 3.02866460e-02
48.90403 2.97643481e-02
49.07332 2.92540855e-02
49.24319 2.87570512e-02
49.41365 2.82746837e-02
49.58470 2.78027324e-02
49.75634 2.73411411e-02
49.92858 2.68947346e-02
50.10141 2.64511579e-02
50.27484 2.60146970e-02
50.44887 2.55856539e-02
50.62350 2.51639013e-02
50.79874 2.47493059e-02
50.97458 2.43417435e-02
51.15104 2.39410838e-02
51.32810 2.35472055e-02
51.50578 2.31599931e-02
51.68407 2.27793282e-02
51.86298 2.24050866e-02
52.04250 2.20371645e-02
52.22265 2.16754466e-02
52.40343 2.13198203e-02
52.58482 2.09701851e-02
52.76685 2.06264285e-02
52.94951 2.02884527e-02
53.13280 1.99561572e-02
53.31672 1.96294354e-02
53.50128 1.93081984e-02
53.68648 1.89923398e-02
53.87232 1.86817736e-02
54.05880 1.83764082e-02
54.24593 1.80761517e-02
54.43371 1.77809094e-02
54.62214 1.74906045e-02
54.81122 1.72051421e-02
55.00095 1.69244423e-02
55.19134 1.66484253e-02
55.38239 1.63770022e-02
55.57410 1.61101019e-02
55.76647 1.58476387e-02
55.95951 1.55895445e-02
56.15322 1.53357363e-02
56.34760 1.50861462e-02
56.54265 1.48406970e-02
56.73838 1.45993209e-02
56.93479 1.43619466e-02
57.13187 1.41285062e-02
57.32964 1.38989286e-02
57.52809 1.36731546e-02
57.72723 1.34511132e-02
57.92705 1.32327422e-02
58.12757 1.30179823e-02
58.32879 1.28067686e-02
58.53070 1.25990387e-02
58.73331 1.23947366e-02
58.93662 1.21938058e-02
59.14063 1.19961814e-02
59.34535 1.18018190e-02
59.55078 1.16106500e-02
59.75692 1.14226326e-02
59.96377 1.12377048e-02
60.17134 1.10558179e-02
60.37963 1.08769172e-02
60.58864 1.07009547e-02
60.79837 1.05278847e-02
61.00883 1.03576542e-02
61.22002 1.01902132e-02
61.43194 1.00255176e-02
61.64459 9.86352423e-03
61.85797 9.70418062e-03
62.07210 9.54744714e-03
62.28697 9.39328117e-03
62.50258 9.24163474e-03
62.71894 9.09246643e-03
62.93605 8.94574012e-03
63.15390 8.80140934e-03
63.37252 8.65943619e-03
63.59189 8.51978043e-03
63.81201 8.38240506e-03
64.03290 8.24726744e-03
64.25456 8.11433650e-03
64.47698 7.98357406e-03
64.70017 7.85493779e-03
64.92414 7.72840134e-03
65.14888 7.60392328e-03
65.37440 7.48147222e-03
65.60070 7.36101325e-03
65.82778 7.24251172e-03
66.05565 7.12593982e-03
66.28430 7.01126083e-03
66.51375 6.89844724e-03
66.74400 6.78746589e-03
66.97504 6.67828629e-03
67.20688 6.57088180e-03
67.43952 6.46521690e-03
67.67297 6.36126762e-03
67.90722 6.25900436e-03
68.14229 6.15839899e-03
68.37817 6.05942429e-03
68.61486 5.96205390e-03
68.85238 5.86626061e-03
69.09072 5.77201865e-03
69.32988 5.67930286e-03
69.56987 5.58808780e-03
69.81069 5.49834859e-03
70.05235 5.41006186e-03
70.29484 5.32320214e-03
70.53817 5.23774723e-03
70.78235 5.15367346e-03
71.02737 5.07095893e-03
71.27323 4.98958083e-03
71.51995 4.90951638e-03
71.76752 4.83074546e-03
72.01595 4.75324644e-03
72.26524 4.67699832e-03
72.51539 4.60198067e-03
72.76641 4.52817307e-03
73.01830 4.45555628e-03
73.27106 4.38411046e-03
73.52469 4.31381668e-03
73.77920 4.24465598e-03
74.03460 4.17660973e-03
74.29087 4.10966015e-03
74.54804 4.04378861e-03
74.80609 3.97897882e-03
75.06504 3.91521213e-03
75.32488 3.85247226e-03
75.58563 3.79074235e-03
75.84727 3.73000582e-03
76.10982 3.67024697e-03
76.37328 3.61144894e-03
76.63766 3.55359722e-03
76.90295 3.49667553e-03
77.16915 3.44066907e-03
77.43628 3.38556334e-03
77.70433 3.33134325e-03
77.97331 3.27799458e-03
78.24322 3.22550312e-03
78.51407 3.17385497e-03
78.78585 3.12303650e-03
79.05857 3.07303441e-03
79.33224 3.02383477e-03
79.60686 2.97542545e-03
79.88242 2.92779372e-03
80.15894 2.88092597e-03
80.43642 2.83481065e-03
80.71486 2.78943533e-03
80.99426 2.74478787e-03
81.27463 2.70085733e-03
81.55596 2.65763097e-03
81.83828 2.61509784e-03
82.12157 2.57324699e-03
82.40584 2.53206747e-03
82.69109 2.49154803e-03
82.97733 2.45167772e-03
83.26457 2.41244706e-03
83.55279 2.37384482e-03
83.84202 2.33586150e-03
84.13225 2.29848647e-03
84.42348 2.26171054e-03
84.71572 2.22552366e-03
85.00897 2.18991663e-03
85.30323 2.15488000e-03
85.59852 2.12040399e-03
85.89482 2.08648062e-03
86.19215 2.05310010e-03
86.49052 2.02025417e-03
86.78991 1.98793452e-03
87.09034 1.95613169e-03
87.39181 1.92483827e-03
87.69432 1.89404569e-03
87.99789 1.86374565e-03
88.30250 1.83393075e-03
88.60816 1.80459301e-03
88.91489 1.77572442e-03
89.22267 1.74731790e-03
89.53153 1.71936602e-03
89.84145 1.69186111e-03
90.15244 1.66479635e-03
90.46451 1.63816434e-03
90.77766 1.61195828e-03
91.09190 1.58617135e-03
91.40722 1.56079705e-03
91.72363 1.53582856e-03
92.04114 1.51125878e-03
92.35975 1.48708239e-03
92.67946 1.46329228e-03
93.00028 1.43988253e-03
93.32221 1.41684722e-03
93.64525 1.39418013e-03
93.96941 1.37187505e-03
94.29469 1.34992694e-03
94.62110 1.32832960e-03
94.94864 1.30707739e-03
95.27731 1.28616499e-03
95.60712 1.26558678e-03
95.93807 1.24533771e-03
96.27017 1.22541158e-03
96.60342 1.20580425e-03
96.93782 1.18651038e-03
97.27338 1.16752470e-03
97.61010 1.14884257e-03
97.94798 1.13045866e-03
98.28704 1.11236883e-03
98.62727 1.09456768e-03
98.96867 1.07705114e-03
99.31126 1.05981480e-03
99.65504 1.04285364e-03
100.00000 1.02616300e-03
