        2000  4.000000 3.330000
0.10000 1.01189329e+00
0.10035 1.00968116e+00
0.10069 1.00769950e+00
0.10104 1.00566397e+00
0.10139 1.00352596e+00
0.10174 1.00130554e+00
0.10210 9.99127221e-01
0.10245 9.96918942e-01
0.10280 9.94798635e-01
0.10316 9.92683597e-01
0.10352 9.90664285e-01
0.10387 9.88787053e-01
0.10423 9.87046336e-01
0.10459 9.85297627e-01
0.10496 9.83377357e-01
0.10532 9.81805478e-01
0.10568 9.80138110e-01
0.10605 9.78529706e-01
0.10642 9.77038754e-01
0.10679 9.75288210e-01
0.10716 9.73727520e-01
0.10753 9.72007227e-01
0.10790 9.70223235e-01
0.10827 9.68670538e-01
0.10865 9.66900458e-01
0.10902 9.65306616e-01
0.10940 9.63542397e-01
0.10978 9.61784275e-01
0.11016 9.59960678e-01
0.11054 9.58236893e-01
0.11092 9.56355635e-01
0.11131 9.54675066e-01
0.11169 9.52678131e-01
0.11208 9.51024024e-01
0.11247 9.49237309e-01
0.11286 9.47704858e-01
0.11325 9.45735629e-01
0.11364 9.44147352e-01
0.11403 9.42267101e-01
0.11443 9.40583808e-01
0.11482 9.38686566e-01
0.11522 9.37091896e-01
0.11562 9.35115504e-01
0.11602 9.33506922e-01
0.11642 9.31728672e-01
0.11682 9.30065744e-01
0.11723 9.28414597e-01
0.11763 9.26623974e-01
0.11804 9.25123669e-01
0.11845 9.23346189e-01
0.11886 9.21693858e-01
0.11927 9.19950773e-01
0.11968 9.18170570e-01
0.12010 9.16586555e-01
0.12051 9.14974480e-01
0.12093 9.13289766e-01
0.12135 9.11758085e-01
0.12177 9.09913768e-01
0.12219 9.08197264e-01
0.12262 9.06452640e-01
0.12304 9.04821976e-01
0.12347 9.03190957e-01
0.12389 9.01744523e-01
0.12432 9.00236344e-01
0.12475 8.98801514e-01
0.12518 8.97369643e-01
0.12562 8.95756502e-01
0.12605 8.94321080e-01
0.12649 8.92819294e-01
0.12693 8.91630262e-01
0.12737 8.90090589e-01
0.12781 8.88352536e-01
0.12825 8.86837963e-01
0.12869 8.85418998e-01
0.12914 8.83695686e-01
0.12959 8.81946030e-01
0.13003 8.80355978e-01
0.13048 8.78768826e-01
0.13094 8.76966718e-01
0.13139 8.75274131e-01
0.13184 8.73626477e-01
0.13230 8.72127947e-01
0.13276 8.70658366e-01
0.13322 8.69118515e-01
0.13368 8.67371760e-01
0.13414 8.65836467e-01
0.13461 8.64192779e-01
0.13507 8.62519610e-01
0.13554 8.60639595e-01
0.13601 8.58652251e-01
0.13648 8.56940306e-01
0.13695 8.55139678e-01
0.13743 8.53421813e-01
0.13790 8.51599992e-01
0.13838 8.49634493e-01
0.13886 8.47925211e-01
0.13934 8.46179877e-01
0.13982 8.44331949e-01
0.14031 8.42718157e-01
0.14079 8.40866795e-01
0.14128 8.39206117e-01
0.14177 8.37564027e-01
0.14226 8.35566560e-01
0.14275 8.33955550e-01
0.14324 8.32295523e-01
0.14374 8.30464941e-01
0.14424 8.28704392e-01
0.14474 8.27069762e-01
0.14524 8.25108170e-01
0.14574 8.23207021e-01
0.14625 8.21584349e-01
0.14675 8.19827885e-01
0.14726 8.18037322e-01
0.14777 8.16252678e-01
0.14828 8.14610293e-01
0.14879 8.13011478e-01
0.14931 8.11168109e-01
0.14983 8.09594099e-01
0.15034 8.07811291e-01
0.15087 8.05884331e-01
0.15139 8.04173866e-01
0.15191 8.02485955e-01
0.15244 8.00802130e-01
0.15297 7.98876117e-01
0.15349 7.97196376e-01
0.15403 7.95622662e-01
0.15456 7.93941205e-01
0.15509 7.92268746e-01
0.15563 7.90525483e-01
0.15617 7.88779438e-01
0.15671 7.87194299e-01
0.15725 7.85580744e-01
0.15780 7.83983291e-01
0.15834 7.82147262e-01
0.15889 7.80687390e-01
0.15944 7.79163819e-01
0.15999 7.77552454e-01
0.16055 7.76009939e-01
0.16110 7.74313978e-01
0.16166 7.72633171e-01
0.16222 7.71242445e-01
0.16278 7.69888422e-01
0.16335 7.68158066e-01
0.16391 7.66587845e-01
0.16448 7.64913314e-01
0.16505 7.63412712e-01
0.16562 7.61872624e-01
0.16619 7.60250840e-01
0.16677 7.58727328e-01
0.16734 7.56872533e-01
0.16792 7.55156029e-01
0.16851 7.53645067e-01
0.16909 7.51991966e-01
0.16967 7.50445366e-01
0.17026 7.48789602e-01
0.17085 7.46974293e-01
0.17144 7.45373288e-01
0.17204 7.43706749e-01
0.17263 7.41788373e-01
0.17323 7.40189618e-01
0.17383 7.38857440e-01
0.17443 7.37070014e-01
0.17503 7.35231973e-01
0.17564 7.33569459e-01
0.17625 7.32097037e-01
0.17686 7.30150600e-01
0.17747 7.28541366e-01
0.17808 7.27355886e-01
0.17870 7.25554726e-01
0.17932 7.23915005e-01
0.17994 7.22608816e-01
0.18056 7.20952933e-01
0.18119 7.19637331e-01
0.18182 7.18511466e-01
0.18244 7.16974397e-01
0.18308 7.16100072e-01
0.18371 7.15010910e-01
0.18435 7.13364440e-01
0.18498 7.12456490e-01
0.18562 7.11510296e-01
0.18627 7.10200910e-01
0.18691 7.08963512e-01
0.18756 7.07951843e-01
0.18821 7.06706157e-01
0.18886 7.05448275e-01
0.18951 7.04457267e-01
0.19017 7.03094069e-01
0.19083 7.01420840e-01
0.19149 7.00665862e-01
0.19215 6.99090077e-01
0.19282 6.97703317e-01
0.19348 6.96322891e-01
0.19415 6.94765872e-01
0.19483 6.93331338e-01
0.19550 6.91710382e-01
0.19618 6.90306810e-01
0.19686 6.88582136e-01
0.19754 6.87008600e-01
0.19822 6.85758770e-01
0.19891 6.83853418e-01
0.19960 6.82078957e-01
0.20029 6.80449358e-01
0.20098 6.78843262e-01
0.20168 6.76865154e-01
0.20237 6.75102710e-01
0.20307 6.73233234e-01
0.20378 6.71383411e-01
0.20448 6.69539805e-01
0.20519 6.67521973e-01
0.20590 6.65892434e-01
0.20661 6.63671368e-01
0.20733 6.61962205e-01
0.20805 6.60337283e-01
0.20877 6.58362490e-01
0.20949 6.56663213e-01
0.21021 6.55000462e-01
0.21094 6.53243051e-01
0.21167 6.51730787e-01
0.21240 6.50246939e-01
0.21314 6.48891851e-01
0.21388 6.47242184e-01
0.21462 6.46060078e-01
0.21536 6.44526858e-01
0.21611 6.43201370e-01
0.21685 6.42135237e-01
0.21760 6.40779616e-01
0.21836 6.39799323e-01
0.21911 6.38339037e-01
0.21987 6.37019114e-01
0.22063 6.35654731e-01
0.22140 6.34402414e-01
0.22216 6.33075624e-01
0.22293 6.32287850e-01
0.22370 6.30687792e-01
0.22448 6.29492662e-01
0.22526 6.28501536e-01
0.22604 6.26810962e-01
0.22682 6.26120334e-01
0.22760 6.24373520e-01
0.22839 6.23875234e-01
0.22918 6.22096274e-01
0.22998 6.21243971e-01
0.23077 6.19774390e-01
0.23157 6.18717197e-01
0.23237 6.17177819e-01
0.23318 6.16403838e-01
0.23398 6.14988485e-01
0.23479 6.13521331e-01
0.23561 6.12073418e-01
0.23642 6.10976678e-01
0.23724 6.09454824e-01
0.23806 6.08063742e-01
0.23889 6.06636075e-01
0.23971 6.05330242e-01
0.24054 6.03684896e-01
0.24137 6.02576376e-01
0.24221 6.01044635e-01
0.24305 5.99928656e-01
0.24389 5.98243173e-01
0.24473 5.96868549e-01
0.24558 5.95673360e-01
0.24643 5.94243739e-01
0.24728 5.93062403e-01
0.24814 5.90950562e-01
0.24900 5.90385320e-01
0.24986 5.88300118e-01
0.25073 5.87510805e-01
0.25159 5.85497768e-01
0.25246 5.84608939e-01
0.25334 5.82545938e-01
0.25422 5.81583050e-01
0.25510 5.79782482e-01
0.25598 5.78752461e-01
0.25687 5.77112858e-01
0.25775 5.75939454e-01
0.25865 5.74319683e-01
0.25954 5.73486088e-01
0.26044 5.71626320e-01
0.26134 5.70985894e-01
0.26225 5.68838474e-01
0.26315 5.68437394e-01
0.26406 5.66418970e-01
0.26498 5.65813117e-01
0.26590 5.63909126e-01
0.26682 5.62775091e-01
0.26774 5.61307819e-01
0.26867 5.60040347e-01
0.26960 5.58819406e-01
0.27053 5.57216093e-01
0.27147 5.56316608e-01
0.27241 5.54298717e-01
0.27335 5.53323634e-01
0.27430 5.51880930e-01
0.27525 5.50253936e-01
0.27620 5.49683544e-01
0.27715 5.47747882e-01
0.27811 5.46920384e-01
0.27908 5.44973296e-01
0.28004 5.44369338e-01
0.28101 5.42528632e-01
0.28198 5.41229725e-01
0.28296 5.40551056e-01
0.28394 5.38251314e-01
0.28492 5.37874624e-01
0.28591 5.36021842e-01
0.28690 5.35270357e-01
0.28789 5.33317704e-01
0.28889 5.32510867e-01
0.28989 5.31091547e-01
0.29089 5.29960827e-01
0.29190 5.28967155e-01
0.29291 5.27294163e-01
0.29392 5.26503666e-01
0.29494 5.24866075e-01
0.29596 5.23909344e-01
0.29699 5.23160168e-01
0.29801 5.21445914e-01
0.29905 5.20867174e-01
0.30008 5.19299322e-01
0.30112 5.18315477e-01
0.30216 5.16830149e-01
0.30321 5.15835826e-01
0.30426 5.14718485e-01
0.30531 5.13444442e-01
0.30637 5.12069403e-01
0.30743 5.11032752e-01
0.30849 5.09935184e-01
0.30956 5.08487389e-01
0.31063 5.07811029e-01
0.31171 5.05927818e-01
0.31279 5.05371160e-01
0.31387 5.03962910e-01
0.31496 5.02813424e-01
0.31605 5.02002206e-01
0.31714 4.99838565e-01
0.31824 4.99639238e-01
0.31934 4.97863771e-01
0.32044 4.96836118e-01
0.32155 4.95609317e-01
0.32267 4.94798277e-01
0.32378 4.92917493e-01
0.32490 4.92089462e-01
0.32603 4.91654283e-01
0.32716 4.89306411e-01
0.32829 4.89536640e-01
0.32943 4.87135488e-01
0.33057 4.86311069e-01
0.33171 4.86153419e-01
0.33286 4.84060403e-01
0.33401 4.82989594e-01
0.33517 4.82692942e-01
0.33633 4.80546173e-01
0.33749 4.80081216e-01
0.33866 4.79527459e-01
0.33983 4.76707290e-01
0.34101 4.77408928e-01
0.34219 4.75320885e-01
0.34337 4.74530979e-01
0.34456 4.73409139e-01
0.34576 4.72004323e-01
0.34695 4.71153146e-01
0.34815 4.70369160e-01
0.34936 4.68378442e-01
0.35057 4.67788099e-01
0.35178 4.67034010e-01
0.35300 4.64658077e-01
0.35422 4.65315078e-01
0.35545 4.62463059e-01
0.35668 4.62002365e-01
0.35791 4.61051317e-01
0.35915 4.59516379e-01
0.36039 4.58598246e-01
0.36164 4.57157318e-01
0.36289 4.56532462e-01
0.36415 4.54716680e-01
0.36541 4.54514749e-01
0.36668 4.52892906e-01
0.36795 4.51667939e-01
0.36922 4.51343346e-01
0.37050 4.49609970e-01
0.37178 4.48724278e-01
0.37307 4.47749728e-01
0.37436 4.46289915e-01
0.37565 4.45774579e-01
0.37695 4.44097621e-01
0.37826 4.43751538e-01
0.37957 4.42858387e-01
0.38088 4.40503826e-01
0.38220 4.41442797e-01
0.38352 4.38818757e-01
0.38485 4.38186146e-01
0.38618 4.37492736e-01
0.38752 4.36266822e-01
0.38886 4.34629646e-01
0.39021 4.35159309e-01
0.39156 4.32721571e-01
0.39291 4.32054091e-01
0.39427 4.31524014e-01
0.39564 4.30072904e-01
0.39701 4.28958050e-01
0.39838 4.28324195e-01
0.39976 4.27716862e-01
0.40115 4.25197014e-01
0.40253 4.25143971e-01
0.40393 4.25036227e-01
0.40533 4.22024131e-01
0.40673 4.21835283e-01
0.40814 4.21505243e-01
0.40955 4.20032288e-01
0.41097 4.17911507e-01
0.41239 4.18594024e-01
0.41382 4.16679910e-01
0.41525 4.15851110e-01
0.41669 4.14394909e-01
0.41813 4.14229563e-01
0.41958 4.12609378e-01
0.42103 4.11296203e-01
0.42249 4.10949587e-01
0.42395 4.09258006e-01
0.42542 4.08623442e-01
0.42689 4.07818381e-01
0.42837 4.05992475e-01
0.42985 4.06192098e-01
0.43134 4.04598789e-01
0.43283 4.03619088e-01
0.43433 4.02120085e-01
0.43583 4.03390635e-01
0.43734 3.99630843e-01
0.43886 4.00028016e-01
0.44037 3.99087328e-01
0.44190 3.98131189e-01
0.44343 3.97256154e-01
0.44496 3.96358386e-01
0.44650 3.94705699e-01
0.44805 3.95205762e-01
0.44960 3.93234698e-01
0.45116 3.92527731e-01
0.45272 3.91161573e-01
0.45429 3.91671877e-01
0.45586 3.88958741e-01
0.45744 3.88322400e-01
0.45902 3.89140781e-01
0.46061 3.87144734e-01
0.46220 3.84760869e-01
0.46380 3.85476774e-01
0.46541 3.85027210e-01
0.46702 3.82652106e-01
0.46864 3.81991315e-01
0.47026 3.81438446e-01
0.47189 3.81486102e-01
0.47352 3.78485254e-01
0.47516 3.79401078e-01
0.47680 3.77338077e-01
0.47845 3.77252829e-01
0.48011 3.75691902e-01
0.48177 3.74460661e-01
0.48344 3.73866470e-01
0.48511 3.74382043e-01
0.48679 3.71478520e-01
0.48848 3.71217626e-01
0.49017 3.71120478e-01
0.49186 3.69627987e-01
0.49357 3.68232170e-01
0.49528 3.68424451e-01
0.49699 3.67135490e-01
0.49871 3.66809594e-01
0.50044 3.64500142e-01
0.50217 3.65209299e-01
0.50391 3.63689990e-01
0.50565 3.63664120e-01
0.50740 3.61380539e-01
0.50916 3.60768293e-01
0.51092 3.61125861e-01
0.51269 3.59910248e-01
0.51446 3.58418645e-01
0.51625 3.57628502e-01
0.51803 3.57233402e-01
0.51983 3.57434326e-01
0.52163 3.54324018e-01
0.52343 3.54451120e-01
0.52524 3.54088934e-01
0.52706 3.52487042e-01
0.52889 3.52784462e-01
0.53072 3.50613539e-01
0.53255 3.49270883e-01
0.53440 3.50252360e-01
0.53625 3.48910178e-01
0.53810 3.47083384e-01
0.53997 3.46829771e-01
0.54183 3.44887005e-01
0.54371 3.46228773e-01
0.54559 3.44595918e-01
0.54748 3.42648357e-01
0.54938 3.42097146e-01
0.55128 3.41398171e-01
0.55319 3.40988507e-01
0.55510 3.40670544e-01
0.55702 3.37919757e-01
0.55895 3.38034723e-01
0.56089 3.38113341e-01
0.56283 3.36687390e-01
0.56478 3.35775474e-01
0.56673 3.35139370e-01
0.56869 3.33656765e-01
0.57066 3.34352128e-01
0.57264 3.32985733e-01
0.57462 3.32307360e-01
0.57661 3.30599736e-01
0.57860 3.30423438e-01
0.58061 3.30183501e-01
0.58262 3.30089077e-01
0.58463 3.28252338e-01
0.58666 3.26337750e-01
0.58869 3.27459886e-01
0.59073 3.26407725e-01
0.59277 3.24942643e-01
0.59482 3.24867045e-01
0.59688 3.23963179e-01
0.59895 3.23606262e-01
0.60102 3.21530888e-01
0.60310 3.22025030e-01
0.60519 3.20643243e-01
0.60728 3.19967771e-01
0.60939 3.19869085e-01
0.61150 3.18456336e-01
0.61361 3.17336390e-01
0.61574 3.16283045e-01
0.61787 3.17956274e-01
0.62001 3.14593773e-01
0.62215 3.14189318e-01
0.62431 3.14074174e-01
0.62647 3.12825528e-01
0.62864 3.12664208e-01
0.63081 3.11900824e-01
0.63300 3.11208006e-01
0.63519 3.09359190e-01
0.63739 3.08909152e-01
0.63959 3.08605515e-01
0.64181 3.08610606e-01
0.64403 3.06962656e-01
0.64626 3.05262077e-01
0.64849 3.05664755e-01
0.65074 3.05695954e-01
0.65299 3.04405157e-01
0.65525 3.03945587e-01
0.65752 3.03583165e-01
0.65980 3.00415491e-01
0.66208 3.01208771e-01
0.66437 3.03314870e-01
0.66667 3.00227058e-01
0.66898 2.98536661e-01
0.67130 2.98170686e-01
0.67362 2.98261914e-01
0.67595 2.98182645e-01
0.67829 2.96805298e-01
0.68064 2.95861886e-01
0.68299 2.95861058e-01
0.68536 2.94085886e-01
0.68773 2.93460202e-01
0.69011 2.95082459e-01
0.69250 2.92662126e-01
0.69490 2.92185744e-01
0.69730 2.91037797e-01
0.69972 2.90395240e-01
0.70214 2.90476699e-01
0.70457 2.90103384e-01
0.70701 2.88306250e-01
0.70946 2.88647952e-01
0.71191 2.87182219e-01
0.71438 2.86991714e-01
0.71685 2.87011842e-01
0.71933 2.85102405e-01
0.72182 2.85347197e-01
0.72432 2.85434280e-01
0.72683 2.83388210e-01
0.72934 2.82690538e-01
0.73187 2.82376778e-01
0.73440 2.82411410e-01
0.73694 2.81910992e-01
0.73949 2.79774878e-01
0.74205 2.80322656e-01
0.74462 2.80215149e-01
0.74720 2.78504979e-01
0.74979 2.78060802e-01
0.75238 2.77045462e-01
0.75499 2.77302390e-01
0.75760 2.77632134e-01
0.76022 2.75745845e-01
0.76285 2.72833205e-01
0.76549 2.74748325e-01
0.76814 2.73433138e-01
0.77080 2.74716475e-01
0.77347 2.72218590e-01
0.77615 2.72090304e-01
0.77884 2.69874034e-01
0.78153 2.71136888e-01
0.78424 2.69784582e-01
0.78695 2.70510434e-01
0.78968 2.68711168e-01
0.79241 2.68663808e-01
0.79515 2.66999755e-01
0.79790 2.66215414e-01
0.80067 2.67961400e-01
0.80344 2.65429830e-01
0.80622 2.64711320e-01
0.80901 2.63725758e-01
0.81181 2.64655672e-01
0.81462 2.64544080e-01
0.81744 2.62853506e-01
0.82027 2.60240654e-01
0.82311 2.60148598e-01
0.82596 2.62059870e-01
0.82882 2.62641806e-01
0.83169 2.60235267e-01
0.83457 2.58663034e-01
0.83745 2.56086117e-01
0.84035 2.57215298e-01
0.84326 2.59873555e-01
0.84618 2.57860459e-01
0.84911 2.55578477e-01
0.85205 2.55191901e-01
0.85500 2.55776086e-01
0.85796 2.53748368e-01
0.86093 2.54067752e-01
0.86391 2.54369968e-01
0.86690 2.52591067e-01
0.86990 2.51560395e-01
0.87291 2.52644643e-01
0.87593 2.51907840e-01
0.87897 2.49651432e-01
0.88201 2.49492954e-01
0.88506 2.49202518e-01
0.88813 2.49892672e-01
0.89120 2.47957424e-01
0.89428 2.48659536e-01
0.89738 2.49394859e-01
0.90049 2.45288037e-01
0.90360 2.46210787e-01
0.90673 2.44308218e-01
0.90987 2.46507734e-01
0.91302 2.45317933e-01
0.91618 2.43593910e-01
0.91935 2.44673955e-01
0.92253 2.44941480e-01
0.92573 2.41305653e-01
0.92893 2.40446542e-01
0.93215 2.43427618e-01
0.93537 2.41627079e-01
0.93861 2.39049126e-01
0.94186 2.39270138e-01
0.94512 2.42995872e-01
0.94839 2.40377338e-01
0.95168 2.36456427e-01
0.95497 2.37727338e-01
0.95828 2.37534465e-01
0.96159 2.36868790e-01
0.96492 2.36430480e-01
0.96826 2.37244491e-01
0.97161 2.36397339e-01
0.97498 2.35928333e-01
0.97835 2.32863028e-01
0.98174 2.34197414e-01
0.98514 2.34603958e-01
0.98855 2.31934328e-01
0.99197 2.31607331e-01
0.99540 2.33549210e-01
0.99885 2.31834600e-01
1.00231 2.32707978e-01
1.00578 2.31426309e-01
1.00926 2.29675108e-01
1.01275 2.28244428e-01
1.01626 2.26879477e-01
1.01978 2.27611302e-01
1.02330 2.32538038e-01
1.02685 2.29981670e-01
1.03040 2.26220996e-01
1.03397 2.25967554e-01
1.03755 2.25712071e-01
1.04114 2.24999907e-01
1.04474 2.24114879e-01
1.04836 2.23047212e-01
1.05199 2.25623040e-01
1.05563 2.27575853e-01
1.05928 2.24470736e-01
1.06295 2.21098875e-01
1.06663 2.20054877e-01
1.07032 2.20368537e-01
1.07403 2.20805462e-01
1.07775 2.22073592e-01
1.08148 2.21845263e-01
1.08522 2.20254328e-01
1.08898 2.19070304e-01
1.09275 2.18333028e-01
1.09653 2.16259956e-01
1.10032 2.18578560e-01
1.10413 2.17440570e-01
1.10796 2.18385437e-01
1.11179 2.16950850e-01
1.11564 2.14666126e-01
1.11950 2.14423904e-01
1.12338 2.14600184e-01
1.12726 2.14835545e-01
1.13117 2.14831300e-01
1.13508 2.14416391e-01
1.13901 2.13173683e-01
1.14295 2.14331131e-01
1.14691 2.09293490e-01
1.15088 2.08121028e-01
1.15487 2.09580142e-01
1.15886 2.13508222e-01
1.16287 2.15296547e-01
1.16690 2.10893352e-01
1.17094 2.09431544e-01
1.17499 2.07615685e-01
1.17906 2.04145890e-01
1.18314 2.05590796e-01
1.18724 2.06927017e-01
1.19135 2.11427549e-01
1.19547 2.10530793e-01
1.19961 2.09211906e-01
1.20376 2.03554938e-01
1.20793 2.03184511e-01
1.21211 2.02796633e-01
1.21630 2.04128047e-01
1.22052 2.04539966e-01
1.22474 2.04235057e-01
1.22898 2.05572332e-01
1.23323 2.04684953e-01
1.23750 2.02586396e-01
1.24179 2.01177371e-01
1.24609 2.01979809e-01
1.25040 2.00958935e-01
1.25473 2.01957585e-01
1.25907 1.97929535e-01
1.26343 2.00485572e-01
1.26780 2.02281682e-01
1.27219 1.99671252e-01
1.27659 1.99204093e-01
1.28101 1.99176298e-01
1.28545 2.00507748e-01
1.28990 2.01363975e-01
1.29436 1.94782392e-01
1.29884 1.94186455e-01
1.30334 1.95400061e-01
1.30785 1.97253257e-01
1.31238 1.99197551e-01
1.31692 2.00495132e-01
1.32148 1.96223130e-01
1.32605 1.93628246e-01
1.33064 1.92128834e-01
1.33525 1.94781841e-01
1.33987 1.96242465e-01
1.34451 1.96289588e-01
1.34916 1.93695764e-01
1.35383 1.91664404e-01
1.35852 1.89730317e-01
1.36322 1.93433573e-01
1.36794 1.99411536e-01
1.37268 1.94247229e-01
1.37743 1.91387810e-01
1.38220 1.85793600e-01
1.38698 1.90254485e-01
1.39178 1.92441256e-01
1.39660 1.93552304e-01
1.40144 1.92758758e-01
1.40629 1.91667003e-01
1.41115 1.91564274e-01
1.41604 1.86081495e-01
1.42094 1.90284458e-01
1.42586 1.87417100e-01
1.43080 1.87795264e-01
1.43575 1.92760410e-01
1.44072 1.91283222e-01
1.44571 1.92301669e-01
1.45071 1.89986138e-01
1.45573 1.83390707e-01
1.46077 1.81149946e-01
1.46583 1.85678793e-01
1.47090 1.90896219e-01
1.47599 1.92322738e-01
1.48110 1.88443729e-01
1.48623 1.84521374e-01
1.49137 1.84710145e-01
1.49654 1.84498902e-01
1.50172 1.88526733e-01
1.50692 1.88618789e-01
1.51213 1.84233401e-01
1.51737 1.83480940e-01
1.52262 1.82957345e-01
1.52789 1.84707345e-01
1.53318 1.87979122e-01
1.53849 1.85091434e-01
1.54381 1.84117032e-01
1.54916 1.86231597e-01
1.55452 1.82623333e-01
1.55990 1.82762524e-01
1.56530 1.85738295e-01
1.57072 1.83142612e-01
1.57615 1.82577376e-01
1.58161 1.83396544e-01
1.58709 1.81250278e-01
1.59258 1.82429542e-01
1.59809 1.82415292e-01
1.60362 1.84698844e-01
1.60918 1.85272444e-01
1.61475 1.79059819e-01
1.62034 1.82619817e-01
1.62594 1.79718022e-01
1.63157 1.85078624e-01
1.63722 1.81932771e-01
1.64289 1.79745964e-01
1.64857 1.78829116e-01
1.65428 1.75818151e-01
1.66001 1.80446502e-01
1.66575 1.82774743e-01
1.67152 1.83733552e-01
1.67731 1.83671676e-01
1.68311 1.82358164e-01
1.68894 1.81229481e-01
1.69478 1.75544369e-01
1.70065 1.74873787e-01
1.70654 1.76190152e-01
1.71245 1.75879879e-01
1.71837 1.79038015e-01
1.72432 1.79019533e-01
1.73029 1.81828857e-01
1.73628 1.81502067e-01
1.74229 1.80606460e-01
1.74832 1.84023401e-01
1.75437 1.78321163e-01
1.76045 1.78560644e-01
1.76654 1.71505117e-01
1.77266 1.71379755e-01
1.77879 1.70258549e-01
1.78495 1.69069517e-01
1.79113 1.75873912e-01
1.79733 1.82482271e-01
1.80355 1.82134246e-01
1.80979 1.86623305e-01
1.81606 1.84417863e-01
1.82234 1.74501584e-01
1.82865 1.72019607e-01
1.83498 1.65936978e-01
1.84133 1.68087264e-01
1.84771 1.67398319e-01
1.85410 1.70138935e-01
1.86052 1.72015096e-01
1.86696 1.74696021e-01
1.87342 1.77455451e-01
1.87991 1.80300153e-01
1.88642 1.83047430e-01
1.89295 1.80890212e-01
1.89950 1.75878505e-01
1.90607 1.70236384e-01
1.91267 1.64695045e-01
1.91929 1.60166571e-01
1.92594 1.60407959e-01
1.93260 1.62674330e-01
1.93929 1.67726819e-01
1.94601 1.75870744e-01
1.95274 1.81294708e-01
1.95950 1.80691886e-01
1.96629 1.76277709e-01
1.97309 1.71362576e-01
1.97992 1.66164182e-01
1.98678 1.64592096e-01
1.99365 1.64024126e-01
2.00055 1.66806502e-01
2.00748 1.66177715e-01
2.01443 1.65984546e-01
2.02140 1.63304704e-01
2.02840 1.61007933e-01
2.03542 1.61686016e-01
2.04247 1.66608946e-01
2.04954 1.71944583e-01
2.05663 1.71888076e-01
2.06375 1.76002926e-01
2.07090 1.72259177e-01
2.07806 1.66584478e-01
2.08526 1.62769323e-01
2.09247 1.58557391e-01
2.09972 1.54988625e-01
2.10699 1.55159559e-01
2.11428 1.56502795e-01
2.12160 1.57065598e-01
2.12894 1.60113054e-01
2.13631 1.63002618e-01
2.14371 1.67289035e-01
2.15113 1.68914431e-01
2.15857 1.71330578e-01
2.16605 1.66521691e-01
2.17354 1.62947325e-01
2.18107 1.59782765e-01
2.18862 1.57299219e-01
2.19619 1.54352409e-01
2.20380 1.51772088e-01
2.21143 1.48891078e-01
2.21908 1.48062344e-01
2.22676 1.50556937e-01
2.23447 1.55727394e-01
2.24220 1.61639289e-01
2.24997 1.65844206e-01
2.25775 1.65484850e-01
2.26557 1.63488401e-01
2.27341 1.59306075e-01
2.28128 1.53864968e-01
2.28918 1.51710632e-01
2.29710 1.50089636e-01
2.30505 1.48765456e-01
2.31303 1.49273913e-01
2.32104 1.49578272e-01
2.32908 1.48986059e-01
2.33714 1.47885170e-01
2.34523 1.47384219e-01
2.35335 1.49510334e-01
2.36149 1.52553226e-01
2.36967 1.56230765e-01
2.37787 1.57368714e-01
2.38610 1.55565884e-01
2.39436 1.53449555e-01
2.40265 1.49656315e-01
2.41097 1.46308200e-01
2.41931 1.43960624e-01
2.42769 1.42243457e-01
2.43609 1.40531790e-01
2.44452 1.40290029e-01
2.45298 1.41779294e-01
2.46148 1.43922292e-01
2.47000 1.46329631e-01
2.47855 1.48631972e-01
2.48713 1.49064777e-01
2.49574 1.48516561e-01
2.50438 1.47250564e-01
2.51304 1.45084216e-01
2.52174 1.43388415e-01
2.53047 1.42138188e-01
2.53923 1.40265786e-01
2.54802 1.38808644e-01
2.55684 1.37637407e-01
2.56569 1.36426507e-01
2.57457 1.35738839e-01
2.58349 1.35285060e-01
2.59243 1.35648630e-01
2.60140 1.37171497e-01
2.61041 1.39542203e-01
2.61944 1.41909770e-01
2.62851 1.42959203e-01
2.63761 1.42501244e-01
2.64674 1.40725096e-01
2.65590 1.38105963e-01
2.66510 1.35494154e-01
2.67432 1.33345016e-01
2.68358 1.31677417e-01
2.69287 1.30348662e-01
2.70219 1.29894491e-01
2.71154 1.30436728e-01
2.72093 1.31430897e-01
2.73035 1.32319992e-01
2.73980 1.32811642e-01
2.74928 1.32661511e-01
2.75880 1.32193049e-01
2.76835 1.31797664e-01
2.77793 1.31364794e-01
2.78755 1.30777163e-01
2.79720 1.30065810e-01
2.80688 1.29254758e-01
2.81660 1.28525864e-01
2.82635 1.28073955e-01
2.83613 1.27629316e-01
2.84595 1.26918631e-01
2.85580 1.25985864e-01
2.86569 1.24906755e-01
2.87561 1.24012853e-01
2.88556 1.23703296e-01
2.89555 1.24074279e-01
2.90557 1.24906512e-01
2.91563 1.25764812e-01
2.92572 1.26196859e-01
2.93585 1.25926812e-01
2.94601 1.24914877e-01
2.95621 1.23423197e-01
2.96644 1.21850336e-01
2.97671 1.20477677e-01
2.98702 1.19430488e-01
2.99736 1.18793354e-01
3.00773 1.18611883e-01
3.01814 1.18785487e-01
3.02859 1.19062732e-01
3.03907 1.19181452e-01
3.04960 1.18993563e-01
3.06015 1.18507732e-01
3.07074 1.17918029e-01
3.08137 1.17446773e-01
3.09204 1.17150300e-01
3.10274 1.16944491e-01
3.11348 1.16732904e-01
3.12426 1.16485223e-01
3.13508 1.16214508e-01
3.14593 1.15912215e-01
3.15682 1.15518304e-01
3.16775 1.14947219e-01
3.17871 1.14165229e-01
3.18972 1.13224511e-01
3.20076 1.12232739e-01
3.21184 1.11332964e-01
3.22295 1.10669528e-01
3.23411 1.10322675e-01
3.24531 1.10274107e-01
3.25654 1.10421107e-01
3.26781 1.10607356e-01
3.27912 1.10660666e-01
3.29047 1.10446261e-01
3.30187 1.09920636e-01
3.31330 1.09150639e-01
3.32476 1.08284798e-01
3.33627 1.07489245e-01
3.34782 1.06883143e-01
3.35941 1.06509384e-01
3.37104 1.06338189e-01
3.38271 1.06285478e-01
3.39442 1.06240356e-01
3.40617 1.06101768e-01
3.41796 1.05813589e-01
3.42979 1.05381642e-01
3.44166 1.04865033e-01
3.45358 1.04341912e-01
3.46553 1.03867850e-01
3.47753 1.03456979e-01
3.48957 1.03092816e-01
3.50164 1.02751019e-01
3.51377 1.02414792e-01
3.52593 1.02074546e-01
3.53814 1.01719080e-01
3.55038 1.01332113e-01
3.56267 1.00898479e-01
3.57500 1.00412672e-01
3.58738 9.98824946e-02
3.59980 9.93272518e-02
3.61226 9.87744363e-02
3.62476 9.82562054e-02
3.63731 9.78027690e-02
3.64990 9.74332426e-02
3.66254 9.71491181e-02
3.67521 9.69336360e-02
3.68794 9.67555328e-02
3.70070 9.65757246e-02
3.71351 9.63567024e-02
3.72637 9.60732883e-02
3.73927 9.57212200e-02
3.75221 9.53190566e-02
3.76520 9.49011342e-02
3.77823 9.45038430e-02
3.79131 9.41515379e-02
3.80443 9.38484576e-02
3.81760 9.35791154e-02
3.83082 9.33155037e-02
3.84408 9.30277502e-02
3.85739 9.26945845e-02
3.87074 9.23099917e-02
3.88414 9.18837162e-02
3.89758 9.14357142e-02
3.91107 9.09877064e-02
3.92461 9.05557240e-02
3.93820 9.01465869e-02
3.95183 8.97585842e-02
3.96551 8.93853222e-02
3.97924 8.90201056e-02
3.99301 8.86591040e-02
4.00683 8.83017728e-02
4.02070 8.79493256e-02
4.03462 8.76025202e-02
4.04859 8.72603264e-02
4.06260 8.69201218e-02
4.07667 8.65789699e-02
4.09078 8.62352488e-02
4.10494 8.58896037e-02
4.11915 8.55451011e-02
4.13341 8.52062581e-02
4.14771 8.48776744e-02
4.16207 8.45627363e-02
4.17648 8.42629712e-02
4.19094 8.39779054e-02
4.20545 8.37052835e-02
4.22000 8.34414587e-02
4.23461 8.31818608e-02
4.24927 8.29217656e-02
4.26398 8.26571653e-02
4.27874 8.23857274e-02
4.29355 8.21071973e-02
4.30841 8.18230906e-02
4.32332 8.15358462e-02
4.33829 8.12474830e-02
4.35331 8.09585752e-02
4.36838 8.06677730e-02
4.38350 8.03721696e-02
4.39867 8.00682131e-02
4.41390 7.97529731e-02
4.42918 7.94250998e-02
4.44451 7.90852741e-02
4.45990 7.87360237e-02
4.47533 7.83809302e-02
4.49083 7.80237352e-02
4.50637 7.76675643e-02
4.52197 7.73144659e-02
4.53762 7.69654464e-02
4.55333 7.66207544e-02
4.56909 7.62802893e-02
4.58491 7.59439800e-02
4.60078 7.56120160e-02
4.61670 7.52847762e-02
4.63269 7.49627992e-02
4.64872 7.46464107e-02
4.66481 7.43357054e-02
4.68096 7.40304288e-02
4.69717 7.37300954e-02
4.71343 7.34342315e-02
4.72974 7.31425117e-02
4.74611 7.28549181e-02
4.76254 7.25717290e-02
4.77903 7.22933942e-02
4.79557 7.20203638e-02
4.81217 7.17529456e-02
4.82883 7.14912283e-02
4.84555 7.12350581e-02
4.86232 7.09840382e-02
4.87915 7.07376419e-02
4.89604 7.04951469e-02
4.91299 7.02557125e-02
4.92999 7.00183974e-02
4.94706 6.97821539e-02
4.96418 6.95459163e-02
4.98137 6.93086664e-02
4.99861 6.90695043e-02
5.01591 6.88276901e-02
5.03328 6.85826790e-02
5.05070 6.83340509e-02
5.06818 6.80815274e-02
5.08573 6.78249190e-02
5.10333 6.75641134e-02
5.12100 6.72990869e-02
5.13873 6.70299104e-02
5.15651 6.67567734e-02
5.17436 6.64800312e-02
5.19228 6.62000981e-02
5.21025 6.59175542e-02
5.22828 6.56329858e-02
5.24638 6.53470202e-02
5.26454 6.50602672e-02
5.28277 6.47732893e-02
5.30105 6.44865955e-02
5.31940 6.42006714e-02
5.33782 6.39159253e-02
5.35629 6.36327776e-02
5.37484 6.33516072e-02
5.39344 6.30727811e-02
5.41211 6.27966486e-02
5.43084 6.25235354e-02
5.44965 6.22537610e-02
5.46851 6.19875859e-02
5.48744 6.17252707e-02
5.50643 6.14670107e-02
5.52550 6.12129717e-02
5.54462 6.09632957e-02
5.56381 6.07180597e-02
5.58308 6.04773229e-02
5.60240 6.02410853e-02
5.62179 6.00093291e-02
5.64125 5.97819715e-02
5.66078 5.95588704e-02
5.68038 5.93398600e-02
5.70004 5.91246798e-02
5.71977 5.89130458e-02
5.73957 5.87045848e-02
5.75944 5.84989122e-02
5.77938 5.82955720e-02
5.79938 5.80940966e-02
5.81946 5.78939829e-02
5.83960 5.76947216e-02
5.85982 5.74957918e-02
5.88010 5.72967082e-02
5.90045 5.70969792e-02
5.92088 5.68961432e-02
5.94137 5.66938213e-02
5.96194 5.64896227e-02
5.98258 5.62832752e-02
6.00329 5.60745182e-02
6.02407 5.58631802e-02
6.04492 5.56491544e-02
6.06585 5.54323640e-02
6.08684 5.52128149e-02
6.10791 5.49905603e-02
6.12906 5.47657069e-02
6.15027 5.45383848e-02
6.17156 5.43087894e-02
6.19293 5.40771458e-02
6.21436 5.38436787e-02
6.23588 5.36086606e-02
6.25746 5.33723816e-02
6.27912 5.31351376e-02
6.30086 5.28972424e-02
6.32267 5.26590098e-02
6.34455 5.24207416e-02
6.36652 5.21827635e-02
6.38856 5.19453952e-02
6.41067 5.17089386e-02
6.43286 5.14736955e-02
6.45513 5.12399621e-02
6.47747 5.10080224e-02
6.49990 5.07781547e-02
6.52240 5.05506136e-02
6.54497 5.03256477e-02
6.56763 5.01034819e-02
6.59037 4.98843235e-02
6.61318 4.96683678e-02
6.63607 4.94557866e-02
6.65904 4.92466922e-02
6.68209 4.90412445e-02
6.70522 4.90185235e-02
6.72843 4.96019277e-02
6.75172 5.01711475e-02
6.77510 5.07570499e-02
6.79855 5.13885422e-02
6.82208 5.19898011e-02
6.84570 5.26382602e-02
6.86939 5.33098013e-02
6.89317 5.40088586e-02
6.91704 5.46978755e-02
6.94098 5.53938426e-02
6.96500 5.61760936e-02
6.98911 5.69131158e-02
7.01331 5.76703608e-02
7.03759 5.84332712e-02
7.06195 5.92284219e-02
7.08639 6.00387397e-02
7.11092 6.08946533e-02
7.13554 6.16957003e-02
7.16024 6.25592981e-02
7.18502 6.33929821e-02
7.20990 6.42298451e-02
7.23485 6.51194909e-02
7.25990 6.60133280e-02
7.28503 6.69231728e-02
7.31025 6.78475098e-02
7.33555 6.87878781e-02
7.36094 6.97289923e-02
7.38642 7.07059462e-02
7.41199 7.16969661e-02
7.43765 7.26817166e-02
7.46340 7.37250278e-02
7.48923 7.48224656e-02
7.51516 7.58824594e-02
7.54117 7.70137181e-02
7.56727 7.81528208e-02
7.59347 7.93190904e-02
7.61975 8.05383499e-02
7.64613 8.17875350e-02
7.67260 8.30802026e-02
7.69916 8.44213608e-02
7.72581 8.57606187e-02
7.75255 8.71923115e-02
7.77939 8.86491051e-02
7.80632 9.01669162e-02
7.83334 9.17373205e-02
7.86046 9.33379050e-02
7.88767 9.49819955e-02
7.91497 9.67299347e-02
7.94237 9.85052302e-02
7.96986 1.00351015e-01
7.99745 1.02207326e-01
8.02513 1.04193225e-01
8.05291 1.06270826e-01
8.08079 1.08342944e-01
8.10876 1.10527460e-01
8.13683 1.12780345e-01
8.16500 1.15109119e-01
8.19326 1.17545430e-01
8.22162 1.20064455e-01
8.25008 1.22702573e-01
8.27864 1.25428727e-01
8.30730 1.28257990e-01
8.33605 1.31248561e-01
8.36491 1.34345094e-01
8.39386 1.37599418e-01
8.42292 1.40997404e-01
8.45208 1.44569822e-01
8.48133 1.48319360e-01
8.51069 1.52268060e-01
8.54016 1.56457531e-01
8.56972 1.60852569e-01
8.59938 1.65545483e-01
8.62915 1.70475801e-01
8.65902 1.75772721e-01
8.68899 1.81437166e-01
8.71907 1.87507108e-01
8.74925 1.94017687e-01
8.77954 2.01054632e-01
8.80993 2.08715082e-01
8.84043 2.17127118e-01
8.87103 2.26344493e-01
8.90174 2.36607091e-01
8.93255 2.48074676e-01
8.96347 2.61031667e-01
8.99450 2.75866767e-01
9.02563 2.92984251e-01
9.05688 3.13038944e-01
9.08823 3.36824385e-01
9.11969 3.65369039e-01
9.15126 3.99802677e-01
9.18294 4.40979906e-01
9.21472 4.87825168e-01
9.24662 5.35223536e-01
9.27863 5.74576475e-01
9.31075 6.00361331e-01
9.34298 6.14165859e-01
9.37532 6.19839735e-01
9.40777 6.21088370e-01
9.44034 6.20177661e-01
9.47302 6.17879102e-01
9.50581 6.13532283e-01
9.53871 6.07812202e-01
9.57173 6.06270693e-01
9.60487 6.14992688e-01
9.63811 6.36079432e-01
9.67148 6.68240069e-01
9.70495 7.08510632e-01
9.73855 7.52671701e-01
9.77226 7.96684651e-01
9.80609 8.40019051e-01
9.84003 8.84739323e-01
9.87409 9.33209027e-01
9.90827 9.87583635e-01
9.94257 1.05039016e+00
9.97699 1.12471724e+00
10.01153 1.21408538e+00
10.04618 1.32195867e+00
10.08096 1.44493762e+00
10.11585 1.56182488e+00
10.15087 1.65068964e+00
10.18601 1.71452352e+00
10.22127 1.72375837e+00
10.25665 1.65987665e+00
10.29215 1.60993696e+00
10.32778 1.60720641e+00
10.36353 1.64093550e+00
10.39941 1.68750198e+00
10.43540 1.70915029e+00
10.47153 1.67104515e+00
10.50777 1.60181199e+00
10.54415 1.54143912e+00
10.58065 1.48995229e+00
10.61727 1.44627607e+00
10.65403 1.40575716e+00
10.69091 1.37438104e+00
10.72791 1.36166784e+00
10.76505 1.36305715e+00
10.80231 1.37594748e+00
10.83971 1.40196001e+00
10.87723 1.43253977e+00
10.91488 1.45642656e+00
10.95266 1.47347693e+00
10.99058 1.49013540e+00
11.02862 1.50970319e+00
11.06680 1.53040975e+00
11.10511 1.54873002e+00
11.14355 1.56404648e+00
11.18212 1.57441903e+00
11.22083 1.57939840e+00
11.25967 1.58164942e+00
11.29865 1.58136206e+00
11.33776 1.57884594e+00
11.37701 1.57530945e+00
11.41639 1.57494816e+00
11.45591 1.58308685e+00
11.49556 1.60165097e+00
11.53536 1.62273227e+00
11.57529 1.63474359e+00
11.61536 1.63350009e+00
11.65556 1.62512779e+00
11.69591 1.61816635e+00
11.73640 1.61915061e+00
11.77702 1.63240436e+00
11.81779 1.66103851e+00
11.85870 1.71099041e+00
11.89975 1.76736112e+00
11.94094 1.72131317e+00
11.98227 1.60279696e+00
12.02375 1.50179957e+00
12.06537 1.41584484e+00
12.10714 1.33860151e+00
12.14905 1.26867755e+00
12.19110 1.20137561e+00
12.23330 1.13453520e+00
12.27565 1.07574392e+00
12.31814 1.02463111e+00
12.36078 9.73309568e-01
12.40357 9.16728813e-01
12.44651 8.56992875e-01
12.48959 8.00811069e-01
12.53283 7.52602792e-01
12.57621 7.13459456e-01
12.61974 6.82302674e-01
12.66343 6.57255864e-01
12.70726 6.36349858e-01
12.75125 6.17731931e-01
12.79539 5.99778466e-01
12.83968 5.81349920e-01
12.88413 5.61888216e-01
12.92873 5.41367424e-01
12.97348 5.20178501e-01
13.01839 4.98972765e-01
13.06345 4.78247733e-01
13.10867 4.58492397e-01
13.15405 4.40014656e-01
13.19959 4.23004246e-01
13.24528 4.07489584e-01
13.29113 3.93451074e-01
13.33713 3.80830995e-01
13.38330 3.69556770e-01
13.42963 3.59499163e-01
13.47612 3.50572514e-01
13.52277 3.42661736e-01
13.56958 3.35632328e-01
13.61655 3.29465405e-01
13.66368 3.24019182e-01
13.71098 3.19239966e-01
13.75844 3.15043219e-01
13.80607 3.11409701e-01
13.85386 3.08245342e-01
13.90182 3.05529246e-01
13.94994 3.03214822e-01
13.99823 3.01283067e-01
14.04668 2.99696803e-01
14.09531 2.98446085e-01
14.14410 2.97547725e-01
14.19306 2.96952587e-01
14.24219 2.96702586e-01
14.29149 2.96772146e-01
14.34096 2.97215731e-01
14.39060 2.98052760e-01
14.44042 2.99286784e-01
14.49041 3.00938819e-01
14.54057 3.03117142e-01
14.59090 3.05848749e-01
14.64141 3.09177624e-01
14.69209 3.13216662e-01
14.74295 3.18037082e-01
14.79398 3.23779245e-01
14.84519 3.30594586e-01
14.89658 3.38638208e-01
14.94814 3.48173730e-01
14.99989 3.59533736e-01
15.05181 3.73045840e-01
15.10392 3.89235027e-01
15.15620 4.08704901e-01
15.20866 4.32245485e-01
15.26131 4.60511472e-01
15.31414 4.94033235e-01
15.36715 5.32387731e-01
15.42034 5.73323110e-01
15.47372 6.12108760e-01
15.52729 6.43205632e-01
15.58103 6.62790709e-01
15.63497 6.70946456e-01
15.68909 6.71175915e-01
15.74340 6.68652693e-01
15.79790 6.68819814e-01
15.85258 6.76066190e-01
15.90746 6.92782021e-01
15.96252 7.19260405e-01
16.01778 7.54283894e-01
16.07323 7.95761901e-01
16.12886 8.41295581e-01
16.18470 8.89064653e-01
16.24072 9.37156306e-01
16.29694 9.83876650e-01
16.35335 1.02775356e+00
16.40996 1.06757947e+00
16.46677 1.10236083e+00
16.52377 1.13144384e+00
16.58097 1.15426556e+00
16.63836 1.17069184e+00
16.69596 1.18094120e+00
16.75375 1.18529624e+00
16.81175 1.18373508e+00
16.86994 1.17613333e+00
16.92834 1.16264253e+00
16.98694 1.14430024e+00
17.04574 1.12352033e+00
17.10474 1.10403939e+00
17.16395 1.08983234e+00
17.22337 1.08403417e+00
17.28299 1.08888081e+00
17.34281 1.10599435e+00
17.40285 1.13623803e+00
17.46309 1.17854584e+00
17.52354 1.22847406e+00
17.58420 1.27777215e+00
17.64507 1.31665465e+00
17.70615 1.33828426e+00
17.76744 1.34170708e+00
17.82894 1.33100668e+00
17.89066 1.31305452e+00
17.95259 1.29614138e+00
18.01473 1.28774989e+00
18.07709 1.29344049e+00
18.13967 1.31497159e+00
18.20246 1.35055340e+00
18.26547 1.39585028e+00
18.32870 1.44416026e+00
18.39214 1.49182029e+00
18.45581 1.54319345e+00
18.51969 1.60511216e+00
18.58380 1.67906580e+00
18.64813 1.75966932e+00
18.71268 1.84185876e+00
18.77746 1.92333660e+00
18.84246 2.00408712e+00
18.90768 2.08370479e+00
18.97313 2.15990105e+00
19.03881 2.22884093e+00
19.10472 2.28662309e+00
19.17085 2.33043050e+00
19.23721 2.35872691e+00
19.30380 2.37334813e+00
19.37062 2.38033491e+00
19.43768 2.38752416e+00
19.50496 2.40197014e+00
19.57248 2.42823659e+00
19.64023 2.46834637e+00
19.70822 2.51836741e+00
19.77644 2.57145560e+00
19.84490 2.61910509e+00
19.91359 2.65108138e+00
19.98252 2.65886618e+00
20.05169 2.64036677e+00
20.12110 2.59781144e+00
20.19076 2.53789453e+00
20.26065 2.46812970e+00
20.33078 2.39323998e+00
20.40116 2.31712251e+00
20.47178 2.24203454e+00
20.54264 2.16990342e+00
20.61375 2.10480503e+00
20.68511 2.05120103e+00
20.75671 2.01157799e+00
20.82856 1.98935609e+00
20.90066 1.98512512e+00
20.97301 1.99067045e+00
21.04561 1.99753344e+00
21.11846 1.99690308e+00
21.19157 1.99027854e+00
21.26492 1.98665746e+00
21.33853 1.98863965e+00
21.41240 1.96207744e+00
21.48652 1.89928785e+00
21.56090 1.86009579e+00
21.63553 1.85452631e+00
21.71043 1.86891570e+00
21.78558 1.89332599e+00
21.86099 1.92648107e+00
21.93666 1.96574559e+00
22.01260 2.01156450e+00
22.08880 2.05947671e+00
22.16526 2.10443047e+00
22.24199 2.14102424e+00
22.31898 2.16597230e+00
22.39624 2.17913306e+00
22.47377 2.18286266e+00
22.55156 2.18221678e+00
22.62962 2.18017379e+00
22.70796 2.18120742e+00
22.78656 2.18533544e+00
22.86544 2.19437410e+00
22.94459 2.20688602e+00
23.02402 2.22392200e+00
23.10372 2.24465088e+00
23.18369 2.26943141e+00
23.26394 2.29556288e+00
23.34447 2.32185064e+00
23.42528 2.34651277e+00
23.50637 2.37078240e+00
23.58774 2.39347494e+00
23.66939 2.41597864e+00
23.75133 2.43705621e+00
23.83354 2.46025787e+00
23.91604 2.48418770e+00
23.99883 2.51132024e+00
24.08191 2.53959120e+00
24.16527 2.56987496e+00
24.24892 2.60287067e+00
24.33286 2.63491859e+00
24.41709 2.66593643e+00
24.50161 2.68868640e+00
24.58642 2.70086029e+00
24.67153 2.70047904e+00
24.75693 2.69048075e+00
24.84263 2.67995914e+00
24.92863 2.67361586e+00
25.01492 2.67871771e+00
25.10151 2.69071222e+00
25.18840 2.70121312e+00
25.27559 2.71059454e+00
25.36309 2.71670576e+00
25.45088 2.72514590e+00
25.53898 2.73956525e+00
25.62739 2.75665214e+00
25.71610 2.77304936e+00
25.80512 2.78422040e+00
25.89444 2.78550682e+00
25.98408 2.77448910e+00
26.07403 2.75038050e+00
26.16428 2.71290394e+00
26.25485 2.66420957e+00
26.34574 2.60906654e+00
26.43694 2.55276202e+00
26.52845 2.50154691e+00
26.62028 2.46117666e+00
26.71243 2.43245400e+00
26.80489 2.41583774e+00
26.89768 2.41305594e+00
26.99079 2.42069747e+00
27.08422 2.43552470e+00
27.17798 2.45534546e+00
27.27205 2.47819074e+00
27.36646 2.50040376e+00
27.46119 2.52079461e+00
27.55625 2.53928336e+00
27.65164 2.55551067e+00
27.74736 2.56801963e+00
27.84341 2.57467075e+00
27.93979 2.57244306e+00
28.03650 2.55865597e+00
28.13355 2.53247477e+00
28.23094 2.49616978e+00
28.32867 2.45441483e+00
28.42673 2.41268771e+00
28.52513 2.37409523e+00
28.62387 2.34048443e+00
28.72295 2.31255606e+00
28.82238 2.29054148e+00
28.92215 2.27460164e+00
29.02227 2.26376970e+00
29.12273 2.25739824e+00
29.22354 2.25450721e+00
29.32470 2.25380113e+00
29.42621 2.25389526e+00
29.52807 2.25254621e+00
29.63029 2.24796188e+00
29.73286 2.23905920e+00
29.83578 2.22560861e+00
29.93906 2.20828024e+00
30.04269 2.18889401e+00
30.14669 2.16863636e+00
30.25104 2.14873853e+00
30.35576 2.12982768e+00
30.46084 2.11184154e+00
30.56628 2.09427199e+00
30.67209 2.07663329e+00
30.77826 2.05899388e+00
30.88481 2.04157629e+00
30.99172 2.02502687e+00
31.09900 2.01038961e+00
31.20665 1.99869886e+00
31.31467 1.99078885e+00
31.42307 1.98724170e+00
31.53184 1.98842221e+00
31.64099 1.99457629e+00
31.75052 2.00600354e+00
31.86043 2.02293930e+00
31.97072 2.04533975e+00
32.08139 2.07337966e+00
32.19244 2.10727059e+00
32.30388 2.14727576e+00
32.41570 2.19367435e+00
32.52791 2.24663408e+00
32.64051 2.30601582e+00
32.75349 2.37117371e+00
32.86687 2.44093203e+00
32.98064 2.51356570e+00
33.09481 2.58696008e+00
33.20937 2.65853939e+00
33.32433 2.72466461e+00
33.43968 2.77993136e+00
33.55544 2.82138794e+00
33.67159 2.85832163e+00
33.78815 2.89877891e+00
33.90511 2.93843699e+00
34.02247 2.97283278e+00
34.14024 3.00003518e+00
34.25842 3.01953270e+00
34.37701 3.03141592e+00
34.49601 3.03612646e+00
34.61542 3.03430843e+00
34.73525 3.02667755e+00
34.85549 3.01385069e+00
34.97614 2.99621382e+00
35.09721 2.97388832e+00
35.21871 2.94680787e+00
35.34062 2.91493518e+00
35.46295 2.87841056e+00
35.58571 2.83768155e+00
35.70889 2.79327918e+00
35.83250 2.74564982e+00
35.95654 2.69475322e+00
36.08101 2.64007254e+00
36.20590 2.58072987e+00
36.33123 2.51587396e+00
36.45700 2.44521385e+00
36.58320 2.36946928e+00
36.70983 2.29050602e+00
36.83691 2.21102936e+00
36.96442 2.13404426e+00
37.09238 2.06220773e+00
37.22077 1.99742416e+00
37.34962 1.94070944e+00
37.47890 1.89223032e+00
37.60864 1.85143968e+00
37.73883 1.81722824e+00
37.86946 1.78823581e+00
38.00055 1.76227957e+00
38.13209 1.73703432e+00
38.26409 1.71018103e+00
38.39654 1.67944954e+00
38.52946 1.64283848e+00
38.66283 1.59884364e+00
38.79667 1.54666613e+00
38.93096 1.48634559e+00
39.06573 1.41876464e+00
39.20096 1.34555656e+00
39.33665 1.26898853e+00
39.47282 1.19122276e+00
39.60946 1.11421291e+00
39.74657 1.03954857e+00
39.88416 9.68393837e-01
40.02222 9.01503461e-01
40.16076 8.39299712e-01
40.29978 7.82358133e-01
40.43928 7.30075475e-01
40.57926 6.82222221e-01
40.71973 6.38495088e-01
40.86069 5.98566701e-01
41.00213 5.62116610e-01
41.14406 5.28932938e-01
41.28648 4.98787410e-01
41.42940 4.71158414e-01
41.57281 4.45795773e-01
41.71672 4.22470914e-01
41.86113 4.00980011e-01
42.00603 3.81226688e-01
42.15144 3.63067206e-01
42.29735 3.46230608e-01
42.44377 3.30587245e-01
42.59069 3.16026768e-01
42.73812 3.02462532e-01
42.88606 2.89902098e-01
43.03451 2.78157688e-01
43.18348 2.67142226e-01
43.33297 2.56797571e-01
43.48297 2.47074616e-01
43.63349 2.38000925e-01
43.78453 2.29452729e-01
43.93609 2.21371746e-01
44.08818 2.13723159e-01
44.24079 2.06495171e-01
44.39394 1.99701450e-01
44.54761 1.93242114e-01
44.70182 1.87100730e-01
44.85655 1.81260300e-01
45.01183 1.75728433e-01
45.16764 1.70473078e-01
45.32399 1.65451438e-01
45.48089 1.60647926e-01
45.63832 1.56079711e-01
45.79630 1.51729215e-01
45.95483 1.47558924e-01
46.11391 1.43558206e-01
46.27353 1.39732442e-01
46.43371 1.36080927e-01
46.59445 1.32568170e-01
46.75574 1.29186868e-01
46.91759 1.25949954e-01
47.08000 1.22846690e-01
47.24297 1.19855166e-01
47.40650 1.16970054e-01
47.57060 1.14202868e-01
47.73527 1.11534777e-01
47.90051 1.08956955e-01
48.06633 1.06472544e-01
48.23271 1.04086346e-01
48.39967 1.01773200e-01
48.56721 9.95306453e-02
48.73533 9.73734920e-02
48.90403 9.52906466e-02
49.07332 9.32699670e-02
49.24319 9.13146029e-02
49.41365 8.94286685e-02
49.58470 8.75956234e-02
49.75634 8.58142006e-02
49.92858 8.41002896e-02
50.10141 8.24104374e-02
50.27484 8.07579819e-02
50.44887 7.91432723e-02
50.62350 7.75652786e-02
50.79874 7.60229942e-02
50.97458 7.45154603e-02
51.15104 7.30417355e-02
51.32810 7.16009259e-02
51.50578 7.01921376e-02
51.68407 6.88145299e-02
51.86298 6.74673037e-02
52.04250 6.61496419e-02
52.22265 6.48607928e-02
52.40343 6.36000045e-02
52.58482 6.23665725e-02
52.76685 6.11597864e-02
52.94951 5.99789773e-02
53.13280 5.88234880e-02
53.31672 5.76926970e-02
53.50128 5.65859707e-02
53.68648 5.55027291e-02
53.87232 5.44423742e-02
54.05880 5.34043792e-02
54.24593 5.23881638e-02
54.43371 5.13932250e-02
54.62214 5.04190357e-02
54.81122 4.94651046e-02
55.00095 4.85309346e-02
55.19134 4.76160814e-02
55.38239 4.67200658e-02
55.57410 4.58424554e-02
55.76647 4.49828181e-02
55.95951 4.41407336e-02
56.15322 4.33157934e-02
56.34760 4.25076010e-02
56.54265 4.17157654e-02
56.73838 4.09399317e-02
56.93479 4.01797149e-02
57.13187 3.94347717e-02
57.32964 3.87047469e-02
57.52809 3.79893090e-02
57.72723 3.72881323e-02
57.92705 3.66008973e-02
58.12757 3.59273019e-02
58.32879 3.52670325e-02
58.53070 3.46197870e-02
58.73331 3.39852933e-02
58.93662 3.33632730e-02
59.14063 3.27534419e-02
59.34535 3.21555456e-02
59.55078 3.15693176e-02
59.75692 3.09945093e-02
59.96377 3.04308838e-02
60.17134 2.98781749e-02
60.37963 2.93361752e-02
60.58864 2.88046421e-02
60.79837 2.82833624e-02
61.00883 2.77721053e-02
61.22002 2.72706754e-02
61.43194 2.67788536e-02
61.64459 2.62964387e-02
61.85797 2.58232413e-02
62.07210 2.53590600e-02
62.28697 2.49037232e-02
62.50258 2.44570237e-02
62.71894 2.40188016e-02
62.93605 2.35888734e-02
63.15390 2.31670634e-02
63.37252 2.27532187e-02
63.59189 2.23471694e-02
63.81201 2.19487546e-02
64.03290 2.15578221e-02
64.25456 2.11742173e-02
64.47698 2.07977900e-02
64.70017 2.04284039e-02
64.92414 2.00659051e-02
65.14888 1.97101605e-02
65.37440 1.93610380e-02
65.60070 1.90183990e-02
65.82778 1.86821146e-02
66.05565 1.83520669e-02
66.28430 1.80281168e-02
66.51375 1.77101548e-02
66.74400 1.73980624e-02
66.97504 1.70917143e-02
67.20688 1.67910114e-02
67.43952 1.64958260e-02
67.67297 1.62060598e-02
67.90722 1.59216109e-02
68.14229 1.56423663e-02
68.37817 1.53682247e-02
68.61486 1.50990932e-02
68.85238 1.48348670e-02
69.09072 1.45754544e-02
69.32988 1.43207648e-02
69.56987 1.40707075e-02
69.81069 1.38251885e-02
70.05235 1.35841184e-02
70.29484 1.33474155e-02
70.53817 1.31149999e-02
70.78235 1.28867851e-02
71.02737 1.26626858e-02
71.27323 1.24426323e-02
71.51995 1.22265428e-02
71.76752 1.20143422e-02
72.01595 1.18059582e-02
72.26524 1.16013163e-02
72.51539 1.14003476e-02
72.76641 1.12029808e-02
73.01830 1.10091487e-02
73.27106 1.08187852e-02
73.52469 1.06318245e-02
73.77920 1.04482021e-02
74.03460 1.02678552e-02
74.29087 1.00907247e-02
74.54804 9.91674829e-03
74.80609 9.74586630e-03
75.06504 9.57802306e-03
75.32488 9.41316053e-03
75.58563 9.25122426e-03
75.84727 9.09215978e-03
76.10982 8.93591144e-03
76.37328 8.78243011e-03
76.63766 8.63166429e-03
76.90295 8.48356128e-03
77.16915 8.33807373e-03
77.43628 8.19515309e-03
77.70433 8.05475318e-03
77.97331 7.91682547e-03
78.24322 7.78132555e-03
78.51407 7.64820902e-03
78.78585 7.51743208e-03
79.05857 7.38895269e-03
79.33224 7.26272645e-03
79.60686 7.13871488e-03
79.88242 7.01687595e-03
80.15894 6.89717118e-03
80.43642 6.77956032e-03
80.71486 6.66400606e-03
80.99426 6.55047171e-03
81.27463 6.43891938e-03
81.55596 6.32931354e-03
81.83828 6.22161926e-03
82.12157 6.11580163e-03
82.40584 6.01182690e-03
82.69109 5.90966190e-03
82.97733 5.80927350e-03
83.26457 5.71062973e-03
83.55279 5.61369979e-03
83.84202 5.51845350e-03
84.13225 5.42485830e-03
84.42348 5.33288637e-03
84.71572 5.24250869e-03
85.00897 5.15369566e-03
85.30323 5.06641947e-03
85.59852 4.98065347e-03
85.89482 4.89637043e-03
86.19215 4.81354194e-03
86.49052 4.73214549e-03
86.78991 4.65215267e-03
87.09034 4.57353981e-03
87.39181 4.49628203e-03
87.69432 4.42035626e-03
87.99789 4.34573643e-03
88.30250 4.27240184e-03
88.60816 4.20032821e-03
88.91489 4.12949482e-03
89.22267 4.05987739e-03
89.53153 3.99145522e-03
89.84145 3.92420875e-03
90.15244 3.85811550e-03
90.46451 3.79315594e-03
90.77766 3.72930933e-03
91.09190 3.66655674e-03
91.40722 3.60487862e-03
91.72363 3.54425605e-03
92.04114 3.48467184e-03
92.35975 3.42610469e-03
92.67946 3.36853979e-03
93.00028 3.31195821e-03
93.32221 3.25634158e-03
93.64525 3.20167571e-03
93.96941 3.14794106e-03
94.29469 3.09512459e-03
94.62110 3.04320678e-03
94.94864 2.99217461e-03
95.27731 2.94201030e-03
95.60712 2.89270085e-03
95.93807 2.84423085e-03
96.27017 2.79658432e-03
96.60342 2.74974824e-03
96.93782 2.70370840e-03
97.27338 2.65845118e-03
97.61010 2.61396179e-03
97.94798 2.57022720e-03
98.28704 2.52723616e-03
98.62727 2.48497328e-03
98.96867 2.44342731e-03
99.31126 2.40258523e-03
99.65504 2.36243520e-03
100.00000 2.32296478e-03
