        2000  5.000000 3.330000
0.10000 1.06756070e+00
0.10035 1.06628413e+00
0.10069 1.06483144e+00
0.10104 1.06366179e+00
0.10139 1.06227733e+00
0.10174 1.06091454e+00
0.10210 1.05961103e+00
0.10245 1.05824033e+00
0.10280 1.05687362e+00
0.10316 1.05549545e+00
0.10352 1.05409381e+00
0.10387 1.05270957e+00
0.10423 1.05144461e+00
0.10459 1.04998311e+00
0.10496 1.04858851e+00
0.10532 1.04714026e+00
0.10568 1.04566914e+00
0.10605 1.04417448e+00
0.10642 1.04271269e+00
0.10679 1.04128086e+00
0.10716 1.03968350e+00
0.10753 1.03822940e+00
0.10790 1.03680016e+00
0.10827 1.03537300e+00
0.10865 1.03396633e+00
0.10902 1.03267400e+00
0.10940 1.03139572e+00
0.10978 1.03018360e+00
0.11016 1.02888971e+00
0.11054 1.02759885e+00
0.11092 1.02616037e+00
0.11131 1.02475318e+00
0.11169 1.02321990e+00
0.11208 1.02176788e+00
0.11247 1.02033501e+00
0.11286 1.01880721e+00
0.11325 1.01736177e+00
0.11364 1.01582864e+00
0.11403 1.01432740e+00
0.11443 1.01285191e+00
0.11482 1.01137569e+00
0.11522 1.00993831e+00
0.11562 1.00850308e+00
0.11602 1.00707074e+00
0.11642 1.00565852e+00
0.11682 1.00427931e+00
0.11723 1.00282580e+00
0.11763 1.00140197e+00
0.11804 1.00007500e+00
0.11845 9.98664410e-01
0.11886 9.97304512e-01
0.11927 9.95905172e-01
0.11968 9.94439084e-01
0.12010 9.92963450e-01
0.12051 9.91529256e-01
0.12093 9.90100982e-01
0.12135 9.88674114e-01
0.12177 9.87204252e-01
0.12219 9.85742752e-01
0.12262 9.84373160e-01
0.12304 9.82910772e-01
0.12347 9.81344192e-01
0.12389 9.79762886e-01
0.12432 9.78199858e-01
0.12475 9.76660954e-01
0.12518 9.75188798e-01
0.12562 9.73707614e-01
0.12605 9.72262468e-01
0.12649 9.70835970e-01
0.12693 9.69452836e-01
0.12737 9.68085168e-01
0.12781 9.66710026e-01
0.12825 9.65383058e-01
0.12869 9.63998148e-01
0.12914 9.62542272e-01
0.12959 9.61112518e-01
0.13003 9.59694826e-01
0.13048 9.58220968e-01
0.13094 9.56655942e-01
0.13139 9.55165286e-01
0.13184 9.53746410e-01
0.13230 9.52224230e-01
0.13276 9.50674374e-01
0.13322 9.49208286e-01
0.13368 9.47777866e-01
0.13414 9.46281882e-01
0.13461 9.44796924e-01
0.13507 9.43227606e-01
0.13554 9.41699136e-01
0.13601 9.40180878e-01
0.13648 9.38744390e-01
0.13695 9.37246852e-01
0.13743 9.35749314e-01
0.13790 9.34308460e-01
0.13838 9.32871898e-01
0.13886 9.31418020e-01
0.13934 9.29904054e-01
0.13982 9.28455800e-01
0.14031 9.27025676e-01
0.14079 9.25636326e-01
0.14128 9.24296778e-01
0.14177 9.22880196e-01
0.14226 9.21419362e-01
0.14275 9.20094022e-01
0.14324 9.18785628e-01
0.14374 9.17279358e-01
0.14424 9.15779970e-01
0.14474 9.14242768e-01
0.14524 9.12636672e-01
0.14574 9.11045524e-01
0.14625 9.09444016e-01
0.14675 9.07800106e-01
0.14726 9.06286362e-01
0.14777 9.04765810e-01
0.14828 9.03262278e-01
0.14879 9.01725890e-01
0.14931 9.00212738e-01
0.14983 8.98769294e-01
0.15034 8.97337468e-01
0.15087 8.95858060e-01
0.15139 8.94471374e-01
0.15191 8.93056050e-01
0.15244 8.91652714e-01
0.15297 8.90296960e-01
0.15349 8.88977392e-01
0.15403 8.87538018e-01
0.15456 8.86070450e-01
0.15509 8.84609024e-01
0.15563 8.83105566e-01
0.15617 8.81583016e-01
0.15671 8.80055508e-01
0.15725 8.78545242e-01
0.15780 8.76923606e-01
0.15834 8.75460552e-01
0.15889 8.73954652e-01
0.15944 8.72426478e-01
0.15999 8.70977854e-01
0.16055 8.69518056e-01
0.16110 8.67884728e-01
0.16166 8.66448610e-01
0.16222 8.64898014e-01
0.16278 8.63369544e-01
0.16335 8.61879480e-01
0.16391 8.60397186e-01
0.16448 8.59020490e-01
0.16505 8.57597248e-01
0.16562 8.56303728e-01
0.16619 8.54913194e-01
0.16677 8.53517850e-01
0.16734 8.52165870e-01
0.16792 8.50739668e-01
0.16851 8.49286604e-01
0.16909 8.47926854e-01
0.16967 8.46339628e-01
0.17026 8.44965966e-01
0.17085 8.43619240e-01
0.17144 8.42147084e-01
0.17204 8.40435982e-01
0.17263 8.38698906e-01
0.17323 8.37072534e-01
0.17383 8.35406424e-01
0.17443 8.33830224e-01
0.17503 8.32202890e-01
0.17564 8.30487496e-01
0.17625 8.28997654e-01
0.17686 8.27644120e-01
0.17747 8.26292510e-01
0.17808 8.25016010e-01
0.17870 8.23490648e-01
0.17932 8.22096932e-01
0.17994 8.20909676e-01
0.18056 8.19466454e-01
0.18119 8.18047948e-01
0.18182 8.16611682e-01
0.18244 8.15424204e-01
0.18308 8.14058608e-01
0.18371 8.12547676e-01
0.18435 8.11132500e-01
0.18498 8.09634888e-01
0.18562 8.08145194e-01
0.18627 8.06755030e-01
0.18691 8.05304260e-01
0.18756 8.03567628e-01
0.18821 8.02109754e-01
0.18886 8.00739718e-01
0.18951 7.99381818e-01
0.19017 7.97767212e-01
0.19083 7.96175916e-01
0.19149 7.94827488e-01
0.19215 7.93177954e-01
0.19282 7.91683672e-01
0.19348 7.90049456e-01
0.19415 7.88324220e-01
0.19483 7.86978160e-01
0.19550 7.85681606e-01
0.19618 7.84142702e-01
0.19686 7.82623408e-01
0.19754 7.81183590e-01
0.19822 7.79946384e-01
0.19891 7.78617344e-01
0.19960 7.77307174e-01
0.20029 7.75773968e-01
0.20098 7.74396606e-01
0.20168 7.73015988e-01
0.20237 7.71678808e-01
0.20307 7.70235586e-01
0.20378 7.68753958e-01
0.20448 7.67290830e-01
0.20519 7.65748596e-01
0.20590 7.64128736e-01
0.20661 7.62798660e-01
0.20733 7.61184646e-01
0.20805 7.59518092e-01
0.20877 7.58114164e-01
0.20949 7.56906484e-01
0.21021 7.55418492e-01
0.21094 7.53975936e-01
0.21167 7.52558022e-01
0.21240 7.51364920e-01
0.21314 7.49957218e-01
0.21388 7.48471594e-01
0.21462 7.46940164e-01
0.21536 7.45514554e-01
0.21611 7.44246712e-01
0.21685 7.42724532e-01
0.21760 7.41160024e-01
0.21836 7.40070522e-01
0.21911 7.38661488e-01
0.21987 7.37154034e-01
0.22063 7.35768310e-01
0.22140 7.34446892e-01
0.22216 7.32836504e-01
0.22293 7.31626826e-01
0.22370 7.30183086e-01
0.22448 7.28869512e-01
0.22526 7.27600856e-01
0.22604 7.26213652e-01
0.22682 7.24538588e-01
0.22760 7.23266232e-01
0.22839 7.21684630e-01
0.22918 7.20183540e-01
0.22998 7.18529122e-01
0.23077 7.17093448e-01
0.23157 7.15690926e-01
0.23237 7.14247482e-01
0.23318 7.12851546e-01
0.23398 7.11473148e-01
0.23479 7.09722678e-01
0.23561 7.08801674e-01
0.23642 7.07301176e-01
0.23724 7.05892808e-01
0.23806 7.04620674e-01
0.23889 7.03086062e-01
0.23971 7.01734822e-01
0.24054 7.00337258e-01
0.24137 6.99214382e-01
0.24221 6.97601996e-01
0.24305 6.96134206e-01
0.24389 6.94736420e-01
0.24473 6.93419664e-01
0.24558 6.91924420e-01
0.24643 6.90647402e-01
0.24728 6.89366018e-01
0.24814 6.87845318e-01
0.24900 6.86705126e-01
0.24986 6.85403836e-01
0.25073 6.83916880e-01
0.25159 6.82920544e-01
0.25246 6.80912702e-01
0.25334 6.79886174e-01
0.25422 6.78372652e-01
0.25510 6.76988556e-01
0.25598 6.75520840e-01
0.25687 6.74187804e-01
0.25775 6.72958886e-01
0.25865 6.71455798e-01
0.25954 6.70150734e-01
0.26044 6.68523992e-01
0.26134 6.67588188e-01
0.26225 6.66088134e-01
0.26315 6.64840346e-01
0.26406 6.63436048e-01
0.26498 6.62249310e-01
0.26590 6.61084032e-01
0.26682 6.59443526e-01
0.26774 6.58395834e-01
0.26867 6.56772422e-01
0.26960 6.55516050e-01
0.27053 6.54096952e-01
0.27147 6.52583504e-01
0.27241 6.51563710e-01
0.27335 6.49922686e-01
0.27430 6.48823490e-01
0.27525 6.47325434e-01
0.27620 6.46363212e-01
0.27715 6.44466666e-01
0.27811 6.43576890e-01
0.27908 6.41816282e-01
0.28004 6.40888470e-01
0.28101 6.39052900e-01
0.28198 6.38040062e-01
0.28296 6.36614304e-01
0.28394 6.35107960e-01
0.28492 6.34041620e-01
0.28591 6.32246232e-01
0.28690 6.31176562e-01
0.28789 6.29504088e-01
0.28889 6.28740038e-01
0.28989 6.26965296e-01
0.29089 6.25720098e-01
0.29190 6.24777338e-01
0.29291 6.23261522e-01
0.29392 6.22073896e-01
0.29494 6.20771940e-01
0.29596 6.19488558e-01
0.29699 6.18043338e-01
0.29801 6.17181978e-01
0.29905 6.15493224e-01
0.30008 6.14451822e-01
0.30112 6.12914620e-01
0.30216 6.11850426e-01
0.30321 6.10319366e-01
0.30426 6.09309340e-01
0.30531 6.07773618e-01
0.30637 6.06912776e-01
0.30743 6.05242078e-01
0.30849 6.04203266e-01
0.30956 6.02828346e-01
0.31063 6.01662920e-01
0.31171 6.00435778e-01
0.31279 5.98858098e-01
0.31387 5.97822320e-01
0.31496 5.96299326e-01
0.31605 5.95124206e-01
0.31714 5.93680540e-01
0.31824 5.92339068e-01
0.31934 5.91368040e-01
0.32044 5.90036262e-01
0.32155 5.88658974e-01
0.32267 5.87317946e-01
0.32378 5.86298966e-01
0.32490 5.85025130e-01
0.32603 5.83608252e-01
0.32716 5.82641072e-01
0.32829 5.81000196e-01
0.32943 5.80177390e-01
0.33057 5.78890974e-01
0.33171 5.77561564e-01
0.33286 5.76182870e-01
0.33401 5.75285324e-01
0.33517 5.73759518e-01
0.33633 5.72821124e-01
0.33749 5.71369466e-01
0.33866 5.70376608e-01
0.33983 5.69157236e-01
0.34101 5.67886952e-01
0.34219 5.66493088e-01
0.34337 5.65545962e-01
0.34456 5.64116726e-01
0.34576 5.62957220e-01
0.34695 5.61399298e-01
0.34815 5.60499606e-01
0.34936 5.59068520e-01
0.35057 5.57884224e-01
0.35178 5.56455284e-01
0.35300 5.55129870e-01
0.35422 5.54163134e-01
0.35545 5.52702744e-01
0.35668 5.51612502e-01
0.35791 5.50606620e-01
0.35915 5.49237250e-01
0.36039 5.47985910e-01
0.36164 5.46930522e-01
0.36289 5.45325166e-01
0.36415 5.44908250e-01
0.36541 5.42468618e-01
0.36668 5.42810646e-01
0.36795 5.40327872e-01
0.36922 5.40071684e-01
0.37050 5.38422890e-01
0.37178 5.37291356e-01
0.37307 5.36543808e-01
0.37436 5.34846396e-01
0.37565 5.34238042e-01
0.37695 5.32724298e-01
0.37826 5.31354040e-01
0.37957 5.30907524e-01
0.38088 5.28878962e-01
0.38220 5.28339206e-01
0.38352 5.26924770e-01
0.38485 5.25731002e-01
0.38618 5.24497126e-01
0.38752 5.23662702e-01
0.38886 5.21967954e-01
0.39021 5.21395416e-01
0.39156 5.19861988e-01
0.39291 5.18594886e-01
0.39427 5.17963444e-01
0.39564 5.15905134e-01
0.39701 5.15529140e-01
0.39838 5.14446520e-01
0.39976 5.12482338e-01
0.40115 5.12568622e-01
0.40253 5.10206616e-01
0.40393 5.09607438e-01
0.40533 5.08514976e-01
0.40673 5.07184308e-01
0.40814 5.06493888e-01
0.40955 5.04859598e-01
0.41097 5.04186864e-01
0.41239 5.02628868e-01
0.41382 5.02139876e-01
0.41525 5.00737650e-01
0.41669 4.99382636e-01
0.41813 4.98820680e-01
0.41958 4.97662136e-01
0.42103 4.95736656e-01
0.42249 4.95924098e-01
0.42395 4.93776026e-01
0.42542 4.93116834e-01
0.42689 4.92646416e-01
0.42837 4.90409618e-01
0.42985 4.89584666e-01
0.43134 4.89149916e-01
0.43283 4.87288594e-01
0.43433 4.86673728e-01
0.43583 4.84978832e-01
0.43734 4.84689714e-01
0.43886 4.82655750e-01
0.44037 4.82612090e-01
0.44190 4.80378844e-01
0.44343 4.79958080e-01
0.44496 4.78361382e-01
0.44650 4.77633888e-01
0.44805 4.76360422e-01
0.44960 4.75022354e-01
0.45116 4.74492366e-01
0.45272 4.72920680e-01
0.45429 4.72001082e-01
0.45586 4.71194260e-01
0.45744 4.69454150e-01
0.45902 4.69323614e-01
0.46061 4.67598378e-01
0.46220 4.66624760e-01
0.46380 4.65817420e-01
0.46541 4.64043788e-01
0.46702 4.64346004e-01
0.46864 4.61875070e-01
0.47026 4.61646410e-01
0.47189 4.60519760e-01
0.47352 4.59176216e-01
0.47516 4.58760706e-01
0.47680 4.56780836e-01
0.47845 4.56703358e-01
0.48011 4.55036582e-01
0.48177 4.54104108e-01
0.48344 4.53025632e-01
0.48511 4.52249742e-01
0.48679 4.50855064e-01
0.48848 4.49526172e-01
0.49017 4.49210044e-01
0.49186 4.48155174e-01
0.49357 4.45725976e-01
0.49528 4.46400782e-01
0.49699 4.44619824e-01
0.49871 4.43190440e-01
0.50044 4.42988568e-01
0.50217 4.41899658e-01
0.50391 4.40355648e-01
0.50565 4.39464614e-01
0.50740 4.39077890e-01
0.50916 4.37978176e-01
0.51092 4.35531958e-01
0.51269 4.36284020e-01
0.51446 4.35524114e-01
0.51625 4.32836582e-01
0.51803 4.32969930e-01
0.51983 4.32611696e-01
0.52163 4.30335086e-01
0.52343 4.29744492e-01
0.52524 4.29217982e-01
0.52706 4.28557680e-01
0.52889 4.26478724e-01
0.53072 4.27336828e-01
0.53255 4.24541404e-01
0.53440 4.24772580e-01
0.53625 4.23600642e-01
0.53810 4.21544552e-01
0.53997 4.22237858e-01
0.54183 4.20155498e-01
0.54371 4.19615446e-01
0.54559 4.18502930e-01
0.54748 4.17494902e-01
0.54938 4.16915556e-01
0.55128 4.15687378e-01
0.55319 4.14425678e-01
0.55510 4.14100300e-01
0.55702 4.12725454e-01
0.55895 4.11787948e-01
0.56089 4.10671436e-01
0.56283 4.10916598e-01
0.56478 4.08315646e-01
0.56673 4.07634550e-01
0.56869 4.08866502e-01
0.57066 4.05392350e-01
0.57264 4.05256264e-01
0.57462 4.05241982e-01
0.57661 4.02977952e-01
0.57860 4.03278910e-01
0.58061 4.01831840e-01
0.58262 4.00820186e-01
0.58463 4.00301002e-01
0.58666 3.99232590e-01
0.58869 3.97985098e-01
0.59073 3.97995680e-01
0.59277 3.96612472e-01
0.59482 3.94357544e-01
0.59688 3.95368976e-01
0.59895 3.94770020e-01
0.60102 3.91580546e-01
0.60310 3.91354328e-01
0.60519 3.91749192e-01
0.60728 3.90859638e-01
0.60939 3.87783902e-01
0.61150 3.88120232e-01
0.61361 3.88198524e-01
0.61574 3.86370280e-01
0.61787 3.85238672e-01
0.62001 3.84112688e-01
0.62215 3.84150798e-01
0.62431 3.83973864e-01
0.62647 3.81007130e-01
0.62864 3.80316636e-01
0.63081 3.80806812e-01
0.63300 3.80282596e-01
0.63519 3.77574344e-01
0.63739 3.77744174e-01
0.63959 3.76944678e-01
0.64181 3.76193874e-01
0.64403 3.75080322e-01
0.64626 3.74305394e-01
0.64849 3.72591998e-01
0.65074 3.73578492e-01
0.65299 3.71770820e-01
0.65525 3.69968550e-01
0.65752 3.69774226e-01
0.65980 3.69912976e-01
0.66208 3.67504202e-01
0.66437 3.67211606e-01
0.66667 3.66490920e-01
0.66898 3.66122770e-01
0.67130 3.63789032e-01
0.67362 3.63720212e-01
0.67595 3.63476604e-01
0.67829 3.61671004e-01
0.68064 3.60991092e-01
0.68299 3.59855118e-01
0.68536 3.59692170e-01
0.68773 3.59037566e-01
0.69011 3.57321950e-01
0.69250 3.55904554e-01
0.69490 3.56106426e-01
0.69730 3.55801546e-01
0.69972 3.54206106e-01
0.70214 3.53630312e-01
0.70457 3.51734580e-01
0.70701 3.51681152e-01
0.70946 3.51567118e-01
0.71191 3.50310820e-01
0.71438 3.49233824e-01
0.71685 3.47432812e-01
0.71933 3.48061146e-01
0.72182 3.46852726e-01
0.72432 3.46688816e-01
0.72683 3.44872190e-01
0.72934 3.43054306e-01
0.73187 3.42879666e-01
0.73440 3.44077652e-01
0.73694 3.42093342e-01
0.73949 3.39443550e-01
0.74205 3.39707952e-01
0.74462 3.40311792e-01
0.74720 3.38274350e-01
0.74979 3.37089536e-01
0.75238 3.37682498e-01
0.75499 3.34446848e-01
0.75760 3.35581712e-01
0.76022 3.34640506e-01
0.76285 3.33668960e-01
0.76549 3.32666334e-01
0.76814 3.31295336e-01
0.77080 3.32052208e-01
0.77347 3.29593780e-01
0.77615 3.30164986e-01
0.77884 3.29069786e-01
0.78153 3.27918494e-01
0.78424 3.27636850e-01
0.78695 3.25766944e-01
0.78968 3.27807198e-01
0.79241 3.25030718e-01
0.79515 3.23912800e-01
0.79790 3.23445416e-01
0.80067 3.23828144e-01
0.80344 3.22020102e-01
0.80622 3.22129844e-01
0.80901 3.20722808e-01
0.81181 3.20695798e-01
0.81462 3.18409198e-01
0.81744 3.19220904e-01
0.82027 3.18565782e-01
0.82311 3.17393252e-01
0.82596 3.17330870e-01
0.82882 3.14947848e-01
0.83169 3.14810652e-01
0.83457 3.15306822e-01
0.83745 3.13996060e-01
0.84035 3.14297166e-01
0.84326 3.11400362e-01
0.84618 3.11640936e-01
0.84911 3.11714196e-01
0.85205 3.10981004e-01
0.85500 3.09914960e-01
0.85796 3.09186208e-01
0.86093 3.08425266e-01
0.86391 3.07493532e-01
0.86690 3.07641162e-01
0.86990 3.07563388e-01
0.87291 3.04870602e-01
0.87593 3.06129490e-01
0.87897 3.05203380e-01
0.88201 3.02458498e-01
0.88506 3.03684974e-01
0.88813 3.03904088e-01
0.89120 3.01419146e-01
0.89428 3.02742584e-01
0.89738 2.99991042e-01
0.90049 2.98965476e-01
0.90360 3.01049634e-01
0.90673 2.98390881e-01
0.90987 2.98938836e-01
0.91302 2.97890256e-01
0.91618 2.96327524e-01
0.91935 2.95407497e-01
0.92253 2.96717282e-01
0.92573 2.94812004e-01
0.92893 2.95182581e-01
0.93215 2.94046933e-01
0.93537 2.93012531e-01
0.93861 2.91794136e-01
0.94186 2.91991975e-01
0.94512 2.91515252e-01
0.94839 2.91276203e-01
0.95168 2.91278955e-01
0.95497 2.88782262e-01
0.95828 2.87756008e-01
0.96159 2.87869946e-01
0.96492 2.87988708e-01
0.96826 2.87813854e-01
0.97161 2.86407047e-01
0.97498 2.85434569e-01
0.97835 2.85311758e-01
0.98174 2.84206398e-01
0.98514 2.83079800e-01
0.98855 2.83356212e-01
0.99197 2.83823041e-01
0.99540 2.81999000e-01
0.99885 2.82621991e-01
1.00231 2.78347145e-01
1.00578 2.79660334e-01
1.00926 2.80292723e-01
1.01275 2.79760818e-01
1.01626 2.77897706e-01
1.01978 2.78275335e-01
1.02330 2.78198678e-01
1.02685 2.75537542e-01
1.03040 2.75310103e-01
1.03397 2.74421918e-01
1.03755 2.74762207e-01
1.04114 2.76227688e-01
1.04474 2.73834329e-01
1.04836 2.71887722e-01
1.05199 2.70877451e-01
1.05563 2.71376189e-01
1.05928 2.71685258e-01
1.06295 2.71926905e-01
1.06663 2.69356293e-01
1.07032 2.67814103e-01
1.07403 2.70927076e-01
1.07775 2.67969377e-01
1.08148 2.65821305e-01
1.08522 2.66293144e-01
1.08898 2.66961364e-01
1.09275 2.65790136e-01
1.09653 2.65844637e-01
1.10032 2.65957902e-01
1.10413 2.62279539e-01
1.10796 2.61265384e-01
1.11179 2.64000794e-01
1.11564 2.64044018e-01
1.11950 2.60599377e-01
1.12338 2.61285956e-01
1.12726 2.60442541e-01
1.13117 2.60324637e-01
1.13508 2.59203826e-01
1.13901 2.58176683e-01
1.14295 2.58076347e-01
1.14691 2.56733898e-01
1.15088 2.56834479e-01
1.15487 2.58325098e-01
1.15886 2.58274149e-01
1.16287 2.53308778e-01
1.16690 2.52992658e-01
1.17094 2.53231730e-01
1.17499 2.52768756e-01
1.17906 2.53782401e-01
1.18314 2.55643034e-01
1.18724 2.52167898e-01
1.19135 2.51472454e-01
1.19547 2.47980038e-01
1.19961 2.47963462e-01
1.20376 2.49347980e-01
1.20793 2.49944287e-01
1.21211 2.49727534e-01
1.21630 2.51025101e-01
1.22052 2.46102044e-01
1.22474 2.44288918e-01
1.22898 2.44067222e-01
1.23323 2.44570814e-01
1.23750 2.46451901e-01
1.24179 2.45622643e-01
1.24609 2.45287645e-01
1.25040 2.43487720e-01
1.25473 2.39733190e-01
1.25907 2.40371181e-01
1.26343 2.42938034e-01
1.26780 2.42515886e-01
1.27219 2.38865495e-01
1.27659 2.39883232e-01
1.28101 2.38072060e-01
1.28545 2.37357087e-01
1.28990 2.38403550e-01
1.29436 2.39125842e-01
1.29884 2.37708609e-01
1.30334 2.36548733e-01
1.30785 2.32770626e-01
1.31238 2.32099757e-01
1.31692 2.33189962e-01
1.32148 2.35524543e-01
1.32605 2.35709299e-01
1.33064 2.34624074e-01
1.33525 2.31778967e-01
1.33987 2.30182469e-01
1.34451 2.27347558e-01
1.34916 2.26425526e-01
1.35383 2.29809072e-01
1.35852 2.32971203e-01
1.36322 2.30358751e-01
1.36794 2.30363465e-01
1.37268 2.25909176e-01
1.37743 2.23262869e-01
1.38220 2.22954948e-01
1.38698 2.24037775e-01
1.39178 2.26340374e-01
1.39660 2.26621189e-01
1.40144 2.25209787e-01
1.40629 2.24634348e-01
1.41115 2.21801569e-01
1.41604 2.20003095e-01
1.42094 2.19003740e-01
1.42586 2.19219805e-01
1.43080 2.20099051e-01
1.43575 2.21141785e-01
1.44072 2.21228491e-01
1.44571 2.20052623e-01
1.45071 2.17221761e-01
1.45573 2.16077913e-01
1.46077 2.15547267e-01
1.46583 2.14530181e-01
1.47090 2.14869360e-01
1.47599 2.15155503e-01
1.48110 2.17576902e-01
1.48623 2.16419357e-01
1.49137 2.13252223e-01
1.49654 2.11881595e-01
1.50172 2.09036103e-01
1.50692 2.11921459e-01
1.51213 2.13366960e-01
1.51737 2.11420420e-01
1.52262 2.09399909e-01
1.52789 2.08150700e-01
1.53318 2.11141114e-01
1.53849 2.10355249e-01
1.54381 2.09465658e-01
1.54916 2.07168661e-01
1.55452 2.04946360e-01
1.55990 2.05983610e-01
1.56530 2.06730063e-01
1.57072 2.04951310e-01
1.57615 2.05991684e-01
1.58161 2.06311223e-01
1.58709 2.06836142e-01
1.59258 2.04150830e-01
1.59809 2.02221865e-01
1.60362 2.00641698e-01
1.60918 2.00917341e-01
1.61475 2.03204488e-01
1.62034 2.03527580e-01
1.62594 2.02601026e-01
1.63157 1.99977104e-01
1.63722 2.00759839e-01
1.64289 1.98676058e-01
1.64857 2.00243919e-01
1.65428 2.00060702e-01
1.66001 2.00569378e-01
1.66575 1.99870692e-01
1.67152 1.97368686e-01
1.67731 1.94334678e-01
1.68311 1.96047512e-01
1.68894 1.97707768e-01
1.69478 2.01074369e-01
1.70065 1.97216542e-01
1.70654 1.96438942e-01
1.71245 1.93513922e-01
1.71837 1.93076153e-01
1.72432 1.96107363e-01
1.73029 1.93952727e-01
1.73628 1.96004288e-01
1.74229 1.91999312e-01
1.74832 1.95601455e-01
1.75437 1.97043589e-01
1.76045 1.95539531e-01
1.76654 1.88920194e-01
1.77266 1.88186566e-01
1.77879 1.92470063e-01
1.78495 1.93066296e-01
1.79113 1.93853160e-01
1.79733 1.92099197e-01
1.80355 1.89470081e-01
1.80979 1.93604483e-01
1.81606 1.91658143e-01
1.82234 1.88210742e-01
1.82865 1.89857908e-01
1.83498 1.92275850e-01
1.84133 1.87303309e-01
1.84771 1.87700993e-01
1.85410 1.88786513e-01
1.86052 1.87245523e-01
1.86696 1.90831822e-01
1.87342 1.91124958e-01
1.87991 1.89437003e-01
1.88642 1.91304482e-01
1.89295 1.85959151e-01
1.89950 1.84311008e-01
1.90607 1.84888452e-01
1.91267 1.83510572e-01
1.91929 1.87113773e-01
1.92594 1.89779408e-01
1.93260 1.89603525e-01
1.93929 1.89059226e-01
1.94601 1.87054913e-01
1.95274 1.86520145e-01
1.95950 1.83003680e-01
1.96629 1.85824360e-01
1.97309 1.80807108e-01
1.97992 1.84163053e-01
1.98678 1.81912032e-01
1.99365 1.86868996e-01
2.00055 1.90312097e-01
2.00748 1.89181474e-01
2.01443 1.84503874e-01
2.02140 1.83079737e-01
2.02840 1.81659004e-01
2.03542 1.79728691e-01
2.04247 1.83159243e-01
2.04954 1.81157580e-01
2.05663 1.84413750e-01
2.06375 1.82824274e-01
2.07090 1.90226265e-01
2.07806 1.85388907e-01
2.08526 1.77782314e-01
2.09247 1.79364375e-01
2.09972 1.83328680e-01
2.10699 1.85403907e-01
2.11428 1.81434384e-01
2.12160 1.82523116e-01
2.12894 1.76996715e-01
2.13631 1.77159678e-01
2.14371 1.82400876e-01
2.15113 1.84627795e-01
2.15857 1.82985446e-01
2.16605 1.81429123e-01
2.17354 1.80992278e-01
2.18107 1.80720447e-01
2.18862 1.77183750e-01
2.19619 1.77830429e-01
2.20380 1.82105468e-01
2.21143 1.78200902e-01
2.21908 1.80488686e-01
2.22676 1.80354776e-01
2.23447 1.76876095e-01
2.24220 1.75805056e-01
2.24997 1.78996373e-01
2.25775 1.81718085e-01
2.26557 1.81843397e-01
2.27341 1.79441194e-01
2.28128 1.78352536e-01
2.28918 1.74402919e-01
2.29710 1.72885401e-01
2.30505 1.74354848e-01
2.31303 1.77191194e-01
2.32104 1.79423079e-01
2.32908 1.80809195e-01
2.33714 1.77898590e-01
2.34523 1.74924449e-01
2.35335 1.74051996e-01
2.36149 1.72796312e-01
2.36967 1.74782110e-01
2.37787 1.78783512e-01
2.38610 1.76180976e-01
2.39436 1.75304631e-01
2.40265 1.74975338e-01
2.41097 1.70724468e-01
2.41931 1.70979923e-01
2.42769 1.72893163e-01
2.43609 1.75388895e-01
2.44452 1.77938128e-01
2.45298 1.76369743e-01
2.46148 1.73575547e-01
2.47000 1.70084479e-01
2.47855 1.66627828e-01
2.48713 1.69482281e-01
2.49574 1.70781055e-01
2.50438 1.71840062e-01
2.51304 1.76181198e-01
2.52174 1.74559592e-01
2.53047 1.72928595e-01
2.53923 1.66896699e-01
2.54802 1.66955181e-01
2.55684 1.66492526e-01
2.56569 1.67777987e-01
2.57457 1.73079162e-01
2.58349 1.72376288e-01
2.59243 1.70153062e-01
2.60140 1.67272175e-01
2.61041 1.65385493e-01
2.61944 1.63156451e-01
2.62851 1.64960112e-01
2.63761 1.68390863e-01
2.64674 1.68187955e-01
2.65590 1.71564812e-01
2.66510 1.69201422e-01
2.67432 1.65200627e-01
2.68358 1.61572577e-01
2.69287 1.60437387e-01
2.70219 1.62407970e-01
2.71154 1.65427474e-01
2.72093 1.67401905e-01
2.73035 1.66161087e-01
2.73980 1.64846966e-01
2.74928 1.62519488e-01
2.75880 1.60452343e-01
2.76835 1.59907584e-01
2.77793 1.59401217e-01
2.78755 1.60299673e-01
2.79720 1.61814808e-01
2.80688 1.62139979e-01
2.81660 1.62806260e-01
2.82635 1.61149763e-01
2.83613 1.58658190e-01
2.84595 1.57464822e-01
2.85580 1.57143322e-01
2.86569 1.58083247e-01
2.87561 1.57932458e-01
2.88556 1.58582570e-01
2.89555 1.59656665e-01
2.90557 1.58170079e-01
2.91563 1.56684692e-01
2.92572 1.54325320e-01
2.93585 1.53455406e-01
2.94601 1.53621743e-01
2.95621 1.54951160e-01
2.96644 1.55012913e-01
2.97671 1.54163416e-01
2.98702 1.54946979e-01
2.99736 1.54201452e-01
3.00773 1.52815876e-01
3.01814 1.51635775e-01
3.02859 1.50252079e-01
3.03907 1.49731733e-01
3.04960 1.50326878e-01
3.06015 1.51449088e-01
3.07074 1.52082395e-01
3.08137 1.52620641e-01
3.09204 1.51530251e-01
3.10274 1.49230768e-01
3.11348 1.47296297e-01
3.12426 1.45748417e-01
3.13508 1.45343541e-01
3.14593 1.46345545e-01
3.15682 1.47620432e-01
3.16775 1.48216050e-01
3.17871 1.47709594e-01
3.18972 1.46406699e-01
3.20076 1.44241229e-01
3.21184 1.42660315e-01
3.22295 1.42093335e-01
3.23411 1.42220815e-01
3.24531 1.43103057e-01
3.25654 1.43993795e-01
3.26781 1.44443752e-01
3.27912 1.44258745e-01
3.29047 1.43118449e-01
3.30187 1.41536130e-01
3.31330 1.40093285e-01
3.32476 1.39059194e-01
3.33627 1.38510129e-01
3.34782 1.38661666e-01
3.35941 1.39347787e-01
3.37104 1.40143923e-01
3.38271 1.40367618e-01
3.39442 1.39236987e-01
3.40617 1.37400736e-01
3.41796 1.35631640e-01
3.42979 1.34233787e-01
3.44166 1.33606985e-01
3.45358 1.33957538e-01
3.46553 1.34937468e-01
3.47753 1.35911227e-01
3.48957 1.36139450e-01
3.50164 1.35145282e-01
3.51377 1.33418774e-01
3.52593 1.31687743e-01
3.53814 1.30620212e-01
3.55038 1.30563639e-01
3.56267 1.31303669e-01
3.57500 1.32271485e-01
3.58738 1.32821801e-01
3.59980 1.32448619e-01
3.61226 1.31141061e-01
3.62476 1.29439808e-01
3.63731 1.27965040e-01
3.64990 1.27126798e-01
3.66254 1.26946645e-01
3.67521 1.27157663e-01
3.68794 1.27388454e-01
3.70070 1.27342930e-01
3.71351 1.26913937e-01
3.72637 1.26149680e-01
3.73927 1.25216702e-01
3.75221 1.24365170e-01
3.76520 1.23798152e-01
3.77823 1.23512290e-01
3.79131 1.23337006e-01
3.80443 1.23126010e-01
3.81760 1.22858589e-01
3.83082 1.22567036e-01
3.84408 1.22273863e-01
3.85739 1.21970678e-01
3.87074 1.21633341e-01
3.88414 1.21237175e-01
3.89758 1.20744971e-01
3.91107 1.20166410e-01
3.92461 1.19620497e-01
3.93820 1.19226129e-01
3.95183 1.18975964e-01
3.96551 1.18754134e-01
3.97924 1.18425308e-01
3.99301 1.17907937e-01
4.00683 1.17208519e-01
4.02070 1.16420308e-01
4.03462 1.15686250e-01
4.04859 1.15127187e-01
4.06260 1.14767851e-01
4.07667 1.14528660e-01
4.09078 1.14286873e-01
4.10494 1.13946295e-01
4.11915 1.13479377e-01
4.13341 1.12929483e-01
4.14771 1.12373677e-01
4.16207 1.11883945e-01
4.17648 1.11505191e-01
4.19094 1.11239027e-01
4.20545 1.11039760e-01
4.22000 1.10833944e-01
4.23461 1.10559493e-01
4.24927 1.10199771e-01
4.26398 1.09785808e-01
4.27874 1.09372192e-01
4.29355 1.09006307e-01
4.30841 1.08700561e-01
4.32332 1.08422195e-01
4.33829 1.08111240e-01
4.35331 1.07716879e-01
4.36838 1.07229263e-01
4.38350 1.06686126e-01
4.39867 1.06149152e-01
4.41390 1.05667464e-01
4.42918 1.05253271e-01
4.44451 1.04881155e-01
4.45990 1.04505849e-01
4.47533 1.04087823e-01
4.49083 1.03614992e-01
4.50637 1.03109661e-01
4.52197 1.02614609e-01
4.53762 1.02167108e-01
4.55333 1.01778660e-01
4.56909 1.01432355e-01
4.58491 1.01095796e-01
4.60078 1.00740670e-01
4.61670 1.00357808e-01
4.63269 9.99601028e-02
4.64872 9.95722392e-02
4.66481 9.92150708e-02
4.68096 9.88954204e-02
4.69717 9.86059028e-02
4.71343 9.83318068e-02
4.72974 9.80586062e-02
4.74611 9.77763702e-02
4.76254 9.74803554e-02
4.77903 9.71693408e-02
4.79557 9.68436964e-02
4.81217 9.65043250e-02
4.82883 9.61524328e-02
4.84555 9.57893592e-02
4.86232 9.54155186e-02
4.87915 9.50298232e-02
4.89604 9.46301122e-02
4.91299 9.42152016e-02
4.92999 9.37867564e-02
4.94706 9.33500750e-02
4.96418 9.29129940e-02
4.98137 9.24831946e-02
4.99861 9.20654276e-02
5.01591 9.16601370e-02
5.03328 9.12642962e-02
5.05070 9.08739018e-02
5.06818 9.04864600e-02
5.08573 9.01024000e-02
5.10333 8.97247410e-02
5.12100 8.93575974e-02
5.13873 8.90042104e-02
5.15651 8.86655790e-02
5.17436 8.83401862e-02
5.19228 8.80248352e-02
5.21025 8.77163292e-02
5.22828 8.74128626e-02
5.24638 8.71147610e-02
5.26454 8.68239114e-02
5.28277 8.65423266e-02
5.30105 8.62706208e-02
5.31940 8.60072918e-02
5.33782 8.57490022e-02
5.35629 8.54917338e-02
5.37484 8.52319568e-02
5.39344 8.49672440e-02
5.41211 8.46961820e-02
5.43084 8.44177422e-02
5.44965 8.41306888e-02
5.46851 8.38334752e-02
5.48744 8.35246362e-02
5.50643 8.32032912e-02
5.52550 8.28695808e-02
5.54462 8.25246446e-02
5.56381 8.21702734e-02
5.58308 8.18083764e-02
5.60240 8.14407296e-02
5.62179 8.10687834e-02
5.64125 8.06938698e-02
5.66078 8.03172912e-02
5.68038 7.99405054e-02
5.70004 7.95650368e-02
5.71977 7.91923358e-02
5.73957 7.88236456e-02
5.75944 7.84598690e-02
5.77938 7.81017090e-02
5.79938 7.77496688e-02
5.81946 7.74042516e-02
5.83960 7.70659606e-02
5.85982 7.67353064e-02
5.88010 7.64127108e-02
5.90045 7.60984624e-02
5.92088 7.57926944e-02
5.94137 7.54954216e-02
5.96194 7.52065404e-02
5.98258 7.49258954e-02
6.00329 7.46532350e-02
6.02407 7.43881670e-02
6.04492 7.41302252e-02
6.06585 7.38788324e-02
6.08684 7.36332412e-02
6.10791 7.33925784e-02
6.12906 7.31558376e-02
6.15027 7.29218274e-02
6.17156 7.26892380e-02
6.19293 7.24567374e-02
6.21436 7.22229344e-02
6.23588 7.19865562e-02
6.25746 7.17464410e-02
6.27912 7.15016194e-02
6.30086 7.12512996e-02
6.32267 7.09949044e-02
6.34455 7.07320712e-02
6.36652 7.04626964e-02
6.38856 7.01868540e-02
6.41067 6.99048622e-02
6.43286 6.96171576e-02
6.45513 6.93243470e-02
6.47747 6.90270964e-02
6.49990 6.87261532e-02
6.52240 6.84222870e-02
6.54497 6.81162674e-02
6.56763 6.78088418e-02
6.59037 6.75007724e-02
6.61318 6.71927696e-02
6.63607 6.68855290e-02
6.65904 6.65796796e-02
6.68209 6.62758282e-02
6.70522 6.62079702e-02
6.72843 6.69277978e-02
6.75172 6.76244856e-02
6.77510 6.83402654e-02
6.79855 6.91139576e-02
6.82208 6.98463430e-02
6.84570 7.06411030e-02
6.86939 7.14673204e-02
6.89317 7.23321066e-02
6.91704 7.31867770e-02
6.94098 7.40543160e-02
6.96500 7.50414168e-02
6.98911 7.59736688e-02
7.01331 7.69391468e-02
7.03759 7.79181890e-02
7.06195 7.89455384e-02
7.08639 7.99980552e-02
7.11092 8.11155514e-02
7.13554 8.21634062e-02
7.16024 8.32961390e-02
7.18502 8.43894298e-02
7.20990 8.54866870e-02
7.23485 8.66512398e-02
7.25990 8.78180940e-02
7.28503 8.90021088e-02
7.31025 9.02001984e-02
7.33555 9.14138058e-02
7.36094 9.26228918e-02
7.38642 9.38732920e-02
7.41199 9.51362648e-02
7.43765 9.63856216e-02
7.46340 9.77068324e-02
7.48923 9.90938810e-02
7.51516 1.00428871e-01
7.54117 1.01853089e-01
7.56727 1.03285470e-01
7.59347 1.04751026e-01
7.61975 1.06284735e-01
7.64613 1.07856695e-01
7.67260 1.09484961e-01
7.69916 1.11175913e-01
7.72581 1.12864149e-01
7.75255 1.14672635e-01
7.77939 1.16512600e-01
7.80632 1.18430207e-01
7.83334 1.20413281e-01
7.86046 1.22432230e-01
7.88767 1.24502262e-01
7.91497 1.26700721e-01
7.94237 1.28927003e-01
7.96986 1.31234982e-01
7.99745 1.33545898e-01
8.02513 1.36012244e-01
8.05291 1.38584218e-01
8.08079 1.41134465e-01
8.10876 1.43814915e-01
8.13683 1.46566487e-01
8.16500 1.49399384e-01
8.19326 1.52352310e-01
8.22162 1.55391483e-01
8.25008 1.58562760e-01
8.27864 1.61824969e-01
8.30730 1.65193989e-01
8.33605 1.68741749e-01
8.36491 1.72394581e-01
8.39386 1.76214224e-01
8.42292 1.80179337e-01
8.45208 1.84321923e-01
8.48133 1.88641000e-01
8.51069 1.93157767e-01
8.54016 1.97917285e-01
8.56972 2.02868706e-01
8.59938 2.08116964e-01
8.62915 2.13577475e-01
8.65902 2.19396835e-01
8.68899 2.25558053e-01
8.71907 2.32087739e-01
8.74925 2.39001167e-01
8.77954 2.46364182e-01
8.80993 2.54254062e-01
8.84043 2.62759925e-01
8.87103 2.71868385e-01
8.90174 2.81763495e-01
8.93255 2.92504447e-01
8.96347 3.04237310e-01
8.99450 3.17162409e-01
9.02563 3.31383011e-01
9.05688 3.47127155e-01
9.08823 3.64510976e-01
9.11969 3.83532987e-01
9.15126 4.03860173e-01
9.18294 4.24540871e-01
9.21472 4.43587724e-01
9.24662 4.58598920e-01
9.27863 4.69043295e-01
9.31075 4.77346206e-01
9.34298 4.87528517e-01
9.37532 5.01763172e-01
9.40777 5.21022745e-01
9.44034 5.43925715e-01
9.47302 5.66797746e-01
9.50581 5.85914462e-01
9.53871 5.99220032e-01
9.57173 6.08440950e-01
9.60487 6.19583426e-01
9.63811 6.38026002e-01
9.67148 6.65068488e-01
9.70495 6.98438640e-01
9.73855 7.33563850e-01
9.77226 7.66493184e-01
9.80609 7.96219354e-01
9.84003 8.23092158e-01
9.87409 8.47076594e-01
9.90827 8.68129742e-01
9.94257 8.87738632e-01
9.97699 9.08225310e-01
10.01153 9.32663588e-01
10.04618 9.64257962e-01
10.08096 1.00466418e+00
10.11585 1.05852516e+00
10.15087 1.13664259e+00
10.18601 1.22811295e+00
10.22127 1.27825817e+00
10.25665 1.25963577e+00
10.29215 1.23609060e+00
10.32778 1.23929043e+00
10.36353 1.25746883e+00
10.39941 1.27521277e+00
10.43540 1.27535063e+00
10.47153 1.24395258e+00
10.50777 1.23422839e+00
10.54415 1.25128176e+00
10.58065 1.25733652e+00
10.61727 1.25277175e+00
10.65403 1.24157133e+00
10.69091 1.22670259e+00
10.72791 1.21530910e+00
10.76505 1.21661913e+00
10.80231 1.23447607e+00
10.83971 1.26342235e+00
10.87723 1.28779936e+00
10.91488 1.30176286e+00
10.95266 1.31118876e+00
10.99058 1.31735873e+00
11.02862 1.31646333e+00
11.06680 1.30471183e+00
11.10511 1.28174305e+00
11.14355 1.24929486e+00
11.18212 1.21041726e+00
11.22083 1.16975581e+00
11.25967 1.13143306e+00
11.29865 1.09892398e+00
11.33776 1.07675550e+00
11.37701 1.06946561e+00
11.41639 1.08217948e+00
11.45591 1.11814755e+00
11.49556 1.17122457e+00
11.53536 1.22328497e+00
11.57529 1.25878381e+00
11.61536 1.27610891e+00
11.65556 1.28353437e+00
11.69591 1.29246417e+00
11.73640 1.31158125e+00
11.77702 1.34258666e+00
11.81779 1.38070591e+00
11.85870 1.42476618e+00
11.89975 1.46488358e+00
11.94094 1.41672179e+00
11.98227 1.32057211e+00
12.02375 1.25437548e+00
12.06537 1.20398888e+00
12.10714 1.15889580e+00
12.14905 1.11843237e+00
12.19110 1.08392721e+00
12.23330 1.05696057e+00
12.27565 1.03316950e+00
12.31814 1.00520978e+00
12.36078 9.73719454e-01
12.40357 9.42972084e-01
12.44651 9.13518160e-01
12.48959 8.83450924e-01
12.53283 8.52079512e-01
12.57621 8.21787834e-01
12.61974 7.95403504e-01
12.66343 7.73835390e-01
12.70726 7.55685854e-01
12.75125 7.38323530e-01
12.79539 7.19519834e-01
12.83968 6.98333412e-01
12.88413 6.74828496e-01
12.92873 6.49622024e-01
12.97348 6.23691166e-01
13.01839 5.98144664e-01
13.06345 5.73795926e-01
13.10867 5.51313098e-01
13.15405 5.31064182e-01
13.19959 5.13207834e-01
13.24528 4.97671756e-01
13.29113 4.84308614e-01
13.33713 4.72903734e-01
13.38330 4.63225274e-01
13.42963 4.54963692e-01
13.47612 4.47866870e-01
13.52277 4.41652350e-01
13.56958 4.36031310e-01
13.61655 4.30881576e-01
13.66368 4.25968494e-01
13.71098 4.21199638e-01
13.75844 4.16488280e-01
13.80607 4.11859432e-01
13.85386 4.07274614e-01
13.90182 4.02800056e-01
13.94994 3.98479862e-01
13.99823 3.94388994e-01
14.04668 3.90571926e-01
14.09531 3.87096368e-01
14.14410 3.84048382e-01
14.19306 3.81419606e-01
14.24219 3.79297360e-01
14.29149 3.77675280e-01
14.34096 3.76633508e-01
14.39060 3.76198610e-01
14.44042 3.76369772e-01
14.49041 3.77159500e-01
14.54057 3.78679978e-01
14.59090 3.80938384e-01
14.64141 3.83956178e-01
14.69209 3.87830226e-01
14.74295 3.92599600e-01
14.79398 3.98375448e-01
14.84519 4.05266846e-01
14.89658 4.13368588e-01
14.94814 4.22875368e-01
14.99989 4.34016660e-01
15.05181 4.46968732e-01
15.10392 4.62050894e-01
15.15620 4.79565066e-01
15.20866 4.99899156e-01
15.26131 5.23197390e-01
15.31414 5.49528144e-01
15.36715 5.78431730e-01
15.42034 6.08832114e-01
15.47372 6.38907564e-01
15.52729 6.66916120e-01
15.58103 6.91008670e-01
15.63497 7.09561802e-01
15.68909 7.21876808e-01
15.74340 7.29049702e-01
15.79790 7.34363568e-01
15.85258 7.42196838e-01
15.90746 7.56177066e-01
15.96252 7.77799126e-01
16.01778 8.06360314e-01
16.07323 8.39476942e-01
16.12886 8.73714818e-01
16.18470 9.05810172e-01
16.24072 9.33064816e-01
16.29694 9.54021542e-01
16.35335 9.68255368e-01
16.40996 9.76100700e-01
16.46677 9.78763960e-01
16.52377 9.78537668e-01
16.58097 9.78298130e-01
16.63836 9.80866152e-01
16.69596 9.88092104e-01
16.75375 9.99773300e-01
16.81175 1.01528636e+00
16.86994 1.03309365e+00
16.92834 1.05132873e+00
16.98694 1.06810179e+00
17.04574 1.08220915e+00
17.10474 1.09349437e+00
17.16395 1.10266823e+00
17.22337 1.11130040e+00
17.28299 1.12187722e+00
17.34281 1.13705795e+00
17.40285 1.15872441e+00
17.46309 1.18728434e+00
17.52354 1.22166282e+00
17.58420 1.25968579e+00
17.64507 1.29857524e+00
17.70615 1.33517719e+00
17.76744 1.36599834e+00
17.82894 1.38791218e+00
17.89066 1.39999024e+00
17.95259 1.40478618e+00
18.01473 1.40726570e+00
18.07709 1.41387086e+00
18.13967 1.42975245e+00
18.20246 1.45671287e+00
18.26547 1.49300535e+00
18.32870 1.53394134e+00
18.39214 1.57606436e+00
18.45581 1.62079292e+00
18.51969 1.67149113e+00
18.58380 1.72860877e+00
18.64813 1.78771664e+00
18.71268 1.84394325e+00
18.77746 1.89407018e+00
18.84246 1.93766484e+00
18.90768 1.97617488e+00
18.97313 2.01188899e+00
19.03881 2.04707066e+00
19.10472 2.08256335e+00
19.17085 2.11643678e+00
19.23721 2.14447412e+00
19.30380 2.16208649e+00
19.37062 2.16714809e+00
19.43768 2.16161970e+00
19.50496 2.15019632e+00
19.57248 2.13790514e+00
19.64023 2.12876755e+00
19.70822 2.12313874e+00
19.77644 2.11918233e+00
19.84490 2.11427050e+00
19.91359 2.10638166e+00
19.98252 2.09515963e+00
20.05169 2.08091152e+00
20.12110 2.06356999e+00
20.19076 2.04499022e+00
20.26065 2.02600463e+00
20.33078 2.00838042e+00
20.40116 1.99365405e+00
20.47178 1.98075645e+00
20.54264 1.96799581e+00
20.61375 1.95547531e+00
20.68511 1.94477032e+00
20.75671 1.93723320e+00
20.82856 1.93445672e+00
20.90066 1.93490508e+00
20.97301 1.93195182e+00
21.04561 1.92281311e+00
21.11846 1.91506480e+00
21.19157 1.92001310e+00
21.26492 1.94345275e+00
21.33853 1.97330798e+00
21.41240 1.97678982e+00
21.48652 1.94650873e+00
21.56090 1.92543434e+00
21.63553 1.92381130e+00
21.71043 1.93244732e+00
21.78558 1.94411535e+00
21.86099 1.95832616e+00
21.93666 1.97445616e+00
22.01260 1.99542761e+00
22.08880 2.02112374e+00
22.16526 2.05074542e+00
22.24199 2.08297294e+00
22.31898 2.11472827e+00
22.39624 2.14448951e+00
22.47377 2.16844723e+00
22.55156 2.18575206e+00
22.62962 2.19505978e+00
22.70796 2.19818857e+00
22.78656 2.19519690e+00
22.86544 2.18785988e+00
22.94459 2.17600360e+00
23.02402 2.16111731e+00
23.10372 2.14317838e+00
23.18369 2.12261689e+00
23.26394 2.09790081e+00
23.34447 2.06779739e+00
23.42528 2.03068913e+00
23.50637 1.98674001e+00
23.58774 1.93669759e+00
23.66939 1.88314053e+00
23.75133 1.82777521e+00
23.83354 1.77406853e+00
23.91604 1.72270749e+00
23.99883 1.67722961e+00
24.08191 1.63817374e+00
24.16527 1.60844802e+00
24.24892 1.59119299e+00
24.33286 1.58596312e+00
24.41709 1.59834428e+00
24.50161 1.62136013e+00
24.58642 1.65212807e+00
24.67153 1.68042863e+00
24.75693 1.69938935e+00
24.84263 1.71119901e+00
24.92863 1.72154606e+00
25.01492 1.73570929e+00
25.10151 1.75065285e+00
25.18840 1.76309773e+00
25.27559 1.77592548e+00
25.36309 1.79238064e+00
25.45088 1.81784234e+00
25.53898 1.85503740e+00
25.62739 1.89948883e+00
25.71610 1.94651724e+00
25.80512 1.99100833e+00
25.89444 2.02841962e+00
25.98408 2.05654584e+00
26.07403 2.07257246e+00
26.16428 2.07485011e+00
26.25485 2.06283806e+00
26.34574 2.03927209e+00
26.43694 2.00991770e+00
26.52845 1.98081594e+00
26.62028 1.95819096e+00
26.71243 1.94461618e+00
26.80489 1.94057837e+00
26.89768 1.94628221e+00
26.99079 1.95782644e+00
27.08422 1.97162337e+00
27.17798 1.98503476e+00
27.27205 1.99599571e+00
27.36646 2.00226351e+00
27.46119 2.00328441e+00
27.55625 1.99942339e+00
27.65164 1.99136886e+00
27.74736 1.97977646e+00
27.84341 1.96541743e+00
27.93979 1.94879644e+00
28.03650 1.93035246e+00
28.13355 1.91097815e+00
28.23094 1.89248858e+00
28.32867 1.87722208e+00
28.42673 1.86745875e+00
28.52513 1.86418713e+00
28.62387 1.86741338e+00
28.72295 1.87582726e+00
28.82238 1.88681789e+00
28.92215 1.89679101e+00
29.02227 1.90090438e+00
29.12273 1.89610045e+00
29.22354 1.88211163e+00
29.32470 1.86170118e+00
29.42621 1.83950976e+00
29.52807 1.81909235e+00
29.63029 1.80317080e+00
29.73286 1.79337180e+00
29.83578 1.79026616e+00
29.93906 1.79362673e+00
30.04269 1.80287636e+00
30.14669 1.81630232e+00
30.25104 1.83229831e+00
30.35576 1.84935250e+00
30.46084 1.86633335e+00
30.56628 1.88268980e+00
30.67209 1.89840717e+00
30.77826 1.91371067e+00
30.88481 1.92867739e+00
30.99172 1.94314802e+00
31.09900 1.95680620e+00
31.20665 1.96937044e+00
31.31467 1.98081779e+00
31.42307 1.99154927e+00
31.53184 2.00242883e+00
31.64099 2.01467057e+00
31.75052 2.02976258e+00
31.86043 2.04908420e+00
31.97072 2.07345329e+00
32.08139 2.10349299e+00
32.19244 2.13939691e+00
32.30388 2.18090728e+00
32.41570 2.22728900e+00
32.52791 2.27729605e+00
32.64051 2.32911374e+00
32.75349 2.38038834e+00
32.86687 2.42840398e+00
32.98064 2.47027614e+00
33.09481 2.50315138e+00
33.20937 2.52428578e+00
33.32433 2.53146970e+00
33.43968 2.52593894e+00
33.55544 2.51611544e+00
33.67159 2.50644660e+00
33.78815 2.49144606e+00
33.90511 2.46781046e+00
34.02247 2.43634862e+00
34.14024 2.39935454e+00
34.25842 2.35923174e+00
34.37701 2.31818468e+00
34.49601 2.27811301e+00
34.61542 2.24052819e+00
34.73525 2.20650817e+00
34.85549 2.17670452e+00
34.97614 2.15143093e+00
35.09721 2.13077798e+00
35.21871 2.11471591e+00
35.34062 2.10308067e+00
35.46295 2.09568792e+00
35.58571 2.09208501e+00
35.70889 2.09138593e+00
35.83250 2.09283389e+00
35.95654 2.09559105e+00
36.08101 2.09934063e+00
36.20590 2.10426600e+00
36.33123 2.11086820e+00
36.45700 2.11961900e+00
36.58320 2.13067756e+00
36.70983 2.14377970e+00
36.83691 2.15830694e+00
36.96442 2.17341256e+00
37.09238 2.18814766e+00
37.22077 2.20153922e+00
37.34962 2.21260873e+00
37.47890 2.22036859e+00
37.60864 2.22383668e+00
37.73883 2.22210759e+00
37.86946 2.21465180e+00
38.00055 2.20095928e+00
38.13209 2.18090780e+00
38.26409 2.15496488e+00
38.39654 2.12409526e+00
38.52946 2.08962591e+00
38.66283 2.05302078e+00
38.79667 2.01563109e+00
38.93096 1.97848361e+00
39.06573 1.94215272e+00
39.20096 1.90665840e+00
39.33665 1.87180336e+00
39.47282 1.83725269e+00
39.60946 1.80254831e+00
39.74657 1.76730752e+00
39.88416 1.73135469e+00
40.02222 1.69476768e+00
40.16076 1.65785182e+00
40.29978 1.62126585e+00
40.43928 1.58520795e+00
40.57926 1.54977001e+00
40.71973 1.51480834e+00
40.86069 1.47991312e+00
41.00213 1.44443523e+00
41.14406 1.40767262e+00
41.28648 1.36889766e+00
41.42940 1.32706908e+00
41.57281 1.28165780e+00
41.71672 1.23249331e+00
41.86113 1.17981944e+00
42.00603 1.12443718e+00
42.15144 1.06736431e+00
42.29735 1.00937421e+00
42.44377 9.51518936e-01
42.59069 8.94760344e-01
42.73812 8.39918130e-01
42.88606 7.87866382e-01
43.03451 7.38672440e-01
43.18348 6.92493332e-01
43.33297 6.49409126e-01
43.48297 6.09401840e-01
43.63349 5.72596904e-01
43.78453 5.38613018e-01
43.93609 5.07228271e-01
44.08818 4.78259995e-01
44.24079 4.51570955e-01
44.39394 4.27090593e-01
44.54761 4.04455347e-01
44.70182 3.83520547e-01
44.85655 3.64147288e-01
45.01183 3.46268059e-01
45.16764 3.29713815e-01
45.32399 3.14315422e-01
45.48089 2.99970529e-01
45.63832 2.86649575e-01
45.79630 2.74261494e-01
45.95483 2.62671828e-01
46.11391 2.51813897e-01
46.27353 2.41660461e-01
46.43371 2.32170035e-01
46.59445 2.23238338e-01
46.75574 2.14821978e-01
46.91759 2.06918467e-01
47.08000 1.99484020e-01
47.24297 1.92454449e-01
47.40650 1.85800643e-01
47.57060 1.79528484e-01
47.73527 1.73584619e-01
47.90051 1.67939137e-01
48.06633 1.62584431e-01
48.23271 1.57517569e-01
48.39967 1.52683904e-01
48.56721 1.48069982e-01
48.73533 1.43691861e-01
48.90403 1.39521176e-01
49.07332 1.35531259e-01
49.24319 1.31720718e-01
49.41365 1.28090093e-01
49.58470 1.24606706e-01
49.75634 1.21263437e-01
49.92858 1.18080239e-01
50.10141 1.14985855e-01
50.27484 1.11996380e-01
50.44887 1.09109063e-01
50.62350 1.06319315e-01
50.79874 1.03622822e-01
50.97458 1.01015498e-01
51.15104 9.84934672e-02
51.32810 9.60530952e-02
51.50578 9.36909042e-02
51.68407 9.14036160e-02
51.86298 8.91881374e-02
52.04250 8.70415010e-02
52.22265 8.49609244e-02
52.40343 8.29437584e-02
52.58482 8.09874648e-02
52.76685 7.90896534e-02
52.94951 7.72480672e-02
53.13280 7.54605158e-02
53.31672 7.37249494e-02
53.50128 7.20394070e-02
53.68648 7.04020238e-02
53.87232 6.88110090e-02
54.05880 6.72646680e-02
54.24593 6.57614024e-02
54.43371 6.42996360e-02
54.62214 6.28779184e-02
54.81122 6.14948214e-02
55.00095 6.01490130e-02
55.19134 5.88391982e-02
55.38239 5.75641486e-02
55.57410 5.63226876e-02
55.76647 5.51136904e-02
55.95951 5.39360766e-02
56.15322 5.27888028e-02
56.34760 5.16708922e-02
56.54265 5.05813902e-02
56.73838 4.95193940e-02
56.93479 4.84840082e-02
57.13187 4.74744114e-02
57.32964 4.64897822e-02
57.52809 4.55293806e-02
57.72723 4.45924222e-02
57.92705 4.36782114e-02
58.12757 4.27860748e-02
58.32879 4.19153242e-02
58.53070 4.10653380e-02
58.73331 4.02355094e-02
58.93662 3.94252390e-02
59.14063 3.86339570e-02
59.34535 3.78611232e-02
59.55078 3.71062122e-02
59.75692 3.63687060e-02
59.96377 3.56481162e-02
60.17134 3.49439914e-02
60.37963 3.42558432e-02
60.58864 3.35832498e-02
60.79837 3.29257746e-02
61.00883 3.22830180e-02
61.22002 3.16545730e-02
61.43194 3.10400696e-02
61.64459 3.04391156e-02
61.85797 2.98513780e-02
62.07210 2.92764868e-02
62.28697 2.87141223e-02
62.50258 2.81639538e-02
62.71894 2.76256534e-02
62.93605 2.70989406e-02
63.15390 2.65835077e-02
63.37252 2.60790711e-02
63.59189 2.55853550e-02
63.81201 2.51020832e-02
64.03290 2.46290056e-02
64.25456 2.41658692e-02
64.47698 2.37124283e-02
64.70017 2.32684423e-02
64.92414 2.28336872e-02
65.14888 2.24079333e-02
65.37440 2.19909692e-02
65.60070 2.15825795e-02
65.82778 2.11825562e-02
66.05565 2.07907166e-02
66.28430 2.04068512e-02
66.51375 2.00307818e-02
66.74400 1.96623247e-02
66.97504 1.93013068e-02
67.20688 1.89475468e-02
67.43952 1.86008820e-02
67.67297 1.82611524e-02
67.90722 1.79281983e-02
68.14229 1.76018613e-02
68.37817 1.72820007e-02
68.61486 1.69684620e-02
68.85238 1.66611067e-02
69.09072 1.63597986e-02
69.32988 1.60643966e-02
69.56987 1.57747791e-02
69.81069 1.54908129e-02
70.05235 1.52123754e-02
70.29484 1.49393450e-02
70.53817 1.46716033e-02
70.78235 1.44090358e-02
71.02737 1.41515321e-02
71.27323 1.38989819e-02
71.51995 1.36512765e-02
71.76752 1.34083160e-02
72.01595 1.31699968e-02
72.26524 1.29362212e-02
72.51539 1.27068922e-02
72.76641 1.24819174e-02
73.01830 1.22612028e-02
73.27106 1.20446618e-02
73.52469 1.18322048e-02
73.77920 1.16237476e-02
74.03460 1.14192071e-02
74.29087 1.12185021e-02
74.54804 1.10215541e-02
74.80609 1.08282846e-02
75.06504 1.06386196e-02
75.32488 1.04524830e-02
75.58563 1.02698058e-02
75.84727 1.00905142e-02
76.10982 9.91454220e-03
76.37328 9.74182324e-03
76.63766 9.57228850e-03
76.90295 9.40587582e-03
77.16915 9.24252304e-03
77.43628 9.08216726e-03
77.70433 8.92475002e-03
77.97331 8.77021286e-03
78.24322 8.61849880e-03
78.51407 8.46955012e-03
78.78585 8.32331354e-03
79.05857 8.17973504e-03
79.33224 8.03876356e-03
79.60686 7.90034656e-03
79.88242 7.76443446e-03
80.15894 7.63097768e-03
80.43642 7.49993034e-03
80.71486 7.37124360e-03
80.99426 7.24487306e-03
81.27463 7.12077210e-03
81.55596 6.99889928e-03
81.83828 6.87921020e-03
82.12157 6.76166194e-03
82.40584 6.64621528e-03
82.69109 6.53282878e-03
82.97733 6.42146396e-03
83.26457 6.31208160e-03
83.55279 6.20464470e-03
83.84202 6.09911478e-03
84.13225 5.99545632e-03
84.42348 5.89363454e-03
84.71572 5.79361614e-03
85.00897 5.69536338e-03
85.30323 5.59884518e-03
85.59852 5.50402972e-03
85.89482 5.41088296e-03
86.19215 5.31937678e-03
86.49052 5.22947640e-03
86.78991 5.14115592e-03
87.09034 5.05438352e-03
87.39181 4.96912960e-03
87.69432 4.88536826e-03
87.99789 4.80307064e-03
88.30250 4.72221084e-03
88.60816 4.64276000e-03
88.91489 4.56469444e-03
89.22267 4.48798752e-03
89.53153 4.41261482e-03
89.84145 4.33855044e-03
90.15244 4.26577292e-03
90.46451 4.19425636e-03
90.77766 4.12397856e-03
91.09190 4.05491732e-03
91.40722 3.98705044e-03
91.72363 3.92035572e-03
92.04114 3.85481170e-03
92.35975 3.79039840e-03
92.67946 3.72709510e-03
93.00028 3.66488034e-03
93.32221 3.60373636e-03
93.64525 3.54364392e-03
93.96941 3.48458082e-03
94.29469 3.42653300e-03
94.62110 3.36947974e-03
94.94864 3.31340254e-03
95.27731 3.25828586e-03
95.60712 3.20411120e-03
95.93807 3.15086302e-03
96.27017 3.09852282e-03
96.60342 3.04707580e-03
96.93782 2.99650494e-03
97.27338 2.94679692e-03
97.61010 2.89793420e-03
97.94798 2.84990287e-03
98.28704 2.80268799e-03
98.62727 2.75627415e-03
98.96867 2.71064938e-03
99.31126 2.66579702e-03
99.65504 2.62170523e-03
100.00000 2.57836024e-03
