        2000  3.000000 3.330000
0.10000 1.39222860e-01
0.10035 1.38017427e-01
0.10069 1.37860166e-01
0.10104 1.37943909e-01
0.10139 1.36935909e-01
0.10174 1.36901428e-01
0.10210 1.36649605e-01
0.10245 1.36394371e-01
0.10280 1.35972083e-01
0.10316 1.35057678e-01
0.10352 1.34827531e-01
0.10387 1.34380565e-01
0.10423 1.34366206e-01
0.10459 1.34261524e-01
0.10496 1.32885906e-01
0.10532 1.32571567e-01
0.10568 1.32373889e-01
0.10605 1.32575088e-01
0.10642 1.31538552e-01
0.10679 1.31270340e-01
0.10716 1.31536860e-01
0.10753 1.30533167e-01
0.10790 1.30396113e-01
0.10827 1.30145955e-01
0.10865 1.29735295e-01
0.10902 1.28779980e-01
0.10940 1.29411179e-01
0.10978 1.27843344e-01
0.11016 1.27885102e-01
0.11054 1.27993789e-01
0.11092 1.26847887e-01
0.11131 1.26593293e-01
0.11169 1.26808318e-01
0.11208 1.26227659e-01
0.11247 1.26038910e-01
0.11286 1.25408932e-01
0.11325 1.24902883e-01
0.11364 1.25222834e-01
0.11403 1.23988407e-01
0.11443 1.23893360e-01
0.11482 1.23434784e-01
0.11522 1.22760819e-01
0.11562 1.23409418e-01
0.11602 1.22359691e-01
0.11642 1.21995269e-01
0.11682 1.21898060e-01
0.11723 1.21409513e-01
0.11763 1.21363400e-01
0.11804 1.20676620e-01
0.11845 1.20267239e-01
0.11886 1.20105841e-01
0.11927 1.19978857e-01
0.11968 1.19397661e-01
0.12010 1.19068701e-01
0.12051 1.18469554e-01
0.12093 1.18213624e-01
0.12135 1.18066651e-01
0.12177 1.17537780e-01
0.12219 1.17332688e-01
0.12262 1.17064418e-01
0.12304 1.16644621e-01
0.12347 1.16020272e-01
0.12389 1.15960195e-01
0.12432 1.15839573e-01
0.12475 1.15363366e-01
0.12518 1.15035414e-01
0.12562 1.14796169e-01
0.12605 1.14027649e-01
0.12649 1.13756152e-01
0.12693 1.13628547e-01
0.12737 1.12877072e-01
0.12781 1.13133713e-01
0.12825 1.12496493e-01
0.12869 1.12122037e-01
0.12914 1.11818971e-01
0.12959 1.11609186e-01
0.13003 1.11517593e-01
0.13048 1.11105810e-01
0.13094 1.10531180e-01
0.13139 1.10015390e-01
0.13184 1.10222418e-01
0.13230 1.09697597e-01
0.13276 1.08663890e-01
0.13322 1.08563581e-01
0.13368 1.08541501e-01
0.13414 1.07727418e-01
0.13461 1.07544144e-01
0.13507 1.07792659e-01
0.13554 1.07698762e-01
0.13601 1.07336964e-01
0.13648 1.06954081e-01
0.13695 1.06156071e-01
0.13743 1.06249151e-01
0.13790 1.05932277e-01
0.13838 1.05431960e-01
0.13886 1.05490932e-01
0.13934 1.05155504e-01
0.13982 1.04502238e-01
0.14031 1.03917627e-01
0.14079 1.04135653e-01
0.14128 1.03475674e-01
0.14177 1.02662834e-01
0.14226 1.02820628e-01
0.14275 1.02586307e-01
0.14324 1.02652232e-01
0.14374 1.01710157e-01
0.14424 1.01499457e-01
0.14474 1.01819496e-01
0.14524 1.00749159e-01
0.14574 1.00116419e-01
0.14625 1.00214321e-01
0.14675 1.00188027e-01
0.14726 1.00390838e-01
0.14777 1.00037587e-01
0.14828 9.85998970e-02
0.14879 9.85091478e-02
0.14931 9.90378097e-02
0.14983 9.89388377e-02
0.15034 9.77813297e-02
0.15087 9.82649611e-02
0.15139 9.78622132e-02
0.15191 9.68843120e-02
0.15244 9.75898414e-02
0.15297 9.66843078e-02
0.15349 9.53555090e-02
0.15403 9.57112729e-02
0.15456 9.67193660e-02
0.15509 9.65114497e-02
0.15563 9.57814160e-02
0.15617 9.56305537e-02
0.15671 9.48594101e-02
0.15725 9.49827000e-02
0.15780 9.40423524e-02
0.15834 9.38496742e-02
0.15889 9.47281548e-02
0.15944 9.29798915e-02
0.15999 9.29387416e-02
0.16055 9.39919229e-02
0.16110 9.27457392e-02
0.16166 9.13237093e-02
0.16222 9.19166225e-02
0.16278 9.25674821e-02
0.16335 9.19910857e-02
0.16391 9.15682468e-02
0.16448 9.05679991e-02
0.16505 9.13667684e-02
0.16562 9.06370500e-02
0.16619 8.97745445e-02
0.16677 9.03398408e-02
0.16734 8.99562692e-02
0.16792 8.95150354e-02
0.16851 8.86057145e-02
0.16909 8.89168208e-02
0.16967 8.85676193e-02
0.17026 8.79827558e-02
0.17085 8.88878632e-02
0.17144 8.78809422e-02
0.17204 8.76793573e-02
0.17263 8.83648178e-02
0.17323 8.62651196e-02
0.17383 8.71270835e-02
0.17443 8.79312563e-02
0.17503 8.59459236e-02
0.17564 8.61149810e-02
0.17625 8.64702299e-02
0.17686 8.51977614e-02
0.17747 8.50205876e-02
0.17808 8.57610509e-02
0.17870 8.50452341e-02
0.17932 8.47891482e-02
0.17994 8.47011430e-02
0.18056 8.44487911e-02
0.18119 8.32137296e-02
0.18182 8.40295752e-02
0.18244 8.42517395e-02
0.18308 8.29769311e-02
0.18371 8.39197385e-02
0.18435 8.25660979e-02
0.18498 8.25178262e-02
0.18562 8.35336849e-02
0.18627 8.10836752e-02
0.18691 8.27080181e-02
0.18756 8.29302312e-02
0.18821 8.13358405e-02
0.18886 8.15341442e-02
0.18951 8.04931552e-02
0.19017 8.12245786e-02
0.19083 8.03947914e-02
0.19149 8.00097013e-02
0.19215 8.11833443e-02
0.19282 7.94560555e-02
0.19348 7.90707523e-02
0.19415 7.99873282e-02
0.19483 7.82491392e-02
0.19550 7.89662924e-02
0.19618 7.80124916e-02
0.19686 7.85817884e-02
0.19754 7.93262077e-02
0.19822 7.73694864e-02
0.19891 7.73447734e-02
0.19960 7.78942988e-02
0.20029 7.72962397e-02
0.20098 7.73044981e-02
0.20168 7.65434954e-02
0.20237 7.75987813e-02
0.20307 7.59503869e-02
0.20378 7.57593337e-02
0.20448 7.57466486e-02
0.20519 7.61873941e-02
0.20590 7.65463237e-02
0.20661 7.43055800e-02
0.20733 7.56741124e-02
0.20805 7.44020524e-02
0.20877 7.52920193e-02
0.20949 7.50590525e-02
0.21021 7.33621244e-02
0.21094 7.46548926e-02
0.21167 7.40311525e-02
0.21240 7.40037355e-02
0.21314 7.32638628e-02
0.21388 7.32870973e-02
0.21462 7.21054002e-02
0.21536 7.43883816e-02
0.21611 7.19084951e-02
0.21685 7.21441658e-02
0.21760 7.31317062e-02
0.21836 7.10925874e-02
0.21911 7.22794970e-02
0.21987 7.13875144e-02
0.22063 7.13873279e-02
0.22140 7.07405131e-02
0.22216 7.11097613e-02
0.22293 7.04766794e-02
0.22370 7.11130114e-02
0.22448 7.01001896e-02
0.22526 7.02901684e-02
0.22604 7.01860326e-02
0.22682 6.94480513e-02
0.22760 7.07292577e-02
0.22839 6.95311370e-02
0.22918 6.88335908e-02
0.22998 6.86421514e-02
0.23077 6.85226266e-02
0.23157 6.91372158e-02
0.23237 6.84340663e-02
0.23318 6.72032672e-02
0.23398 6.76987579e-02
0.23479 6.74803588e-02
0.23561 6.86372185e-02
0.23642 6.69241466e-02
0.23724 6.61179803e-02
0.23806 6.73811070e-02
0.23889 6.66980485e-02
0.23971 6.67409034e-02
0.24054 6.64246466e-02
0.24137 6.67287866e-02
0.24221 6.63961108e-02
0.24305 6.65274149e-02
0.24389 6.55549838e-02
0.24473 6.61888826e-02
0.24558 6.52811291e-02
0.24643 6.57387998e-02
0.24728 6.52316542e-02
0.24814 6.44221178e-02
0.24900 6.56173081e-02
0.24986 6.44311666e-02
0.25073 6.46513195e-02
0.25159 6.47343475e-02
0.25246 6.42371608e-02
0.25334 6.32029205e-02
0.25422 6.43641226e-02
0.25510 6.30211025e-02
0.25598 6.35872513e-02
0.25687 6.30586427e-02
0.25775 6.33111499e-02
0.25865 6.24973423e-02
0.25954 6.24391828e-02
0.26044 6.20525387e-02
0.26134 6.20997448e-02
0.26225 6.21422311e-02
0.26315 6.08549641e-02
0.26406 6.18555181e-02
0.26498 6.25024394e-02
0.26590 6.13909654e-02
0.26682 6.13815836e-02
0.26774 6.09810823e-02
0.26867 6.09150240e-02
0.26960 6.05112548e-02
0.27053 6.01030057e-02
0.27147 6.13295957e-02
0.27241 6.02372269e-02
0.27335 5.99841647e-02
0.27430 5.98187347e-02
0.27525 6.05416955e-02
0.27620 5.90841634e-02
0.27715 5.88369797e-02
0.27811 5.97632392e-02
0.27908 5.91767374e-02
0.28004 5.90222609e-02
0.28101 5.87248031e-02
0.28198 5.75092510e-02
0.28296 5.95169479e-02
0.28394 5.84080402e-02
0.28492 5.80964232e-02
0.28591 5.84549932e-02
0.28690 5.81691238e-02
0.28789 5.75085450e-02
0.28889 5.83202214e-02
0.28989 5.72599760e-02
0.29089 5.69569949e-02
0.29190 5.72508740e-02
0.29291 5.74227598e-02
0.29392 5.63334235e-02
0.29494 5.65973638e-02
0.29596 5.62213091e-02
0.29699 5.52864582e-02
0.29801 5.59891726e-02
0.29905 5.55792984e-02
0.30008 5.51612635e-02
0.30112 5.61129065e-02
0.30216 5.51829085e-02
0.30321 5.60557459e-02
0.30426 5.57721898e-02
0.30531 5.42498514e-02
0.30637 5.57098699e-02
0.30743 5.42032580e-02
0.30849 5.32026596e-02
0.30956 5.52606707e-02
0.31063 5.47541111e-02
0.31171 5.37420530e-02
0.31279 5.32824731e-02
0.31387 5.36971558e-02
0.31496 5.39783454e-02
0.31605 5.41348643e-02
0.31714 5.28649799e-02
0.31824 5.26123128e-02
0.31934 5.37774398e-02
0.32044 5.34984524e-02
0.32155 5.30496306e-02
0.32267 5.36417224e-02
0.32378 5.21271052e-02
0.32490 5.20744601e-02
0.32603 5.22949372e-02
0.32716 5.18738831e-02
0.32829 5.18586050e-02
0.32943 5.18503244e-02
0.33057 5.18443216e-02
0.33171 5.14673123e-02
0.33286 5.15395067e-02
0.33401 5.18295230e-02
0.33517 5.19809004e-02
0.33633 5.05215612e-02
0.33749 5.07113179e-02
0.33866 5.09361373e-02
0.33983 5.06207641e-02
0.34101 5.12062847e-02
0.34219 5.03781758e-02
0.34337 5.11060650e-02
0.34456 4.96676648e-02
0.34576 5.07283897e-02
0.34695 4.96572042e-02
0.34815 4.86214188e-02
0.34936 5.10135620e-02
0.35057 4.86199447e-02
0.35178 5.05369991e-02
0.35300 4.90098300e-02
0.35422 4.89066488e-02
0.35545 4.83646936e-02
0.35668 4.97061419e-02
0.35791 4.97787758e-02
0.35915 4.76306417e-02
0.36039 4.82320086e-02
0.36164 4.89914617e-02
0.36289 4.81927768e-02
0.36415 4.80637282e-02
0.36541 4.84822958e-02
0.36668 4.70111462e-02
0.36795 4.70944406e-02
0.36922 4.79565732e-02
0.37050 4.63044625e-02
0.37178 4.66325297e-02
0.37307 4.80517002e-02
0.37436 4.65734999e-02
0.37565 4.63387349e-02
0.37695 4.71580880e-02
0.37826 4.59648824e-02
0.37957 4.64957333e-02
0.38088 4.60488251e-02
0.38220 4.57227737e-02
0.38352 4.54155834e-02
0.38485 4.63078547e-02
0.38618 4.59521308e-02
0.38752 4.45533709e-02
0.38886 4.57548571e-02
0.39021 4.66630147e-02
0.39156 4.44784814e-02
0.39291 4.41247644e-02
0.39427 4.65257210e-02
0.39564 4.55659795e-02
0.39701 4.39541041e-02
0.39838 4.48372734e-02
0.39976 4.44712620e-02
0.40115 4.42471086e-02
0.40253 4.44542879e-02
0.40393 4.48216180e-02
0.40533 4.43315530e-02
0.40673 4.44524852e-02
0.40814 4.29093144e-02
0.40955 4.48166984e-02
0.41097 4.35365665e-02
0.41239 4.37871956e-02
0.41382 4.28088150e-02
0.41525 4.37657327e-02
0.41669 4.19980222e-02
0.41813 4.27697608e-02
0.41958 4.31169155e-02
0.42103 4.23888354e-02
0.42249 4.20784972e-02
0.42395 4.25144386e-02
0.42542 4.26799529e-02
0.42689 4.15803736e-02
0.42837 4.32035576e-02
0.42985 4.10356877e-02
0.43134 4.18361220e-02
0.43283 4.35393637e-02
0.43433 4.15620408e-02
0.43583 4.15223827e-02
0.43734 4.20518216e-02
0.43886 4.10525108e-02
0.44037 4.20455834e-02
0.44190 4.22436474e-02
0.44343 4.03762589e-02
0.44496 4.13463234e-02
0.44650 4.16217988e-02
0.44805 4.05832028e-02
0.44960 4.06274741e-02
0.45116 4.13531965e-02
0.45272 4.01459650e-02
0.45429 3.95767436e-02
0.45586 4.11937828e-02
0.45744 4.07315344e-02
0.45902 3.97686671e-02
0.46061 4.10360873e-02
0.46220 3.93467960e-02
0.46380 3.94122416e-02
0.46541 3.93259636e-02
0.46702 4.05006055e-02
0.46864 3.91736094e-02
0.47026 3.94212948e-02
0.47189 3.87286770e-02
0.47352 3.97475860e-02
0.47516 3.84639331e-02
0.47680 3.98720480e-02
0.47845 3.91489985e-02
0.48011 3.81144607e-02
0.48177 4.01099832e-02
0.48344 3.87941981e-02
0.48511 3.87429694e-02
0.48679 3.90447206e-02
0.48848 3.82367738e-02
0.49017 3.87070320e-02
0.49186 3.82204613e-02
0.49357 3.71818609e-02
0.49528 3.85024279e-02
0.49699 3.86016353e-02
0.49871 3.75245268e-02
0.50044 3.90436151e-02
0.50217 3.72821960e-02
0.50391 3.77479831e-02
0.50565 3.78105871e-02
0.50740 3.81428279e-02
0.50916 3.73857324e-02
0.51092 3.82270369e-02
0.51269 3.58525560e-02
0.51446 3.68750702e-02
0.51625 3.70284234e-02
0.51803 3.63441661e-02
0.51983 3.57114173e-02
0.52163 3.78379286e-02
0.52343 3.70259503e-02
0.52524 3.58873922e-02
0.52706 3.66082573e-02
0.52889 3.72428310e-02
0.53072 3.66249872e-02
0.53255 3.40640041e-02
0.53440 3.68499976e-02
0.53625 3.69519533e-02
0.53810 3.55803085e-02
0.53997 3.60107887e-02
0.54183 3.48071003e-02
0.54371 3.66814507e-02
0.54559 3.51973052e-02
0.54748 3.47856595e-02
0.54938 3.59460269e-02
0.55128 3.47948192e-02
0.55319 3.62626300e-02
0.55510 3.43783916e-02
0.55702 3.45740491e-02
0.55895 3.50950876e-02
0.56089 3.40591778e-02
0.56283 3.67761293e-02
0.56478 3.42179478e-02
0.56673 3.36172913e-02
0.56869 3.55388966e-02
0.57066 3.32698879e-02
0.57264 3.36086555e-02
0.57462 3.57726937e-02
0.57661 3.39489770e-02
0.57860 3.17748422e-02
0.58061 3.54003198e-02
0.58262 3.36436915e-02
0.58463 3.30356380e-02
0.58666 3.66623010e-02
0.58869 3.34305848e-02
0.59073 3.15828389e-02
0.59277 3.39973464e-02
0.59482 3.35682781e-02
0.59688 3.31563482e-02
0.59895 3.37268749e-02
0.60102 3.21849606e-02
0.60310 3.15968116e-02
0.60519 3.40585163e-02
0.60728 3.28028354e-02
0.60939 3.15516124e-02
0.61150 3.33647574e-02
0.61361 3.21277823e-02
0.61574 3.14147938e-02
0.61787 3.27100394e-02
0.62001 3.32125276e-02
0.62215 3.09779954e-02
0.62431 3.26462322e-02
0.62647 3.21495827e-02
0.62864 3.13102540e-02
0.63081 3.23955409e-02
0.63300 3.21236753e-02
0.63519 3.09866712e-02
0.63739 3.07125500e-02
0.63959 3.14518722e-02
0.64181 3.21615352e-02
0.64403 3.18065616e-02
0.64626 3.03861479e-02
0.64849 3.04467983e-02
0.65074 3.05881546e-02
0.65299 3.13273790e-02
0.65525 3.03939134e-02
0.65752 2.97492610e-02
0.65980 3.11043978e-02
0.66208 3.15117722e-02
0.66437 3.01447806e-02
0.66667 2.98000901e-02
0.66898 3.01983936e-02
0.67130 3.01866365e-02
0.67362 3.08717640e-02
0.67595 2.90686578e-02
0.67829 2.95877116e-02
0.68064 3.12901363e-02
0.68299 2.92915902e-02
0.68536 2.91155886e-02
0.68773 2.96482288e-02
0.69011 3.12751691e-02
0.69250 3.04069937e-02
0.69490 2.93976618e-02
0.69730 2.97159698e-02
0.69972 3.01828714e-02
0.70214 3.12015628e-02
0.70457 2.76985937e-02
0.70701 3.06174763e-02
0.70946 3.01586245e-02
0.71191 2.88951248e-02
0.71438 3.02394103e-02
0.71685 2.93839688e-02
0.71933 2.83809373e-02
0.72182 2.97240906e-02
0.72432 3.17994310e-02
0.72683 3.22234288e-02
0.72934 2.96424257e-02
0.73187 2.81838191e-02
0.73440 2.88315263e-02
0.73694 2.80799586e-02
0.73949 2.89952468e-02
0.74205 2.87275637e-02
0.74462 3.05489849e-02
0.74720 2.83662365e-02
0.74979 2.74904953e-02
0.75238 2.76037997e-02
0.75499 2.87489778e-02
0.75760 2.88070930e-02
0.76022 2.95462597e-02
0.76285 2.91081516e-02
0.76549 2.76594640e-02
0.76814 2.85079346e-02
0.77080 2.89532578e-02
0.77347 2.93901182e-02
0.77615 2.74609116e-02
0.77884 3.06118242e-02
0.78153 2.83155539e-02
0.78424 2.76461662e-02
0.78695 2.66662315e-02
0.78968 2.83137246e-02
0.79241 2.82549701e-02
0.79515 3.11342479e-02
0.79790 2.72263020e-02
0.80067 3.08086894e-02
0.80344 2.75759120e-02
0.80622 2.82851044e-02
0.80901 2.62131384e-02
0.81181 2.85827264e-02
0.81462 2.77819858e-02
0.81744 2.71489084e-02
0.82027 2.88804018e-02
0.82311 2.75992886e-02
0.82596 2.68424329e-02
0.82882 2.79298289e-02
0.83169 2.63771342e-02
0.83457 2.74463351e-02
0.83745 2.90592672e-02
0.84035 2.61898240e-02
0.84326 2.84478304e-02
0.84618 2.77277112e-02
0.84911 2.63995340e-02
0.85205 2.78363003e-02
0.85500 2.59923461e-02
0.85796 2.78472848e-02
0.86093 2.76774104e-02
0.86391 2.63980466e-02
0.86690 2.68662624e-02
0.86990 2.61674686e-02
0.87291 2.64163661e-02
0.87593 2.63880922e-02
0.87897 2.69915414e-02
0.88201 2.48891348e-02
0.88506 2.66990165e-02
0.88813 2.78644898e-02
0.89120 2.49542474e-02
0.89428 2.59299552e-02
0.89738 2.63011214e-02
0.90049 2.50307753e-02
0.90360 2.52400858e-02
0.90673 2.48902004e-02
0.90987 2.58133519e-02
0.91302 2.48647548e-02
0.91618 2.55413309e-02
0.91935 2.53950640e-02
0.92253 2.40091402e-02
0.92573 2.58521842e-02
0.92893 2.42725387e-02
0.93215 2.47033164e-02
0.93537 2.50035758e-02
0.93861 2.43224843e-02
0.94186 2.44147874e-02
0.94512 2.34235441e-02
0.94839 2.46764855e-02
0.95168 2.48255363e-02
0.95497 2.32600234e-02
0.95828 2.36148548e-02
0.96159 2.44979975e-02
0.96492 2.39495642e-02
0.96826 2.35121221e-02
0.97161 2.32790443e-02
0.97498 2.30458289e-02
0.97835 2.38954184e-02
0.98174 2.35631422e-02
0.98514 2.41034102e-02
0.98855 2.41070688e-02
0.99197 2.33172150e-02
0.99540 2.28043018e-02
0.99885 2.32351238e-02
1.00231 2.33489166e-02
1.00578 2.26528800e-02
1.00926 2.19065293e-02
1.01275 2.23368985e-02
1.01626 2.39501370e-02
1.01978 2.22680386e-02
1.02330 2.24341168e-02
1.02685 2.17710427e-02
1.03040 2.16431086e-02
1.03397 2.29343316e-02
1.03755 2.18456747e-02
1.04114 2.19776981e-02
1.04474 2.21290621e-02
1.04836 2.23618469e-02
1.05199 2.14103016e-02
1.05563 2.24012075e-02
1.05928 2.14133963e-02
1.06295 2.06533038e-02
1.06663 2.19313933e-02
1.07032 2.08143115e-02
1.07403 2.32615774e-02
1.07775 2.16858036e-02
1.08148 2.31407428e-02
1.08522 2.15017656e-02
1.08898 2.07257291e-02
1.09275 2.42038608e-02
1.09653 2.15391948e-02
1.10032 2.06410849e-02
1.10413 2.13115471e-02
1.10796 2.25991471e-02
1.11179 2.01743210e-02
1.11564 2.43449995e-02
1.11950 2.11435020e-02
1.12338 2.24602373e-02
1.12726 2.01292817e-02
1.13117 2.11807625e-02
1.13508 2.39195587e-02
1.13901 2.27998795e-02
1.14295 2.07594420e-02
1.14691 1.88937451e-02
1.15088 2.20749163e-02
1.15487 2.26828278e-02
1.15886 1.98023645e-02
1.16287 2.16393790e-02
1.16690 2.07980567e-02
1.17094 1.93040278e-02
1.17499 2.44105428e-02
1.17906 2.11499400e-02
1.18314 2.06598395e-02
1.18724 2.28067349e-02
1.19135 2.01193183e-02
1.19547 1.96537488e-02
1.19961 1.97716885e-02
1.20376 2.11231846e-02
1.20793 2.18241629e-02
1.21211 2.11625984e-02
1.21630 2.03686465e-02
1.22052 2.26668394e-02
1.22474 2.31912522e-02
1.22898 2.16359824e-02
1.23323 2.03976353e-02
1.23750 2.20193497e-02
1.24179 1.97393964e-02
1.24609 2.19717574e-02
1.25040 2.07739430e-02
1.25473 2.10974592e-02
1.25907 1.90939447e-02
1.26343 2.07243305e-02
1.26780 2.15554541e-02
1.27219 2.08270232e-02
1.27659 2.07332549e-02
1.28101 2.31035622e-02
1.28545 2.04461911e-02
1.28990 2.09634378e-02
1.29436 2.19820937e-02
1.29884 2.01102430e-02
1.30334 1.96454105e-02
1.30785 2.31888280e-02
1.31238 2.04865862e-02
1.31692 2.11790797e-02
1.32148 1.91261036e-02
1.32605 1.92893447e-02
1.33064 1.87702465e-02
1.33525 2.16011772e-02
1.33987 2.20472951e-02
1.34451 1.84711282e-02
1.34916 1.81543386e-02
1.35383 2.16124859e-02
1.35852 2.10219259e-02
1.36322 2.34388222e-02
1.36794 2.11375302e-02
1.37268 2.25163100e-02
1.37743 2.07146291e-02
1.38220 2.00852635e-02
1.38698 2.14172680e-02
1.39178 1.84725312e-02
1.39660 2.48325248e-02
1.40144 1.93100928e-02
1.40629 2.10635864e-02
1.41115 2.43445981e-02
1.41604 1.97759598e-02
1.42094 1.86392354e-02
1.42586 1.74546257e-02
1.43080 2.48570203e-02
1.43575 2.17422449e-02
1.44072 2.06276464e-02
1.44571 2.18293177e-02
1.45071 1.73419562e-02
1.45573 1.91814749e-02
1.46077 2.08479445e-02
1.46583 2.21423333e-02
1.47090 2.27326446e-02
1.47599 1.87669298e-02
1.48110 1.89688566e-02
1.48623 2.12341046e-02
1.49137 1.96596185e-02
1.49654 2.00918081e-02
1.50172 2.35722619e-02
1.50692 2.08400946e-02
1.51213 2.16466783e-02
1.51737 2.09445341e-02
1.52262 1.96218296e-02
1.52789 2.27253275e-02
1.53318 1.83157370e-02
1.53849 1.96682276e-02
1.54381 2.10957187e-02
1.54916 2.17015212e-02
1.55452 2.14045207e-02
1.55990 1.87358099e-02
1.56530 1.90594326e-02
1.57072 2.01720211e-02
1.57615 2.09448830e-02
1.58161 2.03488885e-02
1.58709 1.99044490e-02
1.59258 1.89595770e-02
1.59809 2.05578438e-02
1.60362 1.90188022e-02
1.60918 1.91897244e-02
1.61475 2.11275966e-02
1.62034 1.87653403e-02
1.62594 1.87972684e-02
1.63157 1.88657820e-02
1.63722 2.30605697e-02
1.64289 1.94708030e-02
1.64857 2.00548806e-02
1.65428 1.84763674e-02
1.66001 1.71492380e-02
1.66575 2.01708401e-02
1.67152 1.83385498e-02
1.67731 1.98975581e-02
1.68311 2.38417699e-02
1.68894 1.85506663e-02
1.69478 1.88712183e-02
1.70065 1.77594361e-02
1.70654 1.72624181e-02
1.71245 1.92846960e-02
1.71837 2.04018400e-02
1.72432 1.94475730e-02
1.73029 2.09844670e-02
1.73628 1.80766977e-02
1.74229 1.67991085e-02
1.74832 1.60810189e-02
1.75437 1.75706518e-02
1.76045 1.88490121e-02
1.76654 2.07170888e-02
1.77266 2.13224362e-02
1.77879 1.87276625e-02
1.78495 1.66598497e-02
1.79113 1.64879267e-02
1.79733 1.63989491e-02
1.80355 1.87125487e-02
1.80979 1.95382600e-02
1.81606 1.84607528e-02
1.82234 1.95130927e-02
1.82865 1.74474995e-02
1.83498 1.62522981e-02
1.84133 1.69558672e-02
1.84771 1.76814653e-02
1.85410 1.84424191e-02
1.86052 1.86339163e-02
1.86696 1.76808233e-02
1.87342 1.74996784e-02
1.87991 1.71107344e-02
1.88642 1.69044848e-02
1.89295 1.68648254e-02
1.89950 1.64807827e-02
1.90607 1.68485879e-02
1.91267 1.72938044e-02
1.91929 1.82561966e-02
1.92594 1.83510741e-02
1.93260 1.67214498e-02
1.93929 1.66740772e-02
1.94601 1.59517523e-02
1.95274 1.64724355e-02
1.95950 1.71389097e-02
1.96629 1.71285636e-02
1.97309 1.69748615e-02
1.97992 1.64672949e-02
1.98678 1.60810673e-02
1.99365 1.60097578e-02
2.00055 1.57041734e-02
2.00748 1.60294700e-02
2.01443 1.66767013e-02
2.02140 1.67367829e-02
2.02840 1.58855128e-02
2.03542 1.54613196e-02
2.04247 1.60931352e-02
2.04954 1.62478470e-02
2.05663 1.65524199e-02
2.06375 1.65752526e-02
2.07090 1.58554758e-02
2.07806 1.49279824e-02
2.08526 1.52117544e-02
2.09247 1.58034723e-02
2.09972 1.59122079e-02
2.10699 1.58107481e-02
2.11428 1.54130888e-02
2.12160 1.51731450e-02
2.12894 1.48794053e-02
2.13631 1.51584060e-02
2.14371 1.53976882e-02
2.15113 1.52168333e-02
2.15857 1.52426878e-02
2.16605 1.51509192e-02
2.17354 1.50214511e-02
2.18107 1.45803206e-02
2.18862 1.42604253e-02
2.19619 1.42424380e-02
2.20380 1.46039228e-02
2.21143 1.50898288e-02
2.21908 1.51326256e-02
2.22676 1.48248243e-02
2.23447 1.42724812e-02
2.24220 1.40551033e-02
2.24997 1.44006045e-02
2.25775 1.48868116e-02
2.26557 1.51648684e-02
2.27341 1.48674910e-02
2.28128 1.41069225e-02
2.28918 1.35790287e-02
2.29710 1.35550611e-02
2.30505 1.38809492e-02
2.31303 1.42284595e-02
2.32104 1.43539330e-02
2.32908 1.39891622e-02
2.33714 1.32838593e-02
2.34523 1.30004457e-02
2.35335 1.31981926e-02
2.36149 1.35794878e-02
2.36967 1.38279311e-02
2.37787 1.38235377e-02
2.38610 1.35493713e-02
2.39436 1.31884122e-02
2.40265 1.30943730e-02
2.41097 1.32230619e-02
2.41931 1.34013852e-02
2.42769 1.35579609e-02
2.43609 1.36233555e-02
2.44452 1.34694557e-02
2.45298 1.31878714e-02
2.46148 1.29957752e-02
2.47000 1.29016779e-02
2.47855 1.28868829e-02
2.48713 1.29259092e-02
2.49574 1.29408631e-02
2.50438 1.28655918e-02
2.51304 1.27154936e-02
2.52174 1.25641863e-02
2.53047 1.24405075e-02
2.53923 1.23891482e-02
2.54802 1.24135847e-02
2.55684 1.24611974e-02
2.56569 1.24599773e-02
2.57457 1.23822010e-02
2.58349 1.22389657e-02
2.59243 1.20738700e-02
2.60140 1.19776433e-02
2.61041 1.19749322e-02
2.61944 1.20054306e-02
2.62851 1.20039871e-02
2.63761 1.19462378e-02
2.64674 1.18459196e-02
2.65590 1.17652541e-02
2.66510 1.17645854e-02
2.67432 1.18310313e-02
2.68358 1.19056131e-02
2.69287 1.19333116e-02
2.70219 1.18930870e-02
2.71154 1.18106531e-02
2.72093 1.17357427e-02
2.73035 1.16983699e-02
2.73980 1.16841428e-02
2.74928 1.16523023e-02
2.75880 1.15722819e-02
2.76835 1.14532642e-02
2.77793 1.13349932e-02
2.78755 1.12498322e-02
2.79720 1.11970415e-02
2.80688 1.11482171e-02
2.81660 1.10752070e-02
2.82635 1.09760388e-02
2.83613 1.08765606e-02
2.84595 1.08036495e-02
2.85580 1.07631190e-02
2.86569 1.07418456e-02
2.87561 1.07199515e-02
2.88556 1.06825783e-02
2.89555 1.06305659e-02
2.90557 1.05793856e-02
2.91563 1.05448251e-02
2.92572 1.05322514e-02
2.93585 1.05342858e-02
2.94601 1.05357248e-02
2.95621 1.05247425e-02
2.96644 1.05014019e-02
2.97671 1.04756645e-02
2.98702 1.04577509e-02
2.99736 1.04487111e-02
3.00773 1.04386402e-02
3.01814 1.04141936e-02
3.02859 1.03685295e-02
3.03907 1.03059020e-02
3.04960 1.02381605e-02
3.06015 1.01758868e-02
3.07074 1.01214222e-02
3.08137 1.00694063e-02
3.09204 1.00128971e-02
3.10274 9.94930296e-03
3.11348 9.88215995e-03
3.12426 9.81799307e-03
3.13508 9.76113931e-03
3.14593 9.71102992e-03
3.15682 9.66345176e-03
3.16775 9.61394088e-03
3.17871 9.56097479e-03
3.18972 9.50692312e-03
3.20076 9.45584846e-03
3.21184 9.40995662e-03
3.22295 9.36793380e-03
3.23411 9.32651526e-03
3.24531 9.28362797e-03
3.25654 9.24023851e-03
3.26781 9.19935055e-03
3.27912 9.16333638e-03
3.29047 9.13230522e-03
3.30187 9.10481008e-03
3.31330 9.07982309e-03
3.32476 9.05788727e-03
3.33627 9.04042208e-03
3.34782 9.02801717e-03
3.35941 9.01943776e-03
3.37104 9.01214728e-03
3.38271 9.00369973e-03
3.39442 8.99272006e-03
3.40617 8.97877979e-03
3.41796 8.96155126e-03
3.42979 8.94023082e-03
3.44166 8.91374711e-03
3.45358 8.88145232e-03
3.46553 8.84360177e-03
3.47753 8.80119710e-03
3.48957 8.75536964e-03
3.50164 8.70685021e-03
3.51377 8.65590432e-03
3.52593 8.60265806e-03
3.53814 8.54745821e-03
3.55038 8.49097208e-03
3.56267 8.43399312e-03
3.57500 8.37717222e-03
3.58738 8.32090010e-03
3.59980 8.26541387e-03
3.61226 8.21097947e-03
3.62476 8.15796986e-03
3.63731 8.10679398e-03
3.64990 8.05777949e-03
3.66254 8.01112397e-03
3.67521 7.96694197e-03
3.68794 7.92533340e-03
3.70070 7.88638306e-03
3.71351 7.85012912e-03
3.72637 7.81654230e-03
3.73927 7.78556708e-03
3.75221 7.75716263e-03
3.76520 7.73131206e-03
3.77823 7.70797942e-03
3.79131 7.68705947e-03
3.80443 7.66836440e-03
3.81760 7.65164958e-03
3.83082 7.63663927e-03
3.84408 7.62301824e-03
3.85739 7.61039843e-03
3.87074 7.59829055e-03
3.88414 7.58611829e-03
3.89758 7.57327248e-03
3.91107 7.55917504e-03
3.92461 7.54332601e-03
3.93820 7.52532980e-03
3.95183 7.50490181e-03
3.96551 7.48187153e-03
3.97924 7.45618879e-03
3.99301 7.42792153e-03
4.00683 7.39723625e-03
4.02070 7.36437181e-03
4.03462 7.32961061e-03
4.04859 7.29324656e-03
4.06260 7.25556917e-03
4.07667 7.21685592e-03
4.09078 7.17736301e-03
4.10494 7.13732264e-03
4.11915 7.09694084e-03
4.13341 7.05639476e-03
4.14771 7.01583403e-03
4.16207 6.97538519e-03
4.17648 6.93515479e-03
4.19094 6.89523431e-03
4.20545 6.85570232e-03
4.22000 6.81662855e-03
4.23461 6.77807647e-03
4.24927 6.74010737e-03
4.26398 6.70278118e-03
4.27874 6.66615739e-03
4.29355 6.63029818e-03
4.30841 6.59526880e-03
4.32332 6.56113807e-03
4.33829 6.52797882e-03
4.35331 6.49586830e-03
4.36838 6.46488464e-03
4.38350 6.43510423e-03
4.39867 6.40660121e-03
4.41390 6.37944617e-03
4.42918 6.35369683e-03
4.44451 6.32939938e-03
4.45990 6.30657955e-03
4.47533 6.28524136e-03
4.49083 6.26535859e-03
4.50637 6.24687532e-03
4.52197 6.22970006e-03
4.53762 6.21370852e-03
4.55333 6.19874083e-03
4.56909 6.18460698e-03
4.58491 6.17109251e-03
4.60078 6.15796298e-03
4.61670 6.14497465e-03
4.63269 6.13188509e-03
4.64872 6.11845764e-03
4.66481 6.10447564e-03
4.68096 6.08974327e-03
4.69717 6.07409538e-03
4.71343 6.05739521e-03
4.72974 6.03954152e-03
4.74611 6.02046107e-03
4.76254 6.00011166e-03
4.77903 5.97847554e-03
4.79557 5.95555848e-03
4.81217 5.93138534e-03
4.82883 5.90599787e-03
4.84555 5.87944844e-03
4.86232 5.85180234e-03
4.87915 5.82313193e-03
4.89604 5.79351535e-03
4.91299 5.76303875e-03
4.92999 5.73179092e-03
4.94706 5.69986332e-03
4.96418 5.66735320e-03
4.98137 5.63435689e-03
4.99861 5.60097564e-03
5.01591 5.62877936e-03
5.03328 5.66182762e-03
5.05070 5.69498287e-03
5.06818 5.72832905e-03
5.08573 5.76198247e-03
5.10333 5.79617269e-03
5.12100 5.83102936e-03
5.13873 5.86676203e-03
5.15651 5.90348039e-03
5.17436 5.94143218e-03
5.19228 5.98081276e-03
5.21025 6.02173712e-03
5.22828 6.06434603e-03
5.24638 6.10879931e-03
5.26454 6.15524126e-03
5.28277 6.20382152e-03
5.30105 6.25463599e-03
5.31940 6.30781565e-03
5.33782 6.36341377e-03
5.35629 6.42149386e-03
5.37484 6.48198131e-03
5.39344 6.54494362e-03
5.41211 6.61032173e-03
5.43084 6.67803706e-03
5.44965 6.74793464e-03
5.46851 6.81990971e-03
5.48744 6.89385658e-03
5.50643 6.96953815e-03
5.52550 7.04672311e-03
5.54462 7.12517747e-03
5.56381 7.20469121e-03
5.58308 7.28505077e-03
5.60240 7.36587919e-03
5.62179 7.44703884e-03
5.64125 7.52827397e-03
5.66078 7.60934126e-03
5.68038 7.69006446e-03
5.70004 7.77019048e-03
5.71977 7.84969622e-03
5.73957 7.92842098e-03
5.75944 8.00609700e-03
5.77938 8.08287215e-03
5.79938 8.15862565e-03
5.81946 8.23331977e-03
5.83960 8.30694652e-03
5.85982 8.37960845e-03
5.88010 8.45134597e-03
5.90045 8.52221148e-03
5.92088 8.59238257e-03
5.94137 8.66191208e-03
5.96194 8.73104821e-03
5.98258 8.79985445e-03
6.00329 8.86846133e-03
6.02407 8.93717876e-03
6.04492 9.00612175e-03
6.06585 9.07548521e-03
6.08684 9.14547648e-03
6.10791 9.21635930e-03
6.12906 9.28828242e-03
6.15027 9.36149491e-03
6.17156 9.43615884e-03
6.19293 9.51250952e-03
6.21436 9.59077252e-03
6.23588 9.67114140e-03
6.25746 9.75378623e-03
6.27912 9.83886773e-03
6.30086 9.92672778e-03
6.32267 1.00172998e-02
6.34455 1.01108772e-02
6.36652 1.02075600e-02
6.38856 1.03074382e-02
6.41067 1.04106598e-02
6.43286 1.05172993e-02
6.45513 1.06274397e-02
6.47747 1.07411210e-02
6.49990 1.08583668e-02
6.52240 1.09792822e-02
6.54497 1.11037260e-02
6.56763 1.12317610e-02
6.59037 1.13632827e-02
6.61318 1.14982245e-02
6.63607 1.16365474e-02
6.65904 1.17781660e-02
6.68209 1.19230250e-02
6.70522 1.20709321e-02
6.72843 1.22217118e-02
6.75172 1.23752848e-02
6.77510 1.25315599e-02
6.79855 1.26903152e-02
6.82208 1.28514863e-02
6.84570 1.30150461e-02
6.86939 1.31807416e-02
6.89317 1.33484990e-02
6.91704 1.35182225e-02
6.94098 1.36899182e-02
6.96500 1.38636132e-02
6.98911 1.40391810e-02
7.01331 1.42165887e-02
7.03759 1.43959430e-02
7.06195 1.45773574e-02
7.08639 1.47608914e-02
7.11092 1.49466406e-02
7.13554 1.51347021e-02
7.16024 1.53252168e-02
7.18502 1.55186369e-02
7.20990 1.57149569e-02
7.23485 1.59144523e-02
7.25990 1.61172875e-02
7.28503 1.63240467e-02
7.31025 1.65348144e-02
7.33555 1.67498592e-02
7.36094 1.69696485e-02
7.38642 1.71946637e-02
7.41199 1.74250553e-02
7.43765 1.76611874e-02
7.46340 1.79036238e-02
7.48923 1.81527913e-02
7.51516 1.84088625e-02
7.54117 1.86723121e-02
7.56727 1.89439278e-02
7.59347 1.92237312e-02
7.61975 1.95121128e-02
7.64613 1.98100368e-02
7.67260 2.01174802e-02
7.69916 2.04348025e-02
7.72581 2.07629984e-02
7.75255 2.11020679e-02
7.77939 2.14522907e-02
7.80632 2.18149277e-02
7.83334 2.21896770e-02
7.86046 2.25770448e-02
7.88767 2.29782876e-02
7.91497 2.33930502e-02
7.94237 2.38221451e-02
7.96986 2.42664781e-02
7.99745 2.47259338e-02
8.02513 2.52019018e-02
8.05291 2.56946308e-02
8.08079 2.62045070e-02
8.10876 2.67334442e-02
8.13683 2.72810428e-02
8.16500 2.78491985e-02
8.19326 2.84386174e-02
8.22162 2.90501918e-02
8.25008 2.96863994e-02
8.27864 3.03471958e-02
8.30730 3.10361017e-02
8.33605 3.17535347e-02
8.36491 3.25026293e-02
8.39386 3.32856854e-02
8.42292 3.41052251e-02
8.45208 3.49655506e-02
8.48133 3.58686732e-02
8.51069 3.68214794e-02
8.54016 3.78255366e-02
8.56972 3.88907015e-02
8.59938 4.00188833e-02
8.62915 4.12227404e-02
8.65902 4.25059004e-02
8.68899 4.38844228e-02
8.71907 4.53645056e-02
8.74925 4.69680116e-02
8.77954 4.87040916e-02
8.80993 5.06044205e-02
8.84043 5.26828999e-02
8.87103 5.49865584e-02
8.90174 5.75404952e-02
8.93255 6.04130332e-02
8.96347 6.36573944e-02
8.99450 6.73769822e-02
9.02563 7.16900737e-02
9.05688 7.67652868e-02
9.08823 8.28847745e-02
9.11969 9.03488363e-02
9.15126 9.98914885e-02
9.18294 1.12191083e-01
9.21472 1.28622831e-01
9.24662 1.49847562e-01
9.27863 1.71835592e-01
9.31075 1.89084366e-01
9.34298 2.06985683e-01
9.37532 2.36567263e-01
9.40777 2.92588008e-01
9.44034 3.67063329e-01
9.47302 4.10179885e-01
9.50581 4.07798118e-01
9.53871 3.17006854e-01
9.57173 2.52747355e-01
9.60487 2.34258534e-01
9.63811 2.43404312e-01
9.67148 2.81454855e-01
9.70495 3.26257292e-01
9.73855 3.71345572e-01
9.77226 4.28941638e-01
9.80609 4.63111647e-01
9.84003 4.73557893e-01
9.87409 4.77296386e-01
9.90827 4.77816940e-01
9.94257 4.78177522e-01
9.97699 4.77512942e-01
10.01153 4.89283693e-01
10.04618 5.36286199e-01
10.08096 6.40775605e-01
10.11585 8.09388734e-01
10.15087 9.44526484e-01
10.18601 8.48307998e-01
10.22127 7.47422674e-01
10.25665 8.53145911e-01
10.29215 9.46022675e-01
10.32778 9.99346409e-01
10.36353 1.06561967e+00
10.39941 8.89214651e-01
10.43540 7.09091576e-01
10.47153 7.97030394e-01
10.50777 8.13643897e-01
10.54415 8.29580567e-01
10.58065 8.59587419e-01
10.61727 8.00244954e-01
10.65403 7.15776174e-01
10.69091 7.93150367e-01
10.72791 8.33737694e-01
10.76505 7.41818461e-01
10.80231 6.95653428e-01
10.83971 6.95821837e-01
10.87723 7.59575930e-01
10.91488 7.92133474e-01
10.95266 7.93561511e-01
10.99058 7.85190202e-01
11.02862 7.64113610e-01
11.06680 7.28173720e-01
11.10511 6.78738316e-01
11.14355 6.10223566e-01
11.18212 5.44717182e-01
11.22083 4.85980111e-01
11.25967 4.31143403e-01
11.29865 3.86100802e-01
11.33776 3.56058874e-01
11.37701 3.50045338e-01
11.41639 3.90360582e-01
11.45591 5.45697179e-01
11.49556 8.35558849e-01
11.53536 8.93987651e-01
11.57529 8.17590968e-01
11.61536 7.70834128e-01
11.65556 8.02595534e-01
11.69591 8.24423196e-01
11.73640 9.14874610e-01
11.77702 1.00355295e+00
11.81779 1.16996184e+00
11.85870 1.32134560e+00
11.89975 1.18736034e+00
11.94094 9.67521599e-01
11.98227 8.45495924e-01
12.02375 7.94915578e-01
12.06537 7.88475580e-01
12.10714 7.67696868e-01
12.14905 7.43374193e-01
12.19110 7.30975404e-01
12.23330 7.15981036e-01
12.27565 6.59842528e-01
12.31814 5.56813887e-01
12.36078 4.51625398e-01
12.40357 3.70260826e-01
12.44651 3.12894885e-01
12.48959 2.73108258e-01
12.53283 2.45198805e-01
12.57621 2.25228080e-01
12.61974 2.10613695e-01
12.66343 1.99675693e-01
12.70726 1.91224429e-01
12.75125 1.84446440e-01
12.79539 1.78752189e-01
12.83968 1.73706231e-01
12.88413 1.69006775e-01
12.92873 1.64418226e-01
12.97348 1.59803645e-01
13.01839 1.55098484e-01
13.06345 1.50305646e-01
13.10867 1.45450382e-01
13.15405 1.40583183e-01
13.19959 1.35769299e-01
13.24528 1.31085574e-01
13.29113 1.26575396e-01
13.33713 1.22283088e-01
13.38330 1.18248065e-01
13.42963 1.14490453e-01
13.47612 1.11016996e-01
13.52277 1.07836438e-01
13.56958 1.04948680e-01
13.61655 1.02342542e-01
13.66368 1.00014818e-01
13.71098 9.79554976e-02
13.75844 9.61504333e-02
13.80607 9.45959804e-02
13.85386 9.32780242e-02
13.90182 9.21880708e-02
13.94994 9.13228391e-02
13.99823 9.06703145e-02
14.04668 9.02318023e-02
14.09531 8.99998745e-02
14.14410 8.99750638e-02
14.19306 9.01583203e-02
14.24219 9.05498084e-02
14.29149 9.11582438e-02
14.34096 9.19851361e-02
14.39060 9.30471974e-02
14.44042 9.43492452e-02
14.49041 9.59167872e-02
14.54057 9.77610522e-02
14.59090 9.99182262e-02
14.64141 1.02410514e-01
14.69209 1.05288664e-01
14.74295 1.08594293e-01
14.79398 1.12399528e-01
14.84519 1.16781342e-01
14.89658 1.21846796e-01
14.94814 1.27741460e-01
14.99989 1.34634804e-01
15.05181 1.42815601e-01
15.10392 1.52605331e-01
15.15620 1.64535016e-01
15.20866 1.79364523e-01
15.26131 1.98154012e-01
15.31414 2.22666710e-01
15.36715 2.55140315e-01
15.42034 2.98111150e-01
15.47372 3.52573478e-01
15.52729 4.12329880e-01
15.58103 4.61199286e-01
15.63497 4.80922396e-01
15.68909 4.71784694e-01
15.74340 4.53749898e-01
15.79790 4.48191276e-01
15.85258 4.64874882e-01
15.90746 5.04805249e-01
15.96252 5.65353019e-01
16.01778 6.40606481e-01
16.07323 7.19983007e-01
16.12886 7.90025641e-01
16.18470 8.41967749e-01
16.24072 8.73137282e-01
16.29694 8.83075498e-01
16.35335 8.73368841e-01
16.40996 8.50248048e-01
16.46677 8.24890120e-01
16.52377 8.09162445e-01
16.58097 8.08830449e-01
16.63836 8.19983329e-01
16.69596 8.29259732e-01
16.75375 8.23885778e-01
16.81175 7.98350273e-01
16.86994 7.50094621e-01
16.92834 6.84840030e-01
16.98694 6.17602357e-01
17.04574 5.61160100e-01
17.10474 5.20829138e-01
17.16395 4.97331770e-01
17.22337 4.90392539e-01
17.28299 5.00808779e-01
17.34281 5.31595206e-01
17.40285 5.88467743e-01
17.46309 6.77851870e-01
17.52354 7.97979932e-01
17.58420 9.25060946e-01
17.64507 1.01445417e+00
17.70615 1.03162956e+00
17.76744 9.78301253e-01
17.82894 8.89046064e-01
17.89066 8.07268590e-01
17.95259 7.59486420e-01
18.01473 7.51898327e-01
18.07709 7.81875786e-01
18.13967 8.47689906e-01
18.20246 9.49748634e-01
18.26547 1.08434244e+00
18.32870 1.23537636e+00
18.39214 1.37859389e+00
18.45581 1.50006812e+00
18.51969 1.60010292e+00
18.58380 1.68466090e+00
18.64813 1.76061083e+00
18.71268 1.83157908e+00
18.77746 1.89840592e+00
18.84246 1.96230462e+00
18.90768 2.02457340e+00
18.97313 2.08284440e+00
19.03881 2.12996657e+00
19.10472 2.15409308e+00
19.17085 2.14497466e+00
19.23721 2.10692075e+00
19.30380 2.05706754e+00
19.37062 2.00977222e+00
19.43768 1.97312312e+00
19.50496 1.95755826e+00
19.57248 1.97505985e+00
19.64023 2.02610209e+00
19.70822 2.06356859e+00
19.77644 2.02307490e+00
19.84490 1.91462435e+00
19.91359 1.80657118e+00
19.98252 1.75890382e+00
20.05169 1.76107685e+00
20.12110 1.77673291e+00
20.19076 1.77098324e+00
20.26065 1.71090893e+00
20.33078 1.59955862e+00
20.40116 1.48288563e+00
20.47178 1.40685880e+00
20.54264 1.38753521e+00
20.61375 1.41089276e+00
20.68511 1.44854103e+00
20.75671 1.48954856e+00
20.82856 1.51743624e+00
20.90066 1.51995190e+00
20.97301 1.52552459e+00
21.04561 1.56312185e+00
21.11846 1.60991314e+00
21.19157 1.61802422e+00
21.26492 1.58850866e+00
21.33853 1.56818180e+00
21.41240 1.57448305e+00
21.48652 1.58645254e+00
21.56090 1.58773410e+00
21.63553 1.58494050e+00
21.71043 1.58805529e+00
21.78558 1.60662466e+00
21.86099 1.64972795e+00
21.93666 1.71371461e+00
22.01260 1.76853032e+00
22.08880 1.77464935e+00
22.16526 1.74488936e+00
22.24199 1.73049533e+00
22.31898 1.74792188e+00
22.39624 1.78100965e+00
22.47377 1.82104824e+00
22.55156 1.86483863e+00
22.62962 1.90287300e+00
22.70796 1.92467384e+00
22.78656 1.93917710e+00
22.86544 1.95547190e+00
22.94459 1.96055393e+00
23.02402 1.94054418e+00
23.10372 1.89712320e+00
23.18369 1.83951109e+00
23.26394 1.77419958e+00
23.34447 1.70395119e+00
23.42528 1.62851248e+00
23.50637 1.54404632e+00
23.58774 1.45165249e+00
23.66939 1.36419777e+00
23.75133 1.29171246e+00
23.83354 1.23992217e+00
23.91604 1.22215653e+00
23.99883 1.25680003e+00
24.08191 1.34073508e+00
24.16527 1.40353817e+00
24.24892 1.38891165e+00
24.33286 1.36877053e+00
24.41709 1.36386641e+00
24.50161 1.40824741e+00
24.58642 1.51098350e+00
24.67153 1.61148570e+00
24.75693 1.66516392e+00
24.84263 1.67218441e+00
24.92863 1.62174139e+00
25.01492 1.53553715e+00
25.10151 1.48847022e+00
25.18840 1.52336009e+00
25.27559 1.65583495e+00
25.36309 1.86958765e+00
25.45088 2.14810175e+00
25.53898 2.41399736e+00
25.62739 2.47618622e+00
25.71610 2.26794001e+00
25.80512 1.98474926e+00
25.89444 1.76588874e+00
25.98408 1.53850560e+00
26.07403 1.28247340e+00
26.16428 1.07086992e+00
26.25485 9.36332952e-01
26.34574 8.72033405e-01
26.43694 8.56510898e-01
26.52845 8.68517857e-01
26.62028 9.05885696e-01
26.71243 9.76290332e-01
26.80489 1.07854100e+00
26.89768 1.19715431e+00
26.99079 1.30071274e+00
27.08422 1.39975458e+00
27.17798 1.49447123e+00
27.27205 1.57240988e+00
27.36646 1.63346685e+00
27.46119 1.68327233e+00
27.55625 1.72781645e+00
27.65164 1.76818409e+00
27.74736 1.78471892e+00
27.84341 1.73426040e+00
27.93979 1.58047995e+00
28.03650 1.35111763e+00
28.13355 1.11894979e+00
28.23094 9.28282073e-01
28.32867 7.86331357e-01
28.42673 6.86729783e-01
28.52513 6.22581271e-01
28.62387 5.88965032e-01
28.72295 5.78563449e-01
28.82238 5.80811669e-01
28.92215 5.95609750e-01
29.02227 6.30560901e-01
29.12273 6.85349351e-01
29.22354 7.70944382e-01
29.32470 9.00839192e-01
29.42621 1.03633259e+00
29.52807 1.07685631e+00
29.63029 9.57154363e-01
29.73286 7.58981556e-01
29.83578 5.87055583e-01
29.93906 4.66953006e-01
30.04269 3.87643076e-01
30.14669 3.35489344e-01
30.25104 3.01216926e-01
30.35576 2.79290874e-01
30.46084 2.66659429e-01
30.56628 2.62022648e-01
30.67209 2.65600445e-01
30.77826 2.79814572e-01
30.88481 3.11754866e-01
30.99172 3.80417513e-01
31.09900 5.31095440e-01
31.20665 7.40851784e-01
31.31467 7.83098384e-01
31.42307 6.69685955e-01
31.53184 5.26470070e-01
31.64099 5.02068540e-01
31.75052 5.48168794e-01
31.86043 5.89298734e-01
31.97072 6.47634695e-01
32.08139 7.80412673e-01
32.19244 9.92463343e-01
32.30388 1.26540924e+00
32.41570 1.54679095e+00
32.52791 1.80358452e+00
32.64051 2.03193110e+00
32.75349 2.20501340e+00
32.86687 2.31084702e+00
32.98064 2.35801736e+00
33.09481 2.30814976e+00
33.20937 2.17448867e+00
33.32433 2.03091190e+00
33.43968 1.93326564e+00
33.55544 1.90001542e+00
33.67159 1.81478358e+00
33.78815 1.55763090e+00
33.90511 1.28245750e+00
34.02247 1.15670449e+00
34.14024 1.18030842e+00
34.25842 1.16672562e+00
34.37701 9.93687673e-01
34.49601 8.57351213e-01
34.61542 8.27547224e-01
34.73525 8.90402484e-01
34.85549 1.05800587e+00
34.97614 1.37599028e+00
35.09721 1.67294449e+00
35.21871 1.62723691e+00
35.34062 1.43206153e+00
35.46295 1.38942310e+00
35.58571 1.35984479e+00
35.70889 1.17510683e+00
35.83250 9.43086769e-01
35.95654 8.67752002e-01
36.08101 1.04104360e+00
36.20590 1.38890357e+00
36.33123 1.45574857e+00
36.45700 1.01127340e+00
36.58320 6.17084875e-01
36.70983 4.05424747e-01
36.83691 2.92727069e-01
36.96442 2.26275418e-01
37.09238 1.83297732e-01
37.22077 1.53487963e-01
37.34962 1.31720881e-01
37.47890 1.15159574e-01
37.60864 1.02168316e-01
37.73883 9.17101048e-02
37.86946 8.31216485e-02
38.00055 7.59430654e-02
38.13209 6.98593330e-02
38.26409 6.46374046e-02
38.39654 6.01083870e-02
38.52946 5.61439376e-02
38.66283 5.26448402e-02
38.79667 4.95347046e-02
38.93096 4.67524008e-02
39.06573 4.42488002e-02
39.20096 4.19843203e-02
39.33665 3.99267133e-02
39.47282 3.80488864e-02
39.60946 3.63283908e-02
39.74657 3.47463833e-02
39.88416 3.32869242e-02
40.02222 3.19364094e-02
40.16076 3.06831706e-02
40.29978 2.95171777e-02
40.43928 2.84296930e-02
40.57926 2.74131150e-02
40.71973 2.64607972e-02
40.86069 2.55669230e-02
41.00213 2.47263378e-02
41.14406 2.39344860e-02
41.28648 2.31873095e-02
41.42940 2.24811985e-02
41.57281 2.18129341e-02
41.71672 2.11796258e-02
41.86113 2.05786807e-02
42.00603 2.00077811e-02
42.15144 1.94647820e-02
42.29735 1.89477644e-02
42.44377 1.84550292e-02
42.59069 1.79849868e-02
42.73812 1.75361898e-02
42.88606 1.71073702e-02
43.03451 1.66973126e-02
43.18348 1.63049463e-02
43.33297 1.59292943e-02
43.48297 1.55694470e-02
43.63349 1.52245935e-02
43.78453 1.48939867e-02
43.93609 1.45769640e-02
44.08818 1.42729168e-02
44.24079 1.39812883e-02
44.39394 1.37016331e-02
44.54761 1.34335082e-02
44.70182 1.31765485e-02
44.85655 1.29304841e-02
45.01183 1.26950713e-02
45.16764 1.24701494e-02
45.32399 1.22556299e-02
45.48089 1.20515226e-02
45.63832 1.18579413e-02
45.79630 1.16750888e-02
45.95483 1.15033305e-02
46.11391 1.13431903e-02
46.27353 1.11954138e-02
46.43371 1.10610172e-02
46.59445 1.09413650e-02
46.75574 1.08382926e-02
46.91759 1.07542590e-02
47.08000 1.06925767e-02
47.24297 1.06578018e-02
47.40650 1.06561221e-02
47.57060 1.06962260e-02
47.73527 1.07905276e-02
47.90051 1.09571719e-02
48.06633 1.12237375e-02
48.23271 1.16324124e-02
48.39967 1.22515833e-02
48.56721 1.31982037e-02
48.73533 1.46785286e-02
48.90403 1.70874599e-02
49.07332 2.12297632e-02
49.24319 2.88395440e-02
49.41365 4.35097209e-02
49.58470 6.84215322e-02
49.75634 8.35637433e-02
49.92858 6.28176355e-02
50.10141 3.92116891e-02
50.27484 2.59986984e-02
50.44887 1.90422090e-02
50.62350 1.51239107e-02
50.79874 1.27354909e-02
50.97458 1.11748122e-02
51.15104 1.00934027e-02
51.32810 9.30690156e-03
51.50578 8.71112194e-03
51.68407 8.24395757e-03
51.86298 7.86667390e-03
52.04250 7.55415872e-03
52.22265 7.28957912e-03
52.40343 7.06131872e-03
52.58482 6.86116352e-03
52.76685 6.68316570e-03
52.94951 6.52293898e-03
53.13280 6.37718887e-03
53.31672 6.24340057e-03
53.50128 6.11963646e-03
53.68648 6.00437140e-03
53.87232 5.89638616e-03
54.05880 5.79470660e-03
54.24593 5.69855885e-03
54.43371 5.60728444e-03
54.62214 5.52036389e-03
54.81122 5.43734921e-03
55.00095 5.35787188e-03
55.19134 5.28162731e-03
55.38239 5.20834156e-03
55.57410 5.13780106e-03
55.76647 5.06980601e-03
55.95951 5.00419524e-03
56.15322 4.94083022e-03
56.34760 4.87958664e-03
56.54265 4.82035882e-03
56.73838 4.76305484e-03
56.93479 4.70760280e-03
57.13187 4.65393518e-03
57.32964 4.60199162e-03
57.52809 4.55173082e-03
57.72723 4.50311282e-03
57.92705 4.45611010e-03
58.12757 4.41069511e-03
58.32879 4.36685766e-03
58.53070 4.32459019e-03
58.73331 4.28389093e-03
58.93662 4.24476565e-03
59.14063 4.20722856e-03
59.34535 4.17130496e-03
59.55078 4.13702461e-03
59.75692 4.10442436e-03
59.96377 4.07355836e-03
60.17134 4.04448524e-03
60.37963 4.01727382e-03
60.58864 3.99201510e-03
60.79837 3.96881077e-03
61.00883 3.94777583e-03
61.22002 3.92904835e-03
61.43194 3.91279795e-03
61.64459 3.89920223e-03
61.85797 3.88848806e-03
62.07210 3.88091032e-03
62.28697 3.87676868e-03
62.50258 3.87641348e-03
62.71894 3.88026252e-03
62.93605 3.88880242e-03
63.15390 3.90261259e-03
63.37252 3.92238258e-03
63.59189 3.94893866e-03
63.81201 3.98327407e-03
64.03290 4.02659870e-03
64.25456 4.08037998e-03
64.47698 4.14642720e-03
64.70017 4.22699144e-03
64.92414 4.32489788e-03
65.14888 4.44368653e-03
65.37440 4.58790217e-03
65.60070 4.76343180e-03
65.82778 4.97805474e-03
66.05565 5.24201096e-03
66.28430 5.56929979e-03
66.51375 5.97921436e-03
66.74400 6.49894744e-03
66.97504 7.16789604e-03
67.20688 8.04454740e-03
67.43952 9.21846076e-03
67.67297 1.08327502e-02
67.90722 1.31235118e-02
68.14229 1.65012365e-02
68.37817 2.17155591e-02
68.61486 3.01954956e-02
68.85238 4.46773770e-02
69.09072 6.95433057e-02
69.32988 1.04926869e-01
69.56987 1.24695481e-01
69.81069 1.02009872e-01
70.05235 6.71112753e-02
70.29484 4.29934138e-02
70.53817 2.89467461e-02
70.78235 2.07047390e-02
71.02737 1.56194645e-02
71.27323 1.23096633e-02
71.51995 1.00512986e-02
71.76752 8.44777799e-03
72.01595 7.26972744e-03
72.26524 6.37930187e-03
72.51539 5.68958428e-03
72.76641 5.14396688e-03
73.01830 4.70429899e-03
73.27106 4.34427804e-03
73.52469 4.04516323e-03
73.77920 3.79345208e-03
74.03460 3.57918967e-03
74.29087 3.39486485e-03
74.54804 3.23477843e-03
74.80609 3.09452726e-03
75.06504 2.97066902e-03
75.32488 2.86047533e-03
75.58563 2.76177058e-03
75.84727 2.67279830e-03
76.10982 2.59212794e-03
76.37328 2.51858334e-03
76.63766 2.45119657e-03
76.90295 2.38916222e-03
77.16915 2.33180053e-03
77.43628 2.27854051e-03
77.70433 2.22890176e-03
77.97331 2.18247001e-03
78.24322 2.13889141e-03
78.51407 2.09786359e-03
78.78585 2.05912548e-03
79.05857 2.02244220e-03
79.33224 1.98762461e-03
79.60686 1.95449022e-03
79.88242 1.92289163e-03
80.15894 1.89268897e-03
80.43642 1.86376992e-03
80.71486 1.83602294e-03
80.99426 1.80935639e-03
81.27463 1.78368617e-03
81.55596 1.75893894e-03
81.83828 1.73504344e-03
82.12157 1.71194181e-03
82.40584 1.68958037e-03
82.69109 1.66790727e-03
82.97733 1.64688027e-03
83.26457 1.62645676e-03
83.55279 1.60660028e-03
83.84202 1.58727780e-03
84.13225 1.56845788e-03
84.42348 1.55011411e-03
84.71572 1.53221727e-03
85.00897 1.51474592e-03
85.30323 1.49768007e-03
85.59852 1.48099508e-03
85.89482 1.46467528e-03
86.19215 1.44870251e-03
86.49052 1.43306168e-03
86.78991 1.41773676e-03
87.09034 1.40271464e-03
87.39181 1.38798316e-03
87.69432 1.37352887e-03
87.99789 1.35934152e-03
88.30250 1.34541102e-03
88.60816 1.33172685e-03
88.91489 1.31827973e-03
89.22267 1.30506296e-03
89.53153 1.29206571e-03
89.84145 1.27928197e-03
90.15244 1.26670429e-03
90.46451 1.25432535e-03
90.77766 1.24214079e-03
91.09190 1.23014107e-03
91.40722 1.21832415e-03
91.72363 1.20668260e-03
92.04114 1.19521070e-03
92.35975 1.18390629e-03
92.67946 1.17276140e-03
93.00028 1.16177475e-03
93.32221 1.15093915e-03
93.64525 1.14025283e-03
93.96941 1.12971134e-03
94.29469 1.11931055e-03
94.62110 1.10904695e-03
94.94864 1.09891887e-03
95.27731 1.08892061e-03
95.60712 1.07905267e-03
95.93807 1.06930798e-03
96.27017 1.05968561e-03
96.60342 1.05018303e-03
96.93782 1.04079727e-03
97.27338 1.03152651e-03
97.61010 1.02236816e-03
97.94798 1.01331931e-03
98.28704 1.00437773e-03
98.62727 9.95541684e-04
98.96867 9.86809447e-04
99.31126 9.78178664e-04
99.65504 9.69646982e-04
100.00000 9.61212803e-04
