        2000  4.000000 3.330000
0.10000 1.71368057e-01
0.10035 1.71106322e-01
0.10069 1.70740668e-01
0.10104 1.70114415e-01
0.10139 1.69509917e-01
0.10174 1.69260739e-01
0.10210 1.68531815e-01
0.10245 1.67766969e-01
0.10280 1.68021138e-01
0.10316 1.66857343e-01
0.10352 1.66857035e-01
0.10387 1.66235346e-01
0.10423 1.65794182e-01
0.10459 1.65773338e-01
0.10496 1.65357647e-01
0.10532 1.64791281e-01
0.10568 1.63508713e-01
0.10605 1.63334884e-01
0.10642 1.63117513e-01
0.10679 1.62302335e-01
0.10716 1.61742167e-01
0.10753 1.61378472e-01
0.10790 1.61019128e-01
0.10827 1.60161971e-01
0.10865 1.59711204e-01
0.10902 1.59771535e-01
0.10940 1.59483267e-01
0.10978 1.58282312e-01
0.11016 1.57506295e-01
0.11054 1.57663098e-01
0.11092 1.57143464e-01
0.11131 1.56804556e-01
0.11169 1.56069564e-01
0.11208 1.55713653e-01
0.11247 1.55543708e-01
0.11286 1.55212904e-01
0.11325 1.54256493e-01
0.11364 1.54027395e-01
0.11403 1.53476781e-01
0.11443 1.53261720e-01
0.11482 1.52743732e-01
0.11522 1.52264531e-01
0.11562 1.51921491e-01
0.11602 1.50917974e-01
0.11642 1.50938611e-01
0.11682 1.50409742e-01
0.11723 1.50432232e-01
0.11763 1.49143555e-01
0.11804 1.48687424e-01
0.11845 1.48616982e-01
0.11886 1.48010674e-01
0.11927 1.47541703e-01
0.11968 1.47071584e-01
0.12010 1.46788117e-01
0.12051 1.46392637e-01
0.12093 1.45780947e-01
0.12135 1.44858599e-01
0.12177 1.44940852e-01
0.12219 1.44440345e-01
0.12262 1.44505158e-01
0.12304 1.44041337e-01
0.12347 1.43564884e-01
0.12389 1.43635237e-01
0.12432 1.43247146e-01
0.12475 1.42196500e-01
0.12518 1.41929916e-01
0.12562 1.41430286e-01
0.12605 1.40557269e-01
0.12649 1.40487011e-01
0.12693 1.40507980e-01
0.12737 1.39725918e-01
0.12781 1.39022746e-01
0.12825 1.38799550e-01
0.12869 1.38365703e-01
0.12914 1.37646317e-01
0.12959 1.37616699e-01
0.13003 1.37398967e-01
0.13048 1.36402785e-01
0.13094 1.35986840e-01
0.13139 1.36332035e-01
0.13184 1.36299552e-01
0.13230 1.35054677e-01
0.13276 1.35195224e-01
0.13322 1.34169773e-01
0.13368 1.33838496e-01
0.13414 1.33511114e-01
0.13461 1.32844705e-01
0.13507 1.33603602e-01
0.13554 1.32662340e-01
0.13601 1.32227510e-01
0.13648 1.31473272e-01
0.13695 1.31284548e-01
0.13743 1.31033552e-01
0.13790 1.30528754e-01
0.13838 1.29829182e-01
0.13886 1.29384276e-01
0.13934 1.29435780e-01
0.13982 1.28785172e-01
0.14031 1.28348744e-01
0.14079 1.27615688e-01
0.14128 1.26976458e-01
0.14177 1.27593511e-01
0.14226 1.26198386e-01
0.14275 1.26678285e-01
0.14324 1.26421683e-01
0.14374 1.25980004e-01
0.14424 1.25185291e-01
0.14474 1.25393302e-01
0.14524 1.25256538e-01
0.14574 1.24217927e-01
0.14625 1.24161989e-01
0.14675 1.24014759e-01
0.14726 1.23743416e-01
0.14777 1.22615472e-01
0.14828 1.23302630e-01
0.14879 1.22304637e-01
0.14931 1.22477542e-01
0.14983 1.21561179e-01
0.15034 1.21529419e-01
0.15087 1.20820250e-01
0.15139 1.20590359e-01
0.15191 1.20364309e-01
0.15244 1.19971334e-01
0.15297 1.19387391e-01
0.15349 1.19071139e-01
0.15403 1.18306316e-01
0.15456 1.18277853e-01
0.15509 1.18237271e-01
0.15563 1.17386099e-01
0.15617 1.17431464e-01
0.15671 1.16774705e-01
0.15725 1.16877335e-01
0.15780 1.15752345e-01
0.15834 1.16355919e-01
0.15889 1.15611112e-01
0.15944 1.15490995e-01
0.15999 1.15522827e-01
0.16055 1.14954039e-01
0.16110 1.14289892e-01
0.16166 1.14760124e-01
0.16222 1.13981815e-01
0.16278 1.13288891e-01
0.16335 1.13085977e-01
0.16391 1.12947348e-01
0.16448 1.12470670e-01
0.16505 1.11795163e-01
0.16562 1.11814255e-01
0.16619 1.11420438e-01
0.16677 1.10746103e-01
0.16734 1.10008933e-01
0.16792 1.10071211e-01
0.16851 1.09641538e-01
0.16909 1.09274077e-01
0.16967 1.09273018e-01
0.17026 1.08904995e-01
0.17085 1.08729597e-01
0.17144 1.08222620e-01
0.17204 1.07991734e-01
0.17263 1.07520188e-01
0.17323 1.07560107e-01
0.17383 1.06903561e-01
0.17443 1.06763648e-01
0.17503 1.06417849e-01
0.17564 1.05986234e-01
0.17625 1.06095771e-01
0.17686 1.05385531e-01
0.17747 1.05101732e-01
0.17808 1.05128662e-01
0.17870 1.05020912e-01
0.17932 1.04622869e-01
0.17994 1.03638942e-01
0.18056 1.03814399e-01
0.18119 1.03948203e-01
0.18182 1.02779997e-01
0.18244 1.02373500e-01
0.18308 1.02842370e-01
0.18371 1.02369427e-01
0.18435 1.01845436e-01
0.18498 1.01434908e-01
0.18562 1.01769589e-01
0.18627 1.00861426e-01
0.18691 1.00471310e-01
0.18756 1.00453413e-01
0.18821 1.00717374e-01
0.18886 1.00483996e-01
0.18951 1.00079909e-01
0.19017 9.97490104e-02
0.19083 9.89797715e-02
0.19149 9.91690694e-02
0.19215 9.90858520e-02
0.19282 9.83231547e-02
0.19348 9.77529462e-02
0.19415 9.72673997e-02
0.19483 9.74389672e-02
0.19550 9.72146525e-02
0.19618 9.65386240e-02
0.19686 9.59773843e-02
0.19754 9.61436949e-02
0.19822 9.54357339e-02
0.19891 9.56867538e-02
0.19960 9.56640210e-02
0.20029 9.49364293e-02
0.20098 9.49654906e-02
0.20168 9.45720178e-02
0.20237 9.47858659e-02
0.20307 9.35801277e-02
0.20378 9.26553053e-02
0.20448 9.23666461e-02
0.20519 9.31705288e-02
0.20590 9.32604950e-02
0.20661 9.21742106e-02
0.20733 9.18437147e-02
0.20805 9.25031909e-02
0.20877 9.22545746e-02
0.20949 9.18046901e-02
0.21021 9.12974526e-02
0.21094 9.05348501e-02
0.21167 9.08584550e-02
0.21240 9.03734768e-02
0.21314 8.97933642e-02
0.21388 9.04020882e-02
0.21462 8.95187294e-02
0.21536 8.88483427e-02
0.21611 8.88634506e-02
0.21685 8.90364034e-02
0.21760 8.80093603e-02
0.21836 8.77365312e-02
0.21911 8.81051637e-02
0.21987 8.81868064e-02
0.22063 8.68794928e-02
0.22140 8.75633534e-02
0.22216 8.82113507e-02
0.22293 8.66559062e-02
0.22370 8.63641154e-02
0.22448 8.68582400e-02
0.22526 8.62558090e-02
0.22604 8.56727482e-02
0.22682 8.55200595e-02
0.22760 8.54671939e-02
0.22839 8.50454650e-02
0.22918 8.49007269e-02
0.22998 8.53768370e-02
0.23077 8.48996909e-02
0.23157 8.34511675e-02
0.23237 8.40668416e-02
0.23318 8.40459322e-02
0.23398 8.35712251e-02
0.23479 8.36000141e-02
0.23561 8.23559261e-02
0.23642 8.19050352e-02
0.23724 8.34784824e-02
0.23806 8.15792458e-02
0.23889 8.10593336e-02
0.23971 8.24320810e-02
0.24054 8.07168853e-02
0.24137 8.14248936e-02
0.24221 8.14572109e-02
0.24305 8.07466925e-02
0.24389 8.02529704e-02
0.24473 8.05995272e-02
0.24558 7.93523134e-02
0.24643 8.02266797e-02
0.24728 7.94757928e-02
0.24814 7.81738605e-02
0.24900 7.82234760e-02
0.24986 7.91866541e-02
0.25073 7.82386667e-02
0.25159 7.84423739e-02
0.25246 7.93046456e-02
0.25334 7.77003256e-02
0.25422 7.77389062e-02
0.25510 7.71657141e-02
0.25598 7.81423306e-02
0.25687 7.61516299e-02
0.25775 7.67441982e-02
0.25865 7.68150488e-02
0.25954 7.63374054e-02
0.26044 7.68472654e-02
0.26134 7.58788245e-02
0.26225 7.54594221e-02
0.26315 7.53437867e-02
0.26406 7.47615902e-02
0.26498 7.56586952e-02
0.26590 7.43204496e-02
0.26682 7.44386957e-02
0.26774 7.52613093e-02
0.26867 7.39629171e-02
0.26960 7.46177875e-02
0.27053 7.41261789e-02
0.27147 7.37124064e-02
0.27241 7.38071027e-02
0.27335 7.25542413e-02
0.27430 7.27064090e-02
0.27525 7.24527606e-02
0.27620 7.34304546e-02
0.27715 7.20082338e-02
0.27811 7.13854734e-02
0.27908 7.25728834e-02
0.28004 7.13331998e-02
0.28101 7.18509098e-02
0.28198 7.07807454e-02
0.28296 7.11460035e-02
0.28394 7.18566522e-02
0.28492 7.07099778e-02
0.28591 6.91269579e-02
0.28690 7.11266155e-02
0.28789 7.11945949e-02
0.28889 6.90830552e-02
0.28989 7.05728646e-02
0.29089 6.98668750e-02
0.29190 6.91219614e-02
0.29291 6.85105438e-02
0.29392 6.90221206e-02
0.29494 6.89270810e-02
0.29596 6.83825475e-02
0.29699 6.80309528e-02
0.29801 6.79180051e-02
0.29905 6.79543125e-02
0.30008 6.79900811e-02
0.30112 6.72815104e-02
0.30216 6.65682866e-02
0.30321 6.77566318e-02
0.30426 6.68336387e-02
0.30531 6.63015195e-02
0.30637 6.67618291e-02
0.30743 6.64756030e-02
0.30849 6.55273670e-02
0.30956 6.73089378e-02
0.31063 6.58029490e-02
0.31171 6.52369851e-02
0.31279 6.53255424e-02
0.31387 6.51978302e-02
0.31496 6.50675488e-02
0.31605 6.50089290e-02
0.31714 6.41927208e-02
0.31824 6.47663747e-02
0.31934 6.42626597e-02
0.32044 6.42676798e-02
0.32155 6.39505277e-02
0.32267 6.35869035e-02
0.32378 6.48561278e-02
0.32490 6.39058672e-02
0.32603 6.25014064e-02
0.32716 6.30359765e-02
0.32829 6.33867069e-02
0.32943 6.23097760e-02
0.33057 6.31970360e-02
0.33171 6.13765590e-02
0.33286 6.18744606e-02
0.33401 6.26972400e-02
0.33517 6.09920195e-02
0.33633 6.10822936e-02
0.33749 6.17705646e-02
0.33866 6.13170098e-02
0.33983 6.07256846e-02
0.34101 6.07926458e-02
0.34219 6.18644322e-02
0.34337 6.16370805e-02
0.34456 6.01121714e-02
0.34576 6.04236166e-02
0.34695 5.95324376e-02
0.34815 6.04840658e-02
0.34936 5.98196405e-02
0.35057 5.87904070e-02
0.35178 5.99635438e-02
0.35300 5.98028218e-02
0.35422 5.84445666e-02
0.35545 5.92036053e-02
0.35668 5.95140797e-02
0.35791 5.85863328e-02
0.35915 5.81644381e-02
0.36039 5.88220554e-02
0.36164 5.84596744e-02
0.36289 5.75656064e-02
0.36415 5.86074494e-02
0.36541 5.84887061e-02
0.36668 5.67453371e-02
0.36795 5.70574632e-02
0.36922 5.83897829e-02
0.37050 5.76133630e-02
0.37178 5.81948077e-02
0.37307 5.64581342e-02
0.37436 5.66291394e-02
0.37565 5.67784181e-02
0.37695 5.61040768e-02
0.37826 5.58225749e-02
0.37957 5.52522598e-02
0.38088 5.60999210e-02
0.38220 5.51438824e-02
0.38352 5.47837747e-02
0.38485 5.50452907e-02
0.38618 5.61681845e-02
0.38752 5.45786822e-02
0.38886 5.46730648e-02
0.39021 5.49030331e-02
0.39156 5.48759906e-02
0.39291 5.40711488e-02
0.39427 5.50543306e-02
0.39564 5.39296904e-02
0.39701 5.47903637e-02
0.39838 5.44667765e-02
0.39976 5.39187088e-02
0.40115 5.37602008e-02
0.40253 5.36628582e-02
0.40393 5.42264955e-02
0.40533 5.27570272e-02
0.40673 5.25767514e-02
0.40814 5.28696197e-02
0.40955 5.27924051e-02
0.41097 5.21833674e-02
0.41239 5.36428901e-02
0.41382 5.13977893e-02
0.41525 5.22238838e-02
0.41669 5.17883613e-02
0.41813 5.13400752e-02
0.41958 5.24356304e-02
0.42103 5.20460115e-02
0.42249 5.01061222e-02
0.42395 5.15208898e-02
0.42542 5.16288706e-02
0.42689 5.08227382e-02
0.42837 5.03507366e-02
0.42985 5.06680546e-02
0.43134 5.05366365e-02
0.43283 4.99594602e-02
0.43433 5.06879754e-02
0.43583 5.00365800e-02
0.43734 5.01784291e-02
0.43886 4.90961525e-02
0.44037 5.05243762e-02
0.44190 4.94804256e-02
0.44343 4.94919163e-02
0.44496 4.94257840e-02
0.44650 4.92185248e-02
0.44805 4.79307472e-02
0.44960 4.96884722e-02
0.45116 4.87483466e-02
0.45272 4.78359206e-02
0.45429 4.88316765e-02
0.45586 4.75721906e-02
0.45744 4.90404453e-02
0.45902 4.84703670e-02
0.46061 4.67354637e-02
0.46220 4.83921816e-02
0.46380 4.70464354e-02
0.46541 4.77700666e-02
0.46702 4.76305736e-02
0.46864 4.65682355e-02
0.47026 4.78964586e-02
0.47189 4.60266917e-02
0.47352 4.77182014e-02
0.47516 4.71528651e-02
0.47680 4.63402267e-02
0.47845 4.53670142e-02
0.48011 4.79926349e-02
0.48177 4.64965798e-02
0.48344 4.57771578e-02
0.48511 4.86539581e-02
0.48679 4.54767947e-02
0.48848 4.64710883e-02
0.49017 4.57404242e-02
0.49186 4.60498330e-02
0.49357 4.52976496e-02
0.49528 4.55901864e-02
0.49699 4.56263754e-02
0.49871 4.56558629e-02
0.50044 4.53628702e-02
0.50217 4.58065210e-02
0.50391 4.51277693e-02
0.50565 4.47431232e-02
0.50740 4.38653707e-02
0.50916 4.42166339e-02
0.51092 4.52744373e-02
0.51269 4.35189086e-02
0.51446 4.40324272e-02
0.51625 4.36653339e-02
0.51803 4.39210779e-02
0.51983 4.47315141e-02
0.52163 4.26175176e-02
0.52343 4.38316090e-02
0.52524 4.36242195e-02
0.52706 4.33933158e-02
0.52889 4.24499520e-02
0.53072 4.28405832e-02
0.53255 4.39833149e-02
0.53440 4.26421389e-02
0.53625 4.24898350e-02
0.53810 4.36047309e-02
0.53997 4.26105971e-02
0.54183 4.18358053e-02
0.54371 4.32011586e-02
0.54559 4.30547155e-02
0.54748 4.10682832e-02
0.54938 4.09476218e-02
0.55128 4.29112739e-02
0.55319 4.24383666e-02
0.55510 4.21257846e-02
0.55702 4.21238784e-02
0.55895 4.19768789e-02
0.56089 4.20201600e-02
0.56283 4.15079616e-02
0.56478 4.11079709e-02
0.56673 4.10713853e-02
0.56869 4.12143474e-02
0.57066 4.00144581e-02
0.57264 4.14305931e-02
0.57462 4.15930498e-02
0.57661 3.92783594e-02
0.57860 4.01428688e-02
0.58061 4.16710931e-02
0.58262 3.91646598e-02
0.58463 3.89693709e-02
0.58666 4.12899162e-02
0.58869 4.02693259e-02
0.59073 3.88149122e-02
0.59277 3.96603947e-02
0.59482 3.93769806e-02
0.59688 3.89859173e-02
0.59895 3.94412245e-02
0.60102 3.89320334e-02
0.60310 3.97099688e-02
0.60519 3.86435696e-02
0.60728 3.84709838e-02
0.60939 3.98271078e-02
0.61150 3.82472907e-02
0.61361 3.86948546e-02
0.61574 3.95635317e-02
0.61787 3.78692158e-02
0.62001 3.79420674e-02
0.62215 3.88190088e-02
0.62431 3.74771046e-02
0.62647 3.78822043e-02
0.62864 3.78429192e-02
0.63081 3.73081182e-02
0.63300 3.80506224e-02
0.63519 3.82215861e-02
0.63739 3.69970104e-02
0.63959 3.68678182e-02
0.64181 3.73984101e-02
0.64403 3.60948557e-02
0.64626 3.74029270e-02
0.64849 3.75162299e-02
0.65074 3.55495408e-02
0.65299 3.72762272e-02
0.65525 3.71761318e-02
0.65752 3.69908122e-02
0.65980 3.60328614e-02
0.66208 3.64581838e-02
0.66437 3.67692917e-02
0.66667 3.56829658e-02
0.66898 3.62166774e-02
0.67130 3.60573288e-02
0.67362 3.66473160e-02
0.67595 3.58139872e-02
0.67829 3.59559962e-02
0.68064 3.55707403e-02
0.68299 3.62263389e-02
0.68536 3.48945342e-02
0.68773 3.43679562e-02
0.69011 3.50301970e-02
0.69250 3.59911906e-02
0.69490 3.60463709e-02
0.69730 3.43274101e-02
0.69972 3.52319920e-02
0.70214 3.73534536e-02
0.70457 3.38284488e-02
0.70701 3.40418944e-02
0.70946 3.46261451e-02
0.71191 3.40077419e-02
0.71438 3.49874368e-02
0.71685 3.42775459e-02
0.71933 3.31238149e-02
0.72182 3.56075923e-02
0.72432 3.37094154e-02
0.72683 3.27588765e-02
0.72934 3.47698590e-02
0.73187 3.50147813e-02
0.73440 3.24649662e-02
0.73694 3.40326474e-02
0.73949 3.48501757e-02
0.74205 3.43128765e-02
0.74462 3.26353142e-02
0.74720 3.25651030e-02
0.74979 3.37032053e-02
0.75238 3.31410184e-02
0.75499 3.33503674e-02
0.75760 3.42341523e-02
0.76022 3.33368816e-02
0.76285 3.18285011e-02
0.76549 3.47978310e-02
0.76814 3.39391469e-02
0.77080 3.25188974e-02
0.77347 3.30413966e-02
0.77615 3.46535843e-02
0.77884 3.19920411e-02
0.78153 3.19949301e-02
0.78424 3.42238870e-02
0.78695 3.09565443e-02
0.78968 3.33259651e-02
0.79241 3.16253563e-02
0.79515 3.22616024e-02
0.79790 3.27462610e-02
0.80067 3.14072635e-02
0.80344 3.15165941e-02
0.80622 3.15647888e-02
0.80901 3.20867966e-02
0.81181 3.19004824e-02
0.81462 2.95332106e-02
0.81744 3.12997622e-02
0.82027 3.09729901e-02
0.82311 3.09638614e-02
0.82596 3.20799590e-02
0.82882 3.13580387e-02
0.83169 2.96364317e-02
0.83457 3.07751614e-02
0.83745 3.20432373e-02
0.84035 3.05006155e-02
0.84326 3.06944541e-02
0.84618 3.00579416e-02
0.84911 3.03630880e-02
0.85205 3.10567581e-02
0.85500 3.10552011e-02
0.85796 3.18119902e-02
0.86093 2.99313602e-02
0.86391 3.04124786e-02
0.86690 3.23446363e-02
0.86990 3.04731230e-02
0.87291 2.96214067e-02
0.87593 3.04110755e-02
0.87897 2.93735778e-02
0.88201 2.96478218e-02
0.88506 3.11461442e-02
0.88813 2.93873062e-02
0.89120 2.96333059e-02
0.89428 3.07119358e-02
0.89738 2.96142909e-02
0.90049 2.93629810e-02
0.90360 3.00977654e-02
0.90673 2.90671408e-02
0.90987 2.92290232e-02
0.91302 2.88246102e-02
0.91618 2.90611734e-02
0.91935 2.87001718e-02
0.92253 2.90240550e-02
0.92573 2.75521299e-02
0.92893 2.93863117e-02
0.93215 2.86374968e-02
0.93537 3.00332078e-02
0.93861 2.98954909e-02
0.94186 2.70858944e-02
0.94512 2.92730325e-02
0.94839 2.81187272e-02
0.95168 2.99520742e-02
0.95497 2.78492310e-02
0.95828 2.87601533e-02
0.96159 2.92504536e-02
0.96492 2.73169106e-02
0.96826 2.99580120e-02
0.97161 2.99473382e-02
0.97498 2.74902896e-02
0.97835 2.79533757e-02
0.98174 3.04076242e-02
0.98514 2.91802720e-02
0.98855 2.80014283e-02
0.99197 2.74514899e-02
0.99540 2.81764531e-02
0.99885 2.74725947e-02
1.00231 2.74690605e-02
1.00578 2.96299848e-02
1.00926 2.80427854e-02
1.01275 2.76323933e-02
1.01626 2.72732565e-02
1.01978 2.72231792e-02
1.02330 2.82364109e-02
1.02685 2.55519514e-02
1.03040 2.75310962e-02
1.03397 2.86923101e-02
1.03755 2.89849534e-02
1.04114 2.75936114e-02
1.04474 2.57075171e-02
1.04836 2.68566483e-02
1.05199 2.58263434e-02
1.05563 2.61673117e-02
1.05928 2.95768054e-02
1.06295 2.74851984e-02
1.06663 2.79038904e-02
1.07032 2.73593333e-02
1.07403 2.44829118e-02
1.07775 2.52820467e-02
1.08148 2.75411246e-02
1.08522 2.70295005e-02
1.08898 2.68679318e-02
1.09275 2.69446195e-02
1.09653 2.62637189e-02
1.10032 2.41829514e-02
1.10413 2.48115074e-02
1.10796 2.59064469e-02
1.11179 2.58782026e-02
1.11564 2.65125365e-02
1.11950 2.75194515e-02
1.12338 2.43875880e-02
1.12726 2.46424618e-02
1.13117 2.43899382e-02
1.13508 2.47479502e-02
1.13901 2.55117013e-02
1.14295 2.71632925e-02
1.14691 2.51292930e-02
1.15088 2.56842515e-02
1.15487 2.37792370e-02
1.15886 2.36918518e-02
1.16287 2.44543952e-02
1.16690 2.52611136e-02
1.17094 2.48897283e-02
1.17499 2.63595696e-02
1.17906 2.46725590e-02
1.18314 2.42096269e-02
1.18724 2.39220096e-02
1.19135 2.39859989e-02
1.19547 2.42874867e-02
1.19961 2.37959018e-02
1.20376 2.41531146e-02
1.20793 2.47622843e-02
1.21211 2.58878640e-02
1.21630 2.35122746e-02
1.22052 2.24586626e-02
1.22474 2.44977296e-02
1.22898 2.33929984e-02
1.23323 2.39008634e-02
1.23750 2.31660019e-02
1.24179 2.29138395e-02
1.24609 2.41207026e-02
1.25040 2.37972042e-02
1.25473 2.24222131e-02
1.25907 2.29578192e-02
1.26343 2.27868733e-02
1.26780 2.25173298e-02
1.27219 2.26582453e-02
1.27659 2.40533803e-02
1.28101 2.20913212e-02
1.28545 2.18346058e-02
1.28990 2.37364709e-02
1.29436 2.25267023e-02
1.29884 2.21942458e-02
1.30334 2.15255859e-02
1.30785 2.20562861e-02
1.31238 2.16538504e-02
1.31692 2.19321324e-02
1.32148 2.19676122e-02
1.32605 2.22135746e-02
1.33064 2.22671902e-02
1.33525 2.21045222e-02
1.33987 2.15682602e-02
1.34451 2.18715406e-02
1.34916 2.16422880e-02
1.35383 2.20099029e-02
1.35852 2.22021904e-02
1.36322 2.23343366e-02
1.36794 2.14677605e-02
1.37268 2.18236094e-02
1.37743 2.24969709e-02
1.38220 2.11339968e-02
1.38698 2.08220940e-02
1.39178 2.20826538e-02
1.39660 2.18560776e-02
1.40144 2.13532429e-02
1.40629 2.07750613e-02
1.41115 2.36476235e-02
1.41604 2.10224836e-02
1.42094 2.01969869e-02
1.42586 2.13715309e-02
1.43080 1.99093436e-02
1.43575 2.03116538e-02
1.44072 2.06017539e-02
1.44571 2.05364386e-02
1.45071 2.14598863e-02
1.45573 1.99229821e-02
1.46077 2.11236155e-02
1.46583 2.00282302e-02
1.47090 1.99131472e-02
1.47599 1.93883949e-02
1.48110 2.08491430e-02
1.48623 2.14748355e-02
1.49137 2.16949536e-02
1.49654 2.06398959e-02
1.50172 2.11785259e-02
1.50692 1.89571158e-02
1.51213 2.18679946e-02
1.51737 2.07293962e-02
1.52262 1.96250830e-02
1.52789 2.40414042e-02
1.53318 2.06608036e-02
1.53849 1.93321004e-02
1.54381 1.98287168e-02
1.54916 2.03479742e-02
1.55452 1.87887812e-02
1.55990 2.04258826e-02
1.56530 1.95666579e-02
1.57072 1.88551118e-02
1.57615 2.04935334e-02
1.58161 2.02886037e-02
1.58709 2.10981370e-02
1.59258 1.92465848e-02
1.59809 2.15013707e-02
1.60362 2.17611279e-02
1.60918 1.83206447e-02
1.61475 2.02356931e-02
1.62034 2.04974944e-02
1.62594 1.96287232e-02
1.63157 1.97068790e-02
1.63722 2.17960020e-02
1.64289 2.18368672e-02
1.64857 2.11878913e-02
1.65428 2.11533635e-02
1.66001 2.16871238e-02
1.66575 2.08699181e-02
1.67152 2.03950861e-02
1.67731 2.19337539e-02
1.68311 1.85396196e-02
1.68894 2.36941606e-02
1.69478 1.89419452e-02
1.70065 1.97154826e-02
1.70654 2.43019386e-02
1.71245 1.94055658e-02
1.71837 2.14164566e-02
1.72432 2.16504002e-02
1.73029 1.78108936e-02
1.73628 2.25000682e-02
1.74229 1.76608288e-02
1.74832 1.77140803e-02
1.75437 2.18262935e-02
1.76045 2.42247288e-02
1.76654 1.82700921e-02
1.77266 2.34983827e-02
1.77879 2.57187509e-02
1.78495 1.96389713e-02
1.79113 1.82680651e-02
1.79733 2.08749767e-02
1.80355 2.13984912e-02
1.80979 1.86810389e-02
1.81606 1.82174858e-02
1.82234 2.33783286e-02
1.82865 2.10101978e-02
1.83498 2.05094404e-02
1.84133 2.06174324e-02
1.84771 1.99020129e-02
1.85410 2.18403772e-02
1.86052 1.92821569e-02
1.86696 1.99990032e-02
1.87342 2.23804475e-02
1.87991 1.95147632e-02
1.88642 1.91286484e-02
1.89295 2.24925421e-02
1.89950 2.36948118e-02
1.90607 2.32351753e-02
1.91267 2.14194735e-02
1.91929 2.09680231e-02
1.92594 1.79573787e-02
1.93260 1.91904691e-02
1.93929 1.99230999e-02
1.94601 2.23040375e-02
1.95274 1.98760282e-02
1.95950 1.77527314e-02
1.96629 2.39440320e-02
1.97309 2.11200742e-02
1.97992 1.81426789e-02
1.98678 2.07648399e-02
1.99365 2.19094701e-02
2.00055 2.15592855e-02
2.00748 1.86679652e-02
2.01443 2.20367601e-02
2.02140 1.82552577e-02
2.02840 2.00733501e-02
2.03542 1.97449168e-02
2.04247 2.07039669e-02
2.04954 2.03111944e-02
2.05663 2.28896279e-02
2.06375 1.97897436e-02
2.07090 1.88124742e-02
2.07806 1.77943881e-02
2.08526 2.07124402e-02
2.09247 2.02299898e-02
2.09972 2.13084291e-02
2.10699 2.27362673e-02
2.11428 2.19824891e-02
2.12160 1.70679372e-02
2.12894 1.66215544e-02
2.13631 2.21666390e-02
2.14371 1.94625186e-02
2.15113 1.96580645e-02
2.15857 2.05997364e-02
2.16605 2.03135476e-02
2.17354 1.78090502e-02
2.18107 1.74656475e-02
2.18862 1.78418251e-02
2.19619 1.91943935e-02
2.20380 2.02571205e-02
2.21143 1.87401987e-02
2.21908 1.87195556e-02
2.22676 1.93033624e-02
2.23447 1.81811008e-02
2.24220 1.90546916e-02
2.24997 1.91643992e-02
2.25775 1.82630348e-02
2.26557 1.77608584e-02
2.27341 1.92283938e-02
2.28128 1.97719552e-02
2.28918 1.75576668e-02
2.29710 2.08043049e-02
2.30505 1.75689024e-02
2.31303 1.82031114e-02
2.32104 1.85896614e-02
2.32908 1.64836172e-02
2.33714 1.80624575e-02
2.34523 1.93538469e-02
2.35335 1.88094272e-02
2.36149 1.81700032e-02
2.36967 1.80283814e-02
2.37787 1.68212840e-02
2.38610 1.80618839e-02
2.39436 1.81543934e-02
2.40265 1.67728743e-02
2.41097 1.71189191e-02
2.41931 1.83170454e-02
2.42769 1.89066188e-02
2.43609 1.78936079e-02
2.44452 1.84370639e-02
2.45298 1.68839844e-02
2.46148 1.64437478e-02
2.47000 1.60743783e-02
2.47855 1.72551341e-02
2.48713 1.70679627e-02
2.49574 1.81321934e-02
2.50438 1.90536798e-02
2.51304 1.66765613e-02
2.52174 1.65283191e-02
2.53047 1.57378949e-02
2.53923 1.59839769e-02
2.54802 1.67084381e-02
2.55684 1.71323344e-02
2.56569 1.74142412e-02
2.57457 1.77947078e-02
2.58349 1.74039783e-02
2.59243 1.61690900e-02
2.60140 1.63813161e-02
2.61041 1.55118297e-02
2.61944 1.53570525e-02
2.62851 1.57894137e-02
2.63761 1.58030244e-02
2.64674 1.64730607e-02
2.65590 1.76148499e-02
2.66510 1.74532741e-02
2.67432 1.63949196e-02
2.68358 1.51686716e-02
2.69287 1.42570513e-02
2.70219 1.41452373e-02
2.71154 1.49744239e-02
2.72093 1.62184681e-02
2.73035 1.70138977e-02
2.73980 1.73963172e-02
2.74928 1.66332760e-02
2.75880 1.51477242e-02
2.76835 1.44009517e-02
2.77793 1.41582092e-02
2.78755 1.44795557e-02
2.79720 1.50801214e-02
2.80688 1.57274663e-02
2.81660 1.63305124e-02
2.82635 1.65309340e-02
2.83613 1.53796787e-02
2.84595 1.42624356e-02
2.85580 1.39469505e-02
2.86569 1.38659116e-02
2.87561 1.38947527e-02
2.88556 1.44032434e-02
2.89555 1.49563472e-02
2.90557 1.54986654e-02
2.91563 1.55487912e-02
2.92572 1.47574382e-02
2.93585 1.42106468e-02
2.94601 1.37225180e-02
2.95621 1.33469674e-02
2.96644 1.36555284e-02
2.97671 1.43600694e-02
2.98702 1.49930873e-02
2.99736 1.52996225e-02
3.00773 1.49331674e-02
3.01814 1.41160535e-02
3.02859 1.35761300e-02
3.03907 1.31887376e-02
3.04960 1.32163094e-02
3.06015 1.35569664e-02
3.07074 1.39357611e-02
3.08137 1.41403273e-02
3.09204 1.40185233e-02
3.10274 1.37049433e-02
3.11348 1.34092925e-02
3.12426 1.31291540e-02
3.13508 1.29301384e-02
3.14593 1.30100318e-02
3.15682 1.32480110e-02
3.16775 1.34070495e-02
3.17871 1.33305690e-02
3.18972 1.31347679e-02
3.20076 1.29422993e-02
3.21184 1.28646437e-02
3.22295 1.29041022e-02
3.23411 1.30537036e-02
3.24531 1.32227232e-02
3.25654 1.32433727e-02
3.26781 1.30219600e-02
3.27912 1.27652220e-02
3.29047 1.26541119e-02
3.30187 1.26704055e-02
3.31330 1.27322488e-02
3.32476 1.27755204e-02
3.33627 1.27529232e-02
3.34782 1.25922988e-02
3.35941 1.23073680e-02
3.37104 1.20592389e-02
3.38271 1.19802128e-02
3.39442 1.20475588e-02
3.40617 1.21577968e-02
3.41796 1.22190653e-02
3.42979 1.21823832e-02
3.44166 1.20458212e-02
3.45358 1.18699161e-02
3.46553 1.17259115e-02
3.47753 1.16554410e-02
3.48957 1.16568405e-02
3.50164 1.17069113e-02
3.51377 1.17757348e-02
3.52593 1.18121801e-02
3.53814 1.17746006e-02
3.55038 1.16785012e-02
3.56267 1.15660094e-02
3.57500 1.14834029e-02
3.58738 1.14735425e-02
3.59980 1.15344599e-02
3.61226 1.16137512e-02
3.62476 1.16427503e-02
3.63731 1.15791636e-02
3.64990 1.14347180e-02
3.66254 1.12641776e-02
3.67521 1.11334089e-02
3.68794 1.10786957e-02
3.70070 1.10871222e-02
3.71351 1.11121555e-02
3.72637 1.11023840e-02
3.73927 1.10271295e-02
3.75221 1.08935542e-02
3.76520 1.07455270e-02
3.77823 1.06344992e-02
3.79131 1.05863731e-02
3.80443 1.05910197e-02
3.81760 1.06112253e-02
3.83082 1.06039443e-02
3.84408 1.05455778e-02
3.85739 1.04486058e-02
3.87074 1.03533607e-02
3.88414 1.02957153e-02
3.89758 1.02830436e-02
3.91107 1.02970236e-02
3.92461 1.03106680e-02
3.93820 1.03054863e-02
3.95183 1.02803417e-02
3.96551 1.02476372e-02
3.97924 1.02214371e-02
3.99301 1.02066696e-02
4.00683 1.01967430e-02
4.02070 1.01802558e-02
4.03462 1.01501982e-02
4.04859 1.01076920e-02
4.06260 1.00582647e-02
4.07667 1.00064760e-02
4.09078 9.95354760e-03
4.10494 9.89768766e-03
4.11915 9.83639554e-03
4.13341 9.76989677e-03
4.14771 9.70257512e-03
4.16207 9.64007709e-03
4.17648 9.58490683e-03
4.19094 9.53501011e-03
4.20545 9.48593864e-03
4.22000 9.43408654e-03
4.23461 9.37881446e-03
4.24927 9.32248685e-03
4.26398 9.26871608e-03
4.27874 9.22019576e-03
4.29355 9.17770259e-03
4.30841 9.14034739e-03
4.32332 9.10614578e-03
4.33829 9.07268594e-03
4.35331 9.03822858e-03
4.36838 9.00285717e-03
4.38350 8.96874554e-03
4.39867 8.93909758e-03
4.41390 8.91627302e-03
4.42918 8.90026890e-03
4.44451 8.88862662e-03
4.45990 8.87783328e-03
4.47533 8.86525387e-03
4.49083 8.85028811e-03
4.50637 8.83403712e-03
4.52197 8.81781040e-03
4.53762 8.80163459e-03
4.55333 8.78385210e-03
4.56909 8.76195283e-03
4.58491 8.73396130e-03
4.60078 8.69945776e-03
4.61670 8.65962326e-03
4.63269 8.61640904e-03
4.64872 8.57143894e-03
4.66481 8.52537602e-03
4.68096 8.47802490e-03
4.69717 8.42892856e-03
4.71343 8.37798400e-03
4.72974 8.32570389e-03
4.74611 8.27303424e-03
4.76254 8.22094179e-03
4.77903 8.17005051e-03
4.79557 8.12050840e-03
4.81217 8.07212483e-03
4.82883 8.02465413e-03
4.84555 7.97806314e-03
4.86232 7.93261530e-03
4.87915 7.88873922e-03
4.89604 7.84679365e-03
4.91299 7.80689285e-03
4.92999 7.76893262e-03
4.94706 7.73274899e-03
4.96418 7.69828986e-03
4.98137 7.66567184e-03
4.99861 7.63508734e-03
5.01591 7.69274637e-03
5.03328 7.76116618e-03
5.05070 7.83294914e-03
5.06818 7.90794133e-03
5.08573 7.98604922e-03
5.10333 8.06725326e-03
5.12100 8.15118229e-03
5.13873 8.23732776e-03
5.15651 8.32485910e-03
5.17436 8.41308782e-03
5.19228 8.50131122e-03
5.21025 8.58878810e-03
5.22828 8.67489923e-03
5.24638 8.75914853e-03
5.26454 8.84116598e-03
5.28277 8.92078643e-03
5.30105 8.99798146e-03
5.31940 9.07296003e-03
5.33782 9.14593883e-03
5.35629 9.21722688e-03
5.37484 9.28698046e-03
5.39344 9.35560510e-03
5.41211 9.42336661e-03
5.43084 9.49055446e-03
5.44965 9.55739482e-03
5.46851 9.62421859e-03
5.48744 9.69137330e-03
5.50643 9.75903890e-03
5.52550 9.82743502e-03
5.54462 9.89679670e-03
5.56381 9.96740040e-03
5.58308 1.00395392e-02
5.60240 1.01132781e-02
5.62179 1.01890186e-02
5.64125 1.02669844e-02
5.66078 1.03473957e-02
5.68038 1.04305398e-02
5.70004 1.05165609e-02
5.71977 1.06058706e-02
5.73957 1.06986424e-02
5.75944 1.07948424e-02
5.77938 1.08949235e-02
5.79938 1.09988846e-02
5.81946 1.11067447e-02
5.83960 1.12184462e-02
5.85982 1.13339809e-02
5.88010 1.14531304e-02
5.90045 1.15755862e-02
5.92088 1.17010955e-02
5.94137 1.18291480e-02
5.96194 1.19594188e-02
5.98258 1.20912922e-02
6.00329 1.22242062e-02
6.02407 1.23578502e-02
6.04492 1.24916760e-02
6.06585 1.26252809e-02
6.08684 1.27583382e-02
6.10791 1.28906715e-02
6.12906 1.30220079e-02
6.15027 1.31522959e-02
6.17156 1.32814259e-02
6.19293 1.34094607e-02
6.21436 1.35365110e-02
6.23588 1.36627023e-02
6.25746 1.37881796e-02
6.27912 1.39131266e-02
6.30086 1.40380297e-02
6.32267 1.41628434e-02
6.34455 1.42880792e-02
6.36652 1.44140160e-02
6.38856 1.45409627e-02
6.41067 1.46693450e-02
6.43286 1.47995311e-02
6.45513 1.49319456e-02
6.47747 1.50669695e-02
6.49990 1.52050115e-02
6.52240 1.53465900e-02
6.54497 1.54919515e-02
6.56763 1.56416156e-02
6.59037 1.57958849e-02
6.61318 1.59551246e-02
6.63607 1.61197166e-02
6.65904 1.62899953e-02
6.68209 1.64662710e-02
6.70522 1.66486585e-02
6.72843 1.68372668e-02
6.75172 1.70322621e-02
6.77510 1.72337493e-02
6.79855 1.74415756e-02
6.82208 1.76557310e-02
6.84570 1.78762055e-02
6.86939 1.81025999e-02
6.89317 1.83346804e-02
6.91704 1.85721074e-02
6.94098 1.88146622e-02
6.96500 1.90620679e-02
6.98911 1.93137981e-02
7.01331 1.95694456e-02
7.03759 1.98287659e-02
7.06195 2.00915346e-02
7.08639 2.03574272e-02
7.11092 2.06261952e-02
7.13554 2.08976320e-02
7.16024 2.11715954e-02
7.18502 2.14484406e-02
7.20990 2.17278836e-02
7.23485 2.20101130e-02
7.25990 2.22952025e-02
7.28503 2.25838007e-02
7.31025 2.28759823e-02
7.33555 2.31720735e-02
7.36094 2.34726994e-02
7.38642 2.37785698e-02
7.41199 2.40899452e-02
7.43765 2.44074241e-02
7.46340 2.47318881e-02
7.48923 2.50640309e-02
7.51516 2.54042426e-02
7.54117 2.57532906e-02
7.56727 2.61123741e-02
7.59347 2.64816755e-02
7.61975 2.68618342e-02
7.64613 2.72542414e-02
7.67260 2.76589563e-02
7.69916 2.80765117e-02
7.72581 2.85082691e-02
7.75255 2.89542346e-02
7.77939 2.94147750e-02
7.80632 2.98914771e-02
7.83334 3.03838968e-02
7.86046 3.08926083e-02
7.88767 3.14191627e-02
7.91497 3.19629680e-02
7.94237 3.25249950e-02
7.96986 3.31063331e-02
7.99745 3.37067454e-02
8.02513 3.43279843e-02
8.05291 3.49703339e-02
8.08079 3.56343448e-02
8.10876 3.63225034e-02
8.13683 3.70343893e-02
8.16500 3.77725778e-02
8.19326 3.85381344e-02
8.22162 3.93324208e-02
8.25008 4.01587581e-02
8.27864 4.10173416e-02
8.30730 4.19128422e-02
8.33605 4.28459526e-02
8.36491 4.38207576e-02
8.39386 4.48401934e-02
8.42292 4.59073563e-02
8.45208 4.70275032e-02
8.48133 4.82028067e-02
8.51069 4.94414424e-02
8.54016 5.07447067e-02
8.56972 5.21241555e-02
8.59938 5.35812214e-02
8.62915 5.51306038e-02
8.65902 5.67757659e-02
8.68899 5.85353794e-02
8.71907 6.04162640e-02
8.74925 6.24442370e-02
8.77954 6.46303627e-02
8.80993 6.70127898e-02
8.84043 6.96096096e-02
8.87103 7.24785304e-02
8.90174 7.56529469e-02
8.93255 7.92181662e-02
8.96347 8.32433874e-02
8.99450 8.78584003e-02
9.02563 9.32116491e-02
9.05688 9.95109021e-02
9.08823 1.07096447e-01
9.11969 1.16317078e-01
9.15126 1.28012855e-01
9.18294 1.42863157e-01
9.21472 1.62096532e-01
9.24662 1.84972182e-01
9.27863 2.00923231e-01
9.31075 2.00142389e-01
9.34298 2.01682477e-01
9.37532 2.14161784e-01
9.40777 2.44296561e-01
9.44034 2.89145001e-01
9.47302 3.20696298e-01
9.50581 3.44913290e-01
9.53871 3.58394154e-01
9.57173 3.13171392e-01
9.60487 2.74821567e-01
9.63811 2.66556424e-01
9.67148 2.84876894e-01
9.70495 3.17966426e-01
9.73855 3.57083815e-01
9.77226 3.99935392e-01
9.80609 4.17339215e-01
9.84003 4.27726536e-01
9.87409 4.41549084e-01
9.90827 4.55308976e-01
9.94257 4.74002264e-01
9.97699 4.98385146e-01
10.01153 5.30602674e-01
10.04618 5.86727766e-01
10.08096 6.63222218e-01
10.11585 7.98193541e-01
10.15087 9.43664694e-01
10.18601 8.65334510e-01
10.22127 7.22227390e-01
10.25665 7.91832205e-01
10.29215 8.80112488e-01
10.32778 9.57126834e-01
10.36353 1.08727383e+00
10.39941 9.65553776e-01
10.43540 7.50888774e-01
10.47153 7.94228502e-01
10.50777 7.83318416e-01
10.54415 7.71651162e-01
10.58065 7.62816094e-01
10.61727 7.83101507e-01
10.65403 7.77624086e-01
10.69091 7.16577461e-01
10.72791 6.96529854e-01
10.76505 6.63418170e-01
10.80231 6.71141638e-01
10.83971 7.17619795e-01
10.87723 7.66497624e-01
10.91488 7.33137358e-01
10.95266 7.00052787e-01
10.99058 6.83677534e-01
11.02862 6.77296248e-01
11.06680 6.68212482e-01
11.10511 6.49378416e-01
11.14355 6.14967350e-01
11.18212 5.64110466e-01
11.22083 5.16348320e-01
11.25967 4.64472899e-01
11.29865 4.17998413e-01
11.33776 3.90474557e-01
11.37701 3.78815235e-01
11.41639 4.14570259e-01
11.45591 5.66531805e-01
11.49556 8.43697621e-01
11.53536 9.33904509e-01
11.57529 9.18906130e-01
11.61536 8.66576763e-01
11.65556 8.46788275e-01
11.69591 8.67152010e-01
11.73640 9.40972101e-01
11.77702 1.03605369e+00
11.81779 1.15266911e+00
11.85870 1.24575489e+00
11.89975 1.20611440e+00
11.94094 1.06360076e+00
11.98227 9.87314216e-01
12.02375 8.94276621e-01
12.06537 7.77051859e-01
12.10714 7.02966374e-01
12.14905 6.82425750e-01
12.19110 6.57287773e-01
12.23330 6.29061154e-01
12.27565 6.23400621e-01
12.31814 6.10989205e-01
12.36078 5.69823236e-01
12.40357 5.01569762e-01
12.44651 4.28595740e-01
12.48959 3.68795949e-01
12.53283 3.25668228e-01
12.57621 2.96475471e-01
12.61974 2.77758372e-01
12.66343 2.66695935e-01
12.70726 2.60892861e-01
12.75125 2.58127226e-01
12.79539 2.56183909e-01
12.83968 2.53155616e-01
12.88413 2.47937231e-01
12.92873 2.40321666e-01
12.97348 2.30805621e-01
13.01839 2.20177658e-01
13.06345 2.09225966e-01
13.10867 1.98537601e-01
13.15405 1.88497737e-01
13.19959 1.79324650e-01
13.24528 1.71125112e-01
13.29113 1.63885515e-01
13.33713 1.57561599e-01
13.38330 1.52093840e-01
13.42963 1.47401950e-01
13.47612 1.43400669e-01
13.52277 1.40020823e-01
13.56958 1.37195556e-01
13.61655 1.34856576e-01
13.66368 1.32955368e-01
13.71098 1.31443382e-01
13.75844 1.30273774e-01
13.80607 1.29417724e-01
13.85386 1.28837623e-01
13.90182 1.28506062e-01
13.94994 1.28404912e-01
13.99823 1.28507151e-01
14.04668 1.28804773e-01
14.09531 1.29280374e-01
14.14410 1.29928620e-01
14.19306 1.30746521e-01
14.24219 1.31731692e-01
14.29149 1.32894575e-01
14.34096 1.34237817e-01
14.39060 1.35785051e-01
14.44042 1.37546056e-01
14.49041 1.39557784e-01
14.54057 1.41840199e-01
14.59090 1.44445194e-01
14.64141 1.47407740e-01
14.69209 1.50798408e-01
14.74295 1.54676996e-01
14.79398 1.59141132e-01
14.84519 1.64294693e-01
14.89658 1.70279085e-01
14.94814 1.77283286e-01
14.99989 1.85526359e-01
15.05181 1.95373817e-01
15.10392 2.07228617e-01
15.15620 2.21741308e-01
15.20866 2.39812368e-01
15.26131 2.62618304e-01
15.31414 2.91943166e-01
15.36715 3.29490600e-01
15.42034 3.76020800e-01
15.47372 4.29408698e-01
15.52729 4.82680291e-01
15.58103 5.25685729e-01
15.63497 5.47133741e-01
15.68909 5.44420806e-01
15.74340 5.27459408e-01
15.79790 5.13869823e-01
15.85258 5.17562003e-01
15.90746 5.42551844e-01
15.96252 5.86166923e-01
16.01778 6.41364062e-01
16.07323 6.99981593e-01
16.12886 7.56699568e-01
16.18470 8.07157723e-01
16.24072 8.45906983e-01
16.29694 8.68052915e-01
16.35335 8.71436923e-01
16.40996 8.59015644e-01
16.46677 8.39633641e-01
16.52377 8.24762584e-01
16.58097 8.21711629e-01
16.63836 8.30007147e-01
16.69596 8.42801629e-01
16.75375 8.51199682e-01
16.81175 8.45578878e-01
16.86994 8.20019574e-01
16.92834 7.81618074e-01
16.98694 7.43381741e-01
17.04574 7.11533147e-01
17.10474 6.86880018e-01
17.16395 6.70397850e-01
17.22337 6.65178363e-01
17.28299 6.75797067e-01
17.34281 7.07365349e-01
17.40285 7.64073858e-01
17.46309 8.46016070e-01
17.52354 9.46411634e-01
17.58420 1.04883012e+00
17.64507 1.12578094e+00
17.70615 1.15494073e+00
17.76744 1.13140773e+00
17.82894 1.06562611e+00
17.89066 9.83175426e-01
17.95259 9.16976802e-01
18.01473 8.87932512e-01
18.07709 8.99757357e-01
18.13967 9.50071378e-01
18.20246 1.03598183e+00
18.26547 1.14985812e+00
18.32870 1.27458488e+00
18.39214 1.38729742e+00
18.45581 1.47691272e+00
18.51969 1.55105604e+00
18.58380 1.62196071e+00
18.64813 1.69461723e+00
18.71268 1.76630310e+00
18.77746 1.83184176e+00
18.84246 1.88894732e+00
18.90768 1.94085761e+00
18.97313 1.99318870e+00
19.03881 2.04585195e+00
19.10472 2.08925739e+00
19.17085 2.11006619e+00
19.23721 2.10280768e+00
19.30380 2.07275954e+00
19.37062 2.03199501e+00
19.43768 1.99514709e+00
19.50496 1.97682185e+00
19.57248 1.98710898e+00
19.64023 2.02368220e+00
19.70822 2.04948535e+00
19.77644 2.02027228e+00
19.84490 1.94800288e+00
19.91359 1.85339287e+00
19.98252 1.78118746e+00
20.05169 1.75593351e+00
20.12110 1.76573715e+00
20.19076 1.78510419e+00
20.26065 1.78624788e+00
20.33078 1.76753724e+00
20.40116 1.74027102e+00
20.47178 1.71436262e+00
20.54264 1.69983091e+00
20.61375 1.69543395e+00
20.68511 1.68739039e+00
20.75671 1.67352983e+00
20.82856 1.65031106e+00
20.90066 1.61651514e+00
20.97301 1.59757203e+00
21.04561 1.61926871e+00
21.11846 1.67354422e+00
21.19157 1.72610973e+00
21.26492 1.75766156e+00
21.33853 1.76789528e+00
21.41240 1.75611265e+00
21.48652 1.72389512e+00
21.56090 1.68012110e+00
21.63553 1.64306604e+00
21.71043 1.62504793e+00
21.78558 1.63090192e+00
21.86099 1.66642518e+00
21.93666 1.73580018e+00
22.01260 1.81611232e+00
22.08880 1.85798063e+00
22.16526 1.85144596e+00
22.24199 1.82574576e+00
22.31898 1.80587066e+00
22.39624 1.79350461e+00
22.47377 1.78013334e+00
22.55156 1.76748325e+00
22.62962 1.75622832e+00
22.70796 1.73943127e+00
22.78656 1.72849537e+00
22.86544 1.73227577e+00
22.94459 1.74020478e+00
23.02402 1.72983477e+00
23.10372 1.69483881e+00
23.18369 1.64348672e+00
23.26394 1.58433686e+00
23.34447 1.52157054e+00
23.42528 1.45748648e+00
23.50637 1.39317213e+00
23.58774 1.32755088e+00
23.66939 1.26208006e+00
23.75133 1.20245045e+00
23.83354 1.15836604e+00
23.91604 1.14825232e+00
23.99883 1.19106434e+00
24.08191 1.28743590e+00
24.16527 1.39710372e+00
24.24892 1.45605200e+00
24.33286 1.44701423e+00
24.41709 1.40786220e+00
24.50161 1.40641813e+00
24.58642 1.45081547e+00
24.67153 1.48481781e+00
24.75693 1.48585820e+00
24.84263 1.47068743e+00
24.92863 1.44928544e+00
25.01492 1.41418896e+00
25.10151 1.38800989e+00
25.18840 1.41407778e+00
25.27559 1.51942063e+00
25.36309 1.69829704e+00
25.45088 1.87979145e+00
25.53898 1.96044174e+00
25.62739 1.95328008e+00
25.71610 1.92810978e+00
25.80512 1.91455600e+00
25.89444 1.87024072e+00
25.98408 1.70769545e+00
26.07403 1.47645848e+00
26.16428 1.28565925e+00
26.25485 1.17593246e+00
26.34574 1.14107438e+00
26.43694 1.15890376e+00
26.52845 1.20348183e+00
26.62028 1.26091968e+00
26.71243 1.32347952e+00
26.80489 1.38360565e+00
26.89768 1.44939449e+00
26.99079 1.50464040e+00
27.08422 1.52944846e+00
27.17798 1.53744389e+00
27.27205 1.54762961e+00
27.36646 1.57094659e+00
27.46119 1.60471102e+00
27.55625 1.61689793e+00
27.65164 1.54061932e+00
27.74736 1.35596138e+00
27.84341 1.15799960e+00
27.93979 1.00459138e+00
28.03650 8.93954158e-01
28.13355 8.15750781e-01
28.23094 7.62361083e-01
28.32867 7.29032312e-01
28.42673 7.13621664e-01
28.52513 7.16339477e-01
28.62387 7.38371349e-01
28.72295 7.76232058e-01
28.82238 8.18564971e-01
28.92215 8.58836718e-01
29.02227 9.01728362e-01
29.12273 9.56102318e-01
29.22354 1.02939375e+00
29.32470 1.11676733e+00
29.42621 1.17717152e+00
29.52807 1.17458152e+00
29.63029 1.14608210e+00
29.73286 1.12985799e+00
29.83578 1.13205916e+00
29.93906 1.15015909e+00
30.04269 1.17384116e+00
30.14669 1.17796071e+00
30.25104 1.13068170e+00
30.35576 1.02822290e+00
30.46084 9.06107030e-01
30.56628 8.00084566e-01
30.67209 7.25107056e-01
30.77826 6.85061571e-01
30.88481 6.85669259e-01
30.99172 7.46352574e-01
31.09900 9.12222627e-01
31.20665 1.14333960e+00
31.31467 1.21152451e+00
31.42307 1.25875871e+00
31.53184 1.27040619e+00
31.64099 1.14666848e+00
31.75052 1.03062221e+00
31.86043 9.55091656e-01
31.97072 9.34457022e-01
32.08139 1.00503360e+00
32.19244 1.14212068e+00
32.30388 1.30792058e+00
32.41570 1.48534179e+00
32.52791 1.67087886e+00
32.64051 1.85140967e+00
32.75349 1.99857732e+00
32.86687 2.09114344e+00
32.98064 2.12449406e+00
33.09481 2.09948171e+00
33.20937 2.04035346e+00
33.32433 1.98525057e+00
33.43968 1.96698388e+00
33.55544 1.99652326e+00
33.67159 1.97956281e+00
33.78815 1.80837038e+00
33.90511 1.58202463e+00
34.02247 1.43428310e+00
34.14024 1.38490893e+00
34.25842 1.39827653e+00
34.37701 1.47906038e+00
34.49601 1.60307354e+00
34.61542 1.68261916e+00
34.73525 1.64198298e+00
34.85549 1.51352970e+00
34.97614 1.40228366e+00
35.09721 1.27611336e+00
35.21871 1.18614322e+00
35.34062 1.21017670e+00
35.46295 1.30633846e+00
35.58571 1.43985624e+00
35.70889 1.62662023e+00
35.83250 1.80138774e+00
35.95654 1.84683132e+00
36.08101 1.82876745e+00
36.20590 1.87545411e+00
36.33123 2.00971503e+00
36.45700 2.14952252e+00
36.58320 2.10344751e+00
36.70983 1.92311875e+00
36.83691 1.70063585e+00
36.96442 1.50037267e+00
37.09238 1.38091134e+00
37.22077 1.31649872e+00
37.34962 1.25505971e+00
37.47890 1.14921970e+00
37.60864 9.89359606e-01
37.73883 8.12123739e-01
37.86946 6.55298369e-01
38.00055 5.31254004e-01
38.13209 4.36974381e-01
38.26409 3.65539742e-01
38.39654 3.10804280e-01
38.52946 2.68167167e-01
38.66283 2.34367762e-01
38.79667 2.07129913e-01
38.93096 1.84842712e-01
39.06573 1.66352929e-01
39.20096 1.50824130e-01
39.33665 1.37639094e-01
39.47282 1.26332178e-01
39.60946 1.16549378e-01
39.74657 1.08017451e-01
39.88416 1.00522435e-01
40.02222 9.38950776e-02
40.16076 8.79998054e-02
40.29978 8.27270509e-02
40.43928 7.79873864e-02
40.57926 7.37072027e-02
40.71973 6.98255298e-02
40.86069 6.62914674e-02
41.00213 6.30621784e-02
41.14406 6.01013674e-02
41.28648 5.73782029e-02
41.42940 5.48662699e-02
41.57281 5.25428298e-02
41.71672 5.03882754e-02
41.86113 4.83855867e-02
42.00603 4.65199342e-02
42.15144 4.47782406e-02
42.29735 4.31490507e-02
42.44377 4.16223538e-02
42.59069 4.01892342e-02
42.73812 3.88417179e-02
42.88606 3.75728784e-02
43.03451 3.63763458e-02
43.18348 3.52465552e-02
43.33297 3.41785162e-02
43.48297 3.31676643e-02
43.63349 3.22100096e-02
43.78453 3.13018757e-02
43.93609 3.04400243e-02
44.08818 2.96215074e-02
44.24079 2.88436490e-02
44.39394 2.81041581e-02
44.54761 2.74008739e-02
44.70182 2.67318962e-02
44.85655 2.60956442e-02
45.01183 2.54906675e-02
45.16764 2.49157171e-02
45.32399 2.43698221e-02
45.48089 2.38522010e-02
45.63832 2.33623565e-02
45.79630 2.28999808e-02
45.95483 2.24651278e-02
46.11391 2.20581538e-02
46.27353 2.16798712e-02
46.43371 2.13315780e-02
46.59445 2.10152363e-02
46.75574 2.07336420e-02
46.91759 2.04907066e-02
47.08000 2.02918615e-02
47.24297 2.01447045e-02
47.40650 2.00596779e-02
47.57060 2.00515432e-02
47.73527 2.01414970e-02
47.90051 2.03606080e-02
48.06633 2.07560747e-02
48.23271 2.14000659e-02
48.39967 2.24092655e-02
48.56721 2.39826452e-02
48.73533 2.64694341e-02
48.90403 3.05347141e-02
49.07332 3.75247452e-02
49.24319 5.03210478e-02
49.41365 7.48981966e-02
49.58470 1.17158533e-01
49.75634 1.46657697e-01
49.92858 1.14149825e-01
50.10141 7.18289726e-02
50.27484 4.74518281e-02
50.44887 3.45923745e-02
50.62350 2.73699129e-02
50.79874 2.29789453e-02
50.97458 2.01136931e-02
51.15104 1.81285490e-02
51.32810 1.66833249e-02
51.50578 1.55865046e-02
51.68407 1.47242909e-02
51.86298 1.40258996e-02
52.04250 1.34455525e-02
52.22265 1.29526107e-02
52.40343 1.25259640e-02
52.58482 1.21507017e-02
52.76685 1.18160347e-02
52.94951 1.15140087e-02
53.13280 1.12386494e-02
53.31672 1.09853935e-02
53.50128 1.07507259e-02
53.68648 1.05318736e-02
53.87232 1.03266219e-02
54.05880 1.01331936e-02
54.24593 9.95017616e-03
54.43371 9.77636437e-03
54.62214 9.61080387e-03
54.81122 9.45267179e-03
55.00095 9.30128792e-03
55.19134 9.15608453e-03
55.38239 9.01655309e-03
55.57410 8.88229222e-03
55.76647 8.75292838e-03
55.95951 8.62815432e-03
56.15322 8.50770659e-03
56.34760 8.39134544e-03
56.54265 8.27886722e-03
56.73838 8.17009314e-03
56.93479 8.06487698e-03
57.13187 7.96308554e-03
57.32964 7.86459568e-03
57.52809 7.76931802e-03
57.72723 7.67716966e-03
57.92705 7.58808254e-03
58.12757 7.50199864e-03
58.32879 7.41888302e-03
58.53070 7.33870610e-03
58.73331 7.26145069e-03
58.93662 7.18711443e-03
59.14063 7.11570562e-03
59.34535 7.04725147e-03
59.55078 6.98179107e-03
59.75692 6.91937178e-03
59.96377 6.86006995e-03
60.17134 6.80397026e-03
60.37963 6.75117747e-03
60.58864 6.70182776e-03
60.79837 6.65607622e-03
61.00883 6.61410342e-03
61.22002 6.57612307e-03
61.43194 6.54240157e-03
61.64459 6.51322189e-03
61.85797 6.48894219e-03
62.07210 6.46996859e-03
62.28697 6.45677765e-03
62.50258 6.44992939e-03
62.71894 6.45009278e-03
62.93605 6.45804808e-03
63.15390 6.47472354e-03
63.37252 6.50122264e-03
63.59189 6.53887147e-03
63.81201 6.58926310e-03
64.03290 6.65433456e-03
64.25456 6.73643786e-03
64.47698 6.83846728e-03
64.70017 6.96402160e-03
64.92414 7.11761600e-03
65.14888 7.30489698e-03
65.37440 7.53310054e-03
65.60070 7.81159096e-03
65.82778 8.15271912e-03
66.05565 8.57270286e-03
66.28430 9.09366701e-03
66.51375 9.74601963e-03
66.74400 1.05724877e-02
66.97504 1.16347725e-02
67.20688 1.30241107e-02
67.43952 1.48795684e-02
67.67297 1.74222752e-02
67.90722 2.10147823e-02
68.14229 2.62831732e-02
68.37817 3.43621842e-02
68.61486 4.73987144e-02
68.85238 6.94891471e-02
69.09072 1.07335896e-01
69.32988 1.62697527e-01
69.56987 2.00540834e-01
69.81069 1.73254806e-01
70.05235 1.17111155e-01
70.29484 7.50472261e-02
70.53817 5.01206458e-02
70.78235 3.55349409e-02
71.02737 2.65995131e-02
71.27323 2.08255447e-02
71.51995 1.69106020e-02
71.76752 1.41456417e-02
72.01595 1.21233839e-02
72.26524 1.06006030e-02
72.51539 9.42481227e-03
72.76641 8.49718498e-03
73.01830 7.75142126e-03
73.27106 7.14196792e-03
73.52469 6.63649346e-03
73.77920 6.21176365e-03
74.03460 5.85069752e-03
74.29087 5.54043742e-03
74.54804 5.27124851e-03
74.80609 5.03562422e-03
75.06504 4.82770376e-03
75.32488 4.64285531e-03
75.58563 4.47738421e-03
75.84727 4.32831328e-03
76.10982 4.19322302e-03
76.37328 4.07012610e-03
76.63766 3.95738562e-03
76.90295 3.85364235e-03
77.16915 3.75775315e-03
77.43628 3.66875365e-03
77.70433 3.58583576e-03
77.97331 3.50830330e-03
78.24322 3.43556011e-03
78.51407 3.36710005e-03
78.78585 3.30248325e-03
79.05857 3.24131603e-03
79.33224 3.18327872e-03
79.60686 3.12806939e-03
79.88242 3.07543704e-03
80.15894 3.02515019e-03
80.43642 2.97701822e-03
80.71486 2.93085525e-03
80.99426 2.88650853e-03
81.27463 2.84383480e-03
81.55596 2.80271507e-03
81.83828 2.76302562e-03
82.12157 2.72467349e-03
82.40584 2.68756515e-03
82.69109 2.65161595e-03
82.97733 2.61675485e-03
83.26457 2.58291021e-03
83.55279 2.55002106e-03
83.84202 2.51803115e-03
84.13225 2.48688958e-03
84.42348 2.45654958e-03
84.71572 2.42696616e-03
85.00897 2.39809906e-03
85.30323 2.36991690e-03
85.59852 2.34237765e-03
85.89482 2.31545497e-03
86.19215 2.28911920e-03
86.49052 2.26334476e-03
86.78991 2.23810348e-03
87.09034 2.21337546e-03
87.39181 2.18913744e-03
87.69432 2.16536888e-03
87.99789 2.14205189e-03
88.30250 2.11916979e-03
88.60816 2.09670499e-03
88.91489 2.07464062e-03
89.22267 2.05296637e-03
89.53153 2.03166278e-03
89.84145 2.01072196e-03
90.15244 1.99012977e-03
90.46451 1.96987319e-03
90.77766 1.94994635e-03
91.09190 1.93033322e-03
91.40722 1.91102762e-03
91.72363 1.89202069e-03
92.04114 1.87329976e-03
92.35975 1.85486287e-03
92.67946 1.83669640e-03
93.00028 1.81879633e-03
93.32221 1.80115260e-03
93.64525 1.78376112e-03
93.96941 1.76661455e-03
94.29469 1.74970668e-03
94.62110 1.73303045e-03
94.94864 1.71658250e-03
95.27731 1.70035465e-03
95.60712 1.68434591e-03
95.93807 1.66854709e-03
96.27017 1.65295392e-03
96.60342 1.63756269e-03
96.93782 1.62236919e-03
97.27338 1.60736916e-03
97.61010 1.59255856e-03
97.94798 1.57793320e-03
98.28704 1.56348858e-03
98.62727 1.54922155e-03
98.96867 1.53512905e-03
99.31126 1.52120776e-03
99.65504 1.50745288e-03
100.00000 1.49386209e-03
