        2000  0.100000 3.330000
0.10000 9.04026920e-02
0.10035 9.00322332e-02
0.10069 8.96612268e-02
0.10104 8.92837824e-02
0.10139 8.89004920e-02
0.10174 8.85170536e-02
0.10210 8.81412816e-02
0.10245 8.77792292e-02
0.10280 8.74333532e-02
0.10316 8.71022476e-02
0.10352 8.67825824e-02
0.10387 8.64710720e-02
0.10423 8.61659108e-02
0.10459 8.58670840e-02
0.10496 8.55753020e-02
0.10532 8.52911716e-02
0.10568 8.50143672e-02
0.10605 8.47436900e-02
0.10642 8.44775268e-02
0.10679 8.42141016e-02
0.10716 8.39515348e-02
0.10753 8.36877396e-02
0.10790 8.34203924e-02
0.10827 8.31471548e-02
0.10865 8.28659844e-02
0.10902 8.25756380e-02
0.10940 8.22758048e-02
0.10978 8.19668696e-02
0.11016 8.16495280e-02
0.11054 8.13242536e-02
0.11092 8.09911796e-02
0.11131 8.06500988e-02
0.11169 8.03009668e-02
0.11208 7.99443312e-02
0.11247 7.95815388e-02
0.11286 7.92147356e-02
0.11325 7.88464376e-02
0.11364 7.84790424e-02
0.11403 7.81145036e-02
0.11443 7.77539608e-02
0.11482 7.73980356e-02
0.11522 7.70468464e-02
0.11562 7.67004968e-02
0.11602 7.63592088e-02
0.11642 7.60234708e-02
0.11682 7.56939488e-02
0.11723 7.53715012e-02
0.11763 7.50568088e-02
0.11804 7.47502860e-02
0.11845 7.44521548e-02
0.11886 7.41621340e-02
0.11927 7.38798092e-02
0.11968 7.36047364e-02
0.12010 7.33363532e-02
0.12051 7.30742748e-02
0.12093 7.28181608e-02
0.12135 7.25676264e-02
0.12177 7.23221092e-02
0.12219 7.20809284e-02
0.12262 7.18431516e-02
0.12304 7.16077132e-02
0.12347 7.13735476e-02
0.12389 7.11395448e-02
0.12432 7.09045504e-02
0.12475 7.06675728e-02
0.12518 7.04276648e-02
0.12562 7.01839828e-02
0.12605 6.99357276e-02
0.12649 6.96824108e-02
0.12693 6.94235884e-02
0.12737 6.91591124e-02
0.12781 6.88890864e-02
0.12825 6.86136732e-02
0.12869 6.83332280e-02
0.12914 6.80482392e-02
0.12959 6.77592248e-02
0.13003 6.74668064e-02
0.13048 6.71715908e-02
0.13094 6.68742736e-02
0.13139 6.65755504e-02
0.13184 6.62761168e-02
0.13230 6.59766832e-02
0.13276 6.56778860e-02
0.13322 6.53803320e-02
0.13368 6.50846132e-02
0.13414 6.47911884e-02
0.13461 6.45005460e-02
0.13507 6.42130708e-02
0.13554 6.39291180e-02
0.13601 6.36490428e-02
0.13648 6.33731116e-02
0.13695 6.31015760e-02
0.13743 6.28346136e-02
0.13790 6.25724168e-02
0.13838 6.23150596e-02
0.13886 6.20626456e-02
0.13934 6.18151748e-02
0.13982 6.15726472e-02
0.14031 6.13349888e-02
0.14079 6.11020960e-02
0.14128 6.08738208e-02
0.14177 6.06499619e-02
0.14226 6.04303107e-02
0.14275 6.02145430e-02
0.14324 6.00023080e-02
0.14374 5.97932195e-02
0.14424 5.95868528e-02
0.14474 5.93826956e-02
0.14524 5.91802376e-02
0.14574 5.89789309e-02
0.14625 5.87781970e-02
0.14675 5.85774898e-02
0.14726 5.83762453e-02
0.14777 5.81739264e-02
0.14828 5.79700253e-02
0.14879 5.77641647e-02
0.14931 5.75558813e-02
0.14983 5.73449058e-02
0.15034 5.71309718e-02
0.15087 5.69139062e-02
0.15139 5.66936111e-02
0.15191 5.64700349e-02
0.15244 5.62432427e-02
0.15297 5.60132803e-02
0.15349 5.57803431e-02
0.15403 5.55446102e-02
0.15456 5.53063198e-02
0.15509 5.50657369e-02
0.15563 5.48231782e-02
0.15617 5.45790019e-02
0.15671 5.43335069e-02
0.15725 5.40870928e-02
0.15780 5.38401149e-02
0.15834 5.35929149e-02
0.15889 5.33458985e-02
0.15944 5.30994252e-02
0.15999 5.28538370e-02
0.16055 5.26094919e-02
0.16110 5.23667172e-02
0.16166 5.21258472e-02
0.16222 5.18871572e-02
0.16278 5.16509610e-02
0.16335 5.14175103e-02
0.16391 5.11870314e-02
0.16448 5.09597492e-02
0.16505 5.07358963e-02
0.16562 5.05156086e-02
0.16619 5.02990550e-02
0.16677 5.00863731e-02
0.16734 4.98776413e-02
0.16792 4.96729470e-02
0.16851 4.94723196e-02
0.16909 4.92757964e-02
0.16967 4.90833534e-02
0.17026 4.88949465e-02
0.17085 4.87104852e-02
0.17144 4.85298971e-02
0.17204 4.83530548e-02
0.17263 4.81797557e-02
0.17323 4.80098206e-02
0.17383 4.78430246e-02
0.17443 4.76791324e-02
0.17503 4.75178568e-02
0.17564 4.73588856e-02
0.17625 4.72019286e-02
0.17686 4.70466307e-02
0.17747 4.68926648e-02
0.17808 4.67396654e-02
0.17870 4.65872890e-02
0.17932 4.64351998e-02
0.17994 4.62830114e-02
0.18056 4.61304412e-02
0.18119 4.59771250e-02
0.18182 4.58227802e-02
0.18244 4.56671153e-02
0.18308 4.55098949e-02
0.18371 4.53508778e-02
0.18435 4.51898908e-02
0.18498 4.50267282e-02
0.18562 4.48612997e-02
0.18627 4.46934973e-02
0.18691 4.45232352e-02
0.18756 4.43505014e-02
0.18821 4.41752931e-02
0.18886 4.39976146e-02
0.18951 4.38175593e-02
0.19017 4.36351834e-02
0.19083 4.34506007e-02
0.19149 4.32639594e-02
0.19215 4.30753970e-02
0.19282 4.28850942e-02
0.19348 4.26932107e-02
0.19415 4.24999745e-02
0.19483 4.23055839e-02
0.19550 4.21102609e-02
0.19618 4.19142216e-02
0.19686 4.17176880e-02
0.19754 4.15208983e-02
0.19822 4.13240997e-02
0.19891 4.11274965e-02
0.19960 4.09313270e-02
0.20029 4.07358130e-02
0.20098 4.05411738e-02
0.20168 4.03476046e-02
0.20237 4.01553215e-02
0.20307 3.99644977e-02
0.20378 3.97753271e-02
0.20448 3.95879916e-02
0.20519 3.94026113e-02
0.20590 3.92193606e-02
0.20661 3.90383714e-02
0.20733 3.88597458e-02
0.20805 3.86836036e-02
0.20877 3.85100292e-02
0.20949 3.83390877e-02
0.21021 3.81708768e-02
0.21094 3.80054040e-02
0.21167 3.78427268e-02
0.21240 3.76828528e-02
0.21314 3.75258011e-02
0.21388 3.73715496e-02
0.21462 3.72200775e-02
0.21536 3.70713552e-02
0.21611 3.69253325e-02
0.21685 3.67819457e-02
0.21760 3.66411059e-02
0.21836 3.65027540e-02
0.21911 3.63667850e-02
0.21987 3.62330862e-02
0.22063 3.61015497e-02
0.22140 3.59720586e-02
0.22216 3.58444545e-02
0.22293 3.57186293e-02
0.22370 3.55944218e-02
0.22448 3.54716898e-02
0.22526 3.53502780e-02
0.22604 3.52300325e-02
0.22682 3.51107978e-02
0.22760 3.49924155e-02
0.22839 3.48747304e-02
0.22918 3.47575884e-02
0.22998 3.46408356e-02
0.23077 3.45243285e-02
0.23157 3.44079206e-02
0.23237 3.42914772e-02
0.23318 3.41748709e-02
0.23398 3.40579776e-02
0.23479 3.39406816e-02
0.23561 3.38228855e-02
0.23642 3.37044884e-02
0.23724 3.35854076e-02
0.23806 3.34655735e-02
0.23889 3.33449195e-02
0.23971 3.32233937e-02
0.24054 3.31009578e-02
0.24137 3.29775790e-02
0.24221 3.28532413e-02
0.24305 3.27279326e-02
0.24389 3.26016605e-02
0.24473 3.24744323e-02
0.24558 3.23462702e-02
0.24643 3.22172039e-02
0.24728 3.20872747e-02
0.24814 3.19565241e-02
0.24900 3.18250113e-02
0.24986 3.16927925e-02
0.25073 3.15599314e-02
0.25159 3.14265035e-02
0.25246 3.12925828e-02
0.25334 3.11582446e-02
0.25422 3.10235735e-02
0.25510 3.08886538e-02
0.25598 3.07535682e-02
0.25687 3.06184087e-02
0.25775 3.04832596e-02
0.25865 3.03482081e-02
0.25954 3.02133431e-02
0.26044 3.00787504e-02
0.26134 2.99445159e-02
0.26225 2.98107209e-02
0.26315 2.96774484e-02
0.26406 2.95447723e-02
0.26498 2.94127741e-02
0.26590 2.92815232e-02
0.26682 2.91510908e-02
0.26774 2.90215405e-02
0.26867 2.88929359e-02
0.26960 2.87653377e-02
0.27053 2.86387962e-02
0.27147 2.85133633e-02
0.27241 2.83890862e-02
0.27335 2.82660079e-02
0.27430 2.81441654e-02
0.27525 2.80235928e-02
0.27620 2.79043211e-02
0.27715 2.77863740e-02
0.27811 2.76697736e-02
0.27908 2.75545394e-02
0.28004 2.74406800e-02
0.28101 2.73282104e-02
0.28198 2.72171319e-02
0.28296 2.71074476e-02
0.28394 2.69991575e-02
0.28492 2.68922527e-02
0.28591 2.67867272e-02
0.28690 2.66825678e-02
0.28789 2.65797551e-02
0.28889 2.64782745e-02
0.28989 2.63781022e-02
0.29089 2.62792145e-02
0.29190 2.61815818e-02
0.29291 2.60851776e-02
0.29392 2.59899677e-02
0.29494 2.58959137e-02
0.29596 2.58029816e-02
0.29699 2.57111342e-02
0.29801 2.56203274e-02
0.29905 2.55305224e-02
0.30008 2.54416677e-02
0.30112 2.53537261e-02
0.30216 2.52666458e-02
0.30321 2.51803766e-02
0.30426 2.50948770e-02
0.30531 2.50100923e-02
0.30637 2.49259735e-02
0.30743 2.48424704e-02
0.30849 2.47595327e-02
0.30956 2.46771071e-02
0.31063 2.45951447e-02
0.31171 2.45135937e-02
0.31279 2.44324068e-02
0.31387 2.43515293e-02
0.31496 2.42709166e-02
0.31605 2.41905171e-02
0.31714 2.41102848e-02
0.31824 2.40301769e-02
0.31934 2.39501400e-02
0.32044 2.38701386e-02
0.32155 2.37901253e-02
0.32267 2.37100618e-02
0.32378 2.36299079e-02
0.32490 2.35496268e-02
0.32603 2.34691799e-02
0.32716 2.33885362e-02
0.32829 2.33076631e-02
0.32943 2.32265324e-02
0.33057 2.31451132e-02
0.33171 2.30633832e-02
0.33286 2.29813157e-02
0.33401 2.28988915e-02
0.33517 2.28160914e-02
0.33633 2.27328947e-02
0.33749 2.26492910e-02
0.33866 2.25652640e-02
0.33983 2.24808063e-02
0.34101 2.23959046e-02
0.34219 2.23105575e-02
0.34337 2.22247560e-02
0.34456 2.21385001e-02
0.34576 2.20517884e-02
0.34695 2.19646238e-02
0.34815 2.18770063e-02
0.34936 2.17889418e-02
0.35057 2.17004364e-02
0.35178 2.16114972e-02
0.35300 2.15221348e-02
0.35422 2.14323580e-02
0.35545 2.13421831e-02
0.35668 2.12516160e-02
0.35791 2.11606774e-02
0.35915 2.10693806e-02
0.36039 2.09777435e-02
0.36164 2.08857792e-02
0.36289 2.07935101e-02
0.36415 2.07009524e-02
0.36541 2.06081283e-02
0.36668 2.05150540e-02
0.36795 2.04217534e-02
0.36922 2.03282440e-02
0.37050 2.02345482e-02
0.37178 2.01406895e-02
0.37307 2.00466858e-02
0.37436 1.99525652e-02
0.37565 1.98583396e-02
0.37695 1.97640384e-02
0.37826 1.96696840e-02
0.37957 1.95752925e-02
0.38088 1.94808892e-02
0.38220 1.93864948e-02
0.38352 1.92921286e-02
0.38485 1.91978156e-02
0.38618 1.91035706e-02
0.38752 1.90094160e-02
0.38886 1.89153738e-02
0.39021 1.88214619e-02
0.39156 1.87276980e-02
0.39291 1.86341013e-02
0.39427 1.85406911e-02
0.39564 1.84474837e-02
0.39701 1.83544953e-02
0.39838 1.82617407e-02
0.39976 1.81692422e-02
0.40115 1.80770086e-02
0.40253 1.79850592e-02
0.40393 1.78934057e-02
0.40533 1.78020646e-02
0.40673 1.77110446e-02
0.40814 1.76203650e-02
0.40955 1.75300302e-02
0.41097 1.74400566e-02
0.41239 1.73504574e-02
0.41382 1.72612356e-02
0.41525 1.71724089e-02
0.41669 1.70839819e-02
0.41813 1.69959648e-02
0.41958 1.69083680e-02
0.42103 1.68211990e-02
0.42249 1.67344621e-02
0.42395 1.66481678e-02
0.42542 1.65623218e-02
0.42689 1.64769288e-02
0.42837 1.63919960e-02
0.42985 1.63075280e-02
0.43134 1.62235306e-02
0.43283 1.61400053e-02
0.43433 1.60569596e-02
0.43583 1.59743933e-02
0.43734 1.58923140e-02
0.43886 1.58107231e-02
0.44037 1.57296206e-02
0.44190 1.56490109e-02
0.44343 1.55688955e-02
0.44496 1.54892760e-02
0.44650 1.54101537e-02
0.44805 1.53315302e-02
0.44960 1.52534054e-02
0.45116 1.51757779e-02
0.45272 1.50986522e-02
0.45429 1.50220237e-02
0.45586 1.49458940e-02
0.45744 1.48702630e-02
0.45902 1.47951293e-02
0.46061 1.47204944e-02
0.46220 1.46463508e-02
0.46380 1.45727046e-02
0.46541 1.44995511e-02
0.46702 1.44268846e-02
0.46864 1.43547109e-02
0.47026 1.42830227e-02
0.47189 1.42118214e-02
0.47352 1.41410996e-02
0.47516 1.40708602e-02
0.47680 1.40010975e-02
0.47845 1.39318098e-02
0.48011 1.38629928e-02
0.48177 1.37946478e-02
0.48344 1.37267691e-02
0.48511 1.36593522e-02
0.48679 1.35923970e-02
0.48848 1.35259006e-02
0.49017 1.34598570e-02
0.49186 1.33942634e-02
0.49357 1.33291198e-02
0.49528 1.32644186e-02
0.49699 1.32001600e-02
0.49871 1.31363379e-02
0.50044 1.30729495e-02
0.50217 1.30099918e-02
0.50391 1.29474603e-02
0.50565 1.28853551e-02
0.50740 1.28236657e-02
0.50916 1.27623952e-02
0.51092 1.27015361e-02
0.51269 1.26410855e-02
0.51446 1.25810404e-02
0.51625 1.25213979e-02
0.51803 1.24621520e-02
0.51983 1.24033028e-02
0.52163 1.23448413e-02
0.52343 1.22867691e-02
0.52524 1.22290802e-02
0.52706 1.21717731e-02
0.52889 1.21148390e-02
0.53072 1.20582793e-02
0.53255 1.20020896e-02
0.53440 1.19462640e-02
0.53625 1.18908025e-02
0.53810 1.18356976e-02
0.53997 1.17809495e-02
0.54183 1.17265536e-02
0.54371 1.16725040e-02
0.54559 1.16188007e-02
0.54748 1.15654393e-02
0.54938 1.15124153e-02
0.55128 1.14597288e-02
0.55319 1.14073708e-02
0.55510 1.13553429e-02
0.55702 1.13036391e-02
0.55895 1.12522594e-02
0.56089 1.12011950e-02
0.56283 1.11504502e-02
0.56478 1.11000163e-02
0.56673 1.10498916e-02
0.56869 1.10000734e-02
0.57066 1.09505585e-02
0.57264 1.09013455e-02
0.57462 1.08524300e-02
0.57661 1.08038091e-02
0.57860 1.07554797e-02
0.58061 1.07074404e-02
0.58262 1.06596837e-02
0.58463 1.06122142e-02
0.58666 1.05650229e-02
0.58869 1.05181128e-02
0.59073 1.04714751e-02
0.59277 1.04251111e-02
0.59482 1.03790180e-02
0.59688 1.03331913e-02
0.59895 1.02876310e-02
0.60102 1.02423326e-02
0.60310 1.01972962e-02
0.60519 1.01525129e-02
0.60728 1.01079886e-02
0.60939 1.00637158e-02
0.61150 1.00196932e-02
0.61361 9.97592076e-03
0.61574 9.93239248e-03
0.61787 9.88910840e-03
0.62001 9.84606704e-03
0.62215 9.80326396e-03
0.62431 9.76069768e-03
0.62647 9.71836672e-03
0.62864 9.67626960e-03
0.63081 9.63440336e-03
0.63300 9.59276504e-03
0.63519 9.55135464e-03
0.63739 9.51016772e-03
0.63959 9.46920428e-03
0.64181 9.42846284e-03
0.64403 9.38793896e-03
0.64626 9.34763412e-03
0.64849 9.30754388e-03
0.65074 9.26766528e-03
0.65299 9.22800128e-03
0.65525 9.18854596e-03
0.65752 9.14929932e-03
0.65980 9.11025840e-03
0.66208 9.07142320e-03
0.66437 9.03279076e-03
0.66667 8.99435960e-03
0.66898 8.95612972e-03
0.67130 8.91809816e-03
0.67362 8.88026048e-03
0.67595 8.84262112e-03
0.67829 8.80517268e-03
0.68064 8.76791812e-03
0.68299 8.73085152e-03
0.68536 8.69397584e-03
0.68773 8.65728812e-03
0.69011 8.62078540e-03
0.69250 8.58446916e-03
0.69490 8.54833644e-03
0.69730 8.51238428e-03
0.69972 8.47661416e-03
0.70214 8.44102164e-03
0.70457 8.40560672e-03
0.70701 8.37036940e-03
0.70946 8.33530524e-03
0.71191 8.30042016e-03
0.71438 8.26570380e-03
0.71685 8.23115912e-03
0.71933 8.19678760e-03
0.72182 8.16258184e-03
0.72432 8.12854628e-03
0.72683 8.09467500e-03
0.72934 8.06097096e-03
0.73187 8.02742972e-03
0.73440 7.99405572e-03
0.73694 7.96084008e-03
0.73949 7.92778576e-03
0.74205 7.89489276e-03
0.74462 7.86215812e-03
0.74720 7.82958184e-03
0.74979 7.79716096e-03
0.75238 7.76489844e-03
0.75499 7.73278688e-03
0.75760 7.70083072e-03
0.76022 7.66902700e-03
0.76285 7.63737572e-03
0.76549 7.60587244e-03
0.76814 7.57452160e-03
0.77080 7.54331876e-03
0.77347 7.51226392e-03
0.77615 7.48135560e-03
0.77884 7.45059380e-03
0.78153 7.41997704e-03
0.78424 7.38950384e-03
0.78695 7.35917124e-03
0.78968 7.32898516e-03
0.79241 7.29893820e-03
0.79515 7.26903332e-03
0.79790 7.23926756e-03
0.80067 7.20963944e-03
0.80344 7.18015192e-03
0.80622 7.15079908e-03
0.80901 7.12158388e-03
0.81181 7.09250336e-03
0.81462 7.06355900e-03
0.81744 7.03474784e-03
0.82027 7.00606988e-03
0.82311 6.97752364e-03
0.82596 6.94911060e-03
0.82882 6.92082780e-03
0.83169 6.89267524e-03
0.83457 6.86464996e-03
0.83745 6.83675492e-03
0.84035 6.80899012e-03
0.84326 6.78134964e-03
0.84618 6.75383644e-03
0.84911 6.72644904e-03
0.85205 6.69918744e-03
0.85500 6.67205016e-03
0.85796 6.64503424e-03
0.86093 6.61814264e-03
0.86391 6.59137388e-03
0.86690 6.56472648e-03
0.86990 6.53820044e-03
0.87291 6.51179428e-03
0.87593 6.48550652e-03
0.87897 6.45934012e-03
0.88201 6.43329064e-03
0.88506 6.40736104e-03
0.88813 6.38154688e-03
0.89120 6.35584964e-03
0.89428 6.33026636e-03
0.89738 6.30480000e-03
0.90049 6.27944908e-03
0.90360 6.25421064e-03
0.90673 6.22908675e-03
0.90987 6.20407505e-03
0.91302 6.17917360e-03
0.91618 6.15438656e-03
0.91935 6.12970949e-03
0.92253 6.10514356e-03
0.92573 6.08068730e-03
0.92893 6.05634056e-03
0.93215 6.03210304e-03
0.93537 6.00797179e-03
0.93861 5.98394947e-03
0.94186 5.96003474e-03
0.94512 5.93622568e-03
0.94839 5.91252378e-03
0.95168 5.88892755e-03
0.95497 5.86543506e-03
0.95828 5.84204648e-03
0.96159 5.81876312e-03
0.96492 5.79558306e-03
0.96826 5.77250660e-03
0.97161 5.74953034e-03
0.97498 5.72665724e-03
0.97835 5.70388566e-03
0.98174 5.68121266e-03
0.98514 5.65864221e-03
0.98855 5.63617167e-03
0.99197 5.61380058e-03
0.99540 5.59152732e-03
0.99885 5.56935352e-03
1.00231 5.54727591e-03
1.00578 5.52529732e-03
1.00926 5.50341478e-03
1.01275 5.48162814e-03
1.01626 5.45993874e-03
1.01978 5.43834495e-03
1.02330 5.41684366e-03
1.02685 5.39543931e-03
1.03040 5.37412879e-03
1.03397 5.35291195e-03
1.03755 5.33178584e-03
1.04114 5.31075445e-03
1.04474 5.28981659e-03
1.04836 5.26896902e-03
1.05199 5.24821305e-03
1.05563 5.22754722e-03
1.05928 5.20697418e-03
1.06295 5.18648817e-03
1.06663 5.16609333e-03
1.07032 5.14578817e-03
1.07403 5.12556945e-03
1.07775 5.10544322e-03
1.08148 5.08540047e-03
1.08522 5.06544830e-03
1.08898 5.04558226e-03
1.09275 5.02580235e-03
1.09653 5.00610829e-03
1.10032 4.98650154e-03
1.10413 4.96697768e-03
1.10796 4.94754099e-03
1.11179 4.92818969e-03
1.11564 4.90892098e-03
1.11950 4.88973456e-03
1.12338 4.87063338e-03
1.12726 4.85161597e-03
1.13117 4.83267908e-03
1.13508 4.81382565e-03
1.13901 4.79505407e-03
1.14295 4.77636286e-03
1.14691 4.75775496e-03
1.15088 4.73922551e-03
1.15487 4.72077613e-03
1.15886 4.70240681e-03
1.16287 4.68411727e-03
1.16690 4.66590735e-03
1.17094 4.64777572e-03
1.17499 4.62972224e-03
1.17906 4.61174660e-03
1.18314 4.59385044e-03
1.18724 4.57602917e-03
1.19135 4.55828545e-03
1.19547 4.54061810e-03
1.19961 4.52302815e-03
1.20376 4.50551264e-03
1.20793 4.48807321e-03
1.21211 4.47070793e-03
1.21630 4.45341842e-03
1.22052 4.43620306e-03
1.22474 4.41906022e-03
1.22898 4.40199286e-03
1.23323 4.38499787e-03
1.23750 4.36807526e-03
1.24179 4.35122634e-03
1.24609 4.33444966e-03
1.25040 4.31774490e-03
1.25473 4.30111073e-03
1.25907 4.28454835e-03
1.26343 4.26805641e-03
1.26780 4.25163626e-03
1.27219 4.23528610e-03
1.27659 4.21900462e-03
1.28101 4.20279330e-03
1.28545 4.18665020e-03
1.28990 4.17057710e-03
1.29436 4.15457371e-03
1.29884 4.13863707e-03
1.30334 4.12276851e-03
1.30785 4.10696803e-03
1.31238 4.09123400e-03
1.31692 4.07556732e-03
1.32148 4.05996782e-03
1.32605 4.04443404e-03
1.33064 4.02896715e-03
1.33525 4.01356538e-03
1.33987 3.99822903e-03
1.34451 3.98295765e-03
1.34916 3.96775094e-03
1.35383 3.95260877e-03
1.35852 3.93752949e-03
1.36322 3.92251593e-03
1.36794 3.90756526e-03
1.37268 3.89267809e-03
1.37743 3.87785338e-03
1.38220 3.86309230e-03
1.38698 3.84839294e-03
1.39178 3.83375530e-03
1.39660 3.81917937e-03
1.40144 3.80466619e-03
1.40629 3.79021266e-03
1.41115 3.77582040e-03
1.41604 3.76148882e-03
1.42094 3.74721807e-03
1.42586 3.73300637e-03
1.43080 3.71885490e-03
1.43575 3.70476382e-03
1.44072 3.69073135e-03
1.44571 3.67675749e-03
1.45071 3.66284253e-03
1.45573 3.64898573e-03
1.46077 3.63518695e-03
1.46583 3.62144619e-03
1.47090 3.60776285e-03
1.47599 3.59413678e-03
1.48110 3.58056770e-03
1.48623 3.56705545e-03
1.49137 3.55359944e-03
1.49654 3.54019981e-03
1.50172 3.52685584e-03
1.50692 3.51356780e-03
1.51213 3.50033483e-03
1.51737 3.48715720e-03
1.52262 3.47403464e-03
1.52789 3.46096653e-03
1.53318 3.44795260e-03
1.53849 3.43499298e-03
1.54381 3.42208708e-03
1.54916 3.40923491e-03
1.55452 3.39643587e-03
1.55990 3.38369011e-03
1.56530 3.37099718e-03
1.57072 3.35835665e-03
1.57615 3.34576851e-03
1.58161 3.33323262e-03
1.58709 3.32074852e-03
1.59258 3.30831608e-03
1.59809 3.29593469e-03
1.60362 3.28360481e-03
1.60918 3.27132555e-03
1.61475 3.25909690e-03
1.62034 3.24691902e-03
1.62594 3.23479101e-03
1.63157 3.22271288e-03
1.63722 3.21068462e-03
1.64289 3.19870580e-03
1.64857 3.18677611e-03
1.65428 3.17489556e-03
1.66001 3.16306370e-03
1.66575 3.15128023e-03
1.67152 3.13954531e-03
1.67731 3.12785834e-03
1.68311 3.11621918e-03
1.68894 3.10462782e-03
1.69478 3.09308382e-03
1.70065 3.08158703e-03
1.70654 3.07013716e-03
1.71245 3.05873406e-03
1.71837 3.04737757e-03
1.72432 3.03606726e-03
1.73029 3.02480313e-03
1.73628 3.01358488e-03
1.74229 3.00241236e-03
1.74832 2.99128513e-03
1.75437 2.98020333e-03
1.76045 2.96916638e-03
1.76654 2.95817442e-03
1.77266 2.94722686e-03
1.77879 2.93632400e-03
1.78495 2.92546509e-03
1.79113 2.91465043e-03
1.79733 2.90387944e-03
1.80355 2.89315210e-03
1.80979 2.88246813e-03
1.81606 2.87182722e-03
1.82234 2.86122939e-03
1.82865 2.85067418e-03
1.83498 2.84016188e-03
1.84133 2.82969162e-03
1.84771 2.81926384e-03
1.85410 2.80887809e-03
1.86052 2.79853407e-03
1.86696 2.78823150e-03
1.87342 2.77797036e-03
1.87991 2.76775066e-03
1.88642 2.75757182e-03
1.89295 2.74743382e-03
1.89950 2.73733666e-03
1.90607 2.72727977e-03
1.91267 2.71726328e-03
1.91929 2.70728689e-03
1.92594 2.69735047e-03
1.93260 2.68745371e-03
1.93929 2.67759632e-03
1.94601 2.66777874e-03
1.95274 2.65800008e-03
1.95950 2.64826035e-03
1.96629 2.63855954e-03
1.97309 2.62889751e-03
1.97992 2.61927381e-03
1.98678 2.60968829e-03
1.99365 2.60014111e-03
2.00055 2.59063181e-03
2.00748 2.58116011e-03
2.01443 2.57172629e-03
2.02140 2.56232977e-03
2.02840 2.55297055e-03
2.03542 2.54364847e-03
2.04247 2.53436325e-03
2.04954 2.52511488e-03
2.05663 2.51590291e-03
2.06375 2.50672736e-03
2.07090 2.49758806e-03
2.07806 2.48848488e-03
2.08526 2.47941780e-03
2.09247 2.47038640e-03
2.09972 2.46139052e-03
2.10699 2.45243030e-03
2.11428 2.44350531e-03
2.12160 2.43461524e-03
2.12894 2.42576011e-03
2.13631 2.41694005e-03
2.14371 2.40815447e-03
2.15113 2.39940353e-03
2.15857 2.39068677e-03
2.16605 2.38200406e-03
2.17354 2.37335582e-03
2.18107 2.36474104e-03
2.18862 2.35616015e-03
2.19619 2.34761285e-03
2.20380 2.33909886e-03
2.21143 2.33061831e-03
2.21908 2.32217076e-03
2.22676 2.31375637e-03
2.23447 2.30537454e-03
2.24220 2.29702556e-03
2.24997 2.28870885e-03
2.25775 2.28042485e-03
2.26557 2.27217311e-03
2.27341 2.26395334e-03
2.28128 2.25576553e-03
2.28918 2.24760940e-03
2.29710 2.23948509e-03
2.30505 2.23139245e-03
2.31303 2.22333104e-03
2.32104 2.21530100e-03
2.32908 2.20730190e-03
2.33714 2.19933387e-03
2.34523 2.19139663e-03
2.35335 2.18349018e-03
2.36149 2.17561421e-03
2.36967 2.16776888e-03
2.37787 2.15995359e-03
2.38610 2.15216879e-03
2.39436 2.14441374e-03
2.40265 2.13668858e-03
2.41097 2.12899347e-03
2.41931 2.12132781e-03
2.42769 2.11369160e-03
2.43609 2.10608484e-03
2.44452 2.09850739e-03
2.45298 2.09095895e-03
2.46148 2.08343936e-03
2.47000 2.07594894e-03
2.47855 2.06848722e-03
2.48713 2.06105407e-03
2.49574 2.05364948e-03
2.50438 2.04627301e-03
2.51304 2.03892511e-03
2.52174 2.03160503e-03
2.53047 2.02431307e-03
2.53923 2.01704908e-03
2.54802 2.00981277e-03
2.55684 2.00260413e-03
2.56569 1.99542288e-03
2.57457 1.98826915e-03
2.58349 1.98114265e-03
2.59243 1.97404339e-03
2.60140 1.96697106e-03
2.61041 1.95992582e-03
2.61944 1.95290721e-03
2.62851 1.94591540e-03
2.63761 1.93895007e-03
2.64674 1.93201139e-03
2.65590 1.92509905e-03
2.66510 1.91821290e-03
2.67432 1.91135266e-03
2.68358 1.90451861e-03
2.69287 1.89771046e-03
2.70219 1.89092807e-03
2.71154 1.88417142e-03
2.72093 1.87744053e-03
2.73035 1.87073480e-03
2.73980 1.86405452e-03
2.74928 1.85739941e-03
2.75880 1.85076945e-03
2.76835 1.84416466e-03
2.77793 1.83758472e-03
2.78755 1.83102966e-03
2.79720 1.82449916e-03
2.80688 1.81799322e-03
2.81660 1.81151201e-03
2.82635 1.80505521e-03
2.83613 1.79862269e-03
2.84595 1.79221414e-03
2.85580 1.78582986e-03
2.86569 1.77946971e-03
2.87561 1.77313324e-03
2.88556 1.76682060e-03
2.89555 1.76053163e-03
2.90557 1.75426620e-03
2.91563 1.74802430e-03
2.92572 1.74180578e-03
2.93585 1.73561080e-03
2.94601 1.72943861e-03
2.95621 1.72328980e-03
2.96644 1.71716408e-03
2.97671 1.71106100e-03
2.98702 1.70498087e-03
2.99736 1.69892323e-03
3.00773 1.69288838e-03
3.01814 1.68687618e-03
3.02859 1.68088617e-03
3.03907 1.67491881e-03
3.04960 1.66897350e-03
3.06015 1.66305040e-03
3.07074 1.65714934e-03
3.08137 1.65127019e-03
3.09204 1.64541294e-03
3.10274 1.63957745e-03
3.11348 1.63376371e-03
3.12426 1.62797158e-03
3.13508 1.62220077e-03
3.14593 1.61645156e-03
3.15682 1.61072396e-03
3.16775 1.60501738e-03
3.17871 1.59933181e-03
3.18972 1.59366740e-03
3.20076 1.58802402e-03
3.21184 1.58240164e-03
3.22295 1.57679999e-03
3.23411 1.57121891e-03
3.24531 1.56565870e-03
3.25654 1.56011906e-03
3.26781 1.55459999e-03
3.27912 1.54910105e-03
3.29047 1.54362268e-03
3.30187 1.53816430e-03
3.31330 1.53272604e-03
3.32476 1.52730805e-03
3.33627 1.52191005e-03
3.34782 1.51653188e-03
3.35941 1.51117339e-03
3.37104 1.50583488e-03
3.38271 1.50051591e-03
3.39442 1.49521647e-03
3.40617 1.48993657e-03
3.41796 1.48467621e-03
3.42979 1.47943508e-03
3.44166 1.47421320e-03
3.45358 1.46901056e-03
3.46553 1.46382700e-03
3.47753 1.45866254e-03
3.48957 1.45351703e-03
3.50164 1.44839031e-03
3.51377 1.44328238e-03
3.52593 1.43819340e-03
3.53814 1.43312278e-03
3.55038 1.42807080e-03
3.56267 1.42303732e-03
3.57500 1.41802248e-03
3.58738 1.41302571e-03
3.59980 1.40804743e-03
3.61226 1.40308721e-03
3.62476 1.39814534e-03
3.63731 1.39322124e-03
3.64990 1.38831533e-03
3.66254 1.38342734e-03
3.67521 1.37855725e-03
3.68794 1.37370477e-03
3.70070 1.36887006e-03
3.71351 1.36405295e-03
3.72637 1.35925361e-03
3.73927 1.35447158e-03
3.75221 1.34970672e-03
3.76520 1.34495962e-03
3.77823 1.34022969e-03
3.79131 1.33551692e-03
3.80443 1.33082148e-03
3.81760 1.32614290e-03
3.83082 1.32148134e-03
3.84408 1.31683681e-03
3.85739 1.31220929e-03
3.87074 1.30759820e-03
3.88414 1.30300428e-03
3.89758 1.29842679e-03
3.91107 1.29386602e-03
3.92461 1.28932168e-03
3.93820 1.28479407e-03
3.95183 1.28028273e-03
3.96551 1.27578768e-03
3.97924 1.27130905e-03
3.99301 1.26684655e-03
4.00683 1.26240004e-03
4.02070 1.25797010e-03
4.03462 1.25355586e-03
4.04859 1.24915759e-03
4.06260 1.24477546e-03
4.07667 1.24040902e-03
4.09078 1.23605841e-03
4.10494 1.23172349e-03
4.11915 1.22740426e-03
4.13341 1.22310056e-03
4.14771 1.21881256e-03
4.16207 1.21453980e-03
4.17648 1.21028273e-03
4.19094 1.20604075e-03
4.20545 1.20181446e-03
4.22000 1.19760312e-03
4.23461 1.19340703e-03
4.24927 1.18922603e-03
4.26398 1.18506027e-03
4.27874 1.18090917e-03
4.29355 1.17677346e-03
4.30841 1.17265225e-03
4.32332 1.16854628e-03
4.33829 1.16445468e-03
4.35331 1.16037802e-03
4.36838 1.15631586e-03
4.38350 1.15226850e-03
4.39867 1.14823565e-03
4.41390 1.14421730e-03
4.42918 1.14021331e-03
4.44451 1.13622353e-03
4.45990 1.13224840e-03
4.47533 1.12828747e-03
4.49083 1.12434090e-03
4.50637 1.12040810e-03
4.52197 1.11648965e-03
4.53762 1.11258541e-03
4.55333 1.10869479e-03
4.56909 1.10481837e-03
4.58491 1.10095587e-03
4.60078 1.09710728e-03
4.61670 1.09327230e-03
4.63269 1.08945109e-03
4.64872 1.08564364e-03
4.66481 1.08184966e-03
4.68096 1.07806944e-03
4.69717 1.07430270e-03
4.71343 1.07054927e-03
4.72974 1.06680946e-03
4.74611 1.06308311e-03
4.76254 1.05936979e-03
4.77903 1.05566979e-03
4.79557 1.05198326e-03
4.81217 1.04830975e-03
4.82883 1.04464942e-03
4.84555 1.04100196e-03
4.86232 1.03736767e-03
4.87915 1.03374640e-03
4.89604 1.03013816e-03
4.91299 1.02654250e-03
4.92999 1.02296002e-03
4.94706 1.01938996e-03
4.96418 1.01583278e-03
4.98137 1.01228833e-03
4.99861 1.00875660e-03
5.01591 1.00523716e-03
5.03328 1.00173045e-03
5.05070 9.98236172e-04
5.06818 9.94754472e-04
5.08573 9.91285056e-04
5.10333 9.87828072e-04
5.12100 9.84383372e-04
5.13873 9.80950808e-04
5.15651 9.77530676e-04
5.17436 9.74122384e-04
5.19228 9.70726524e-04
5.21025 9.67342652e-04
5.22828 9.63970768e-04
5.24638 9.60610872e-04
5.26454 9.57262816e-04
5.28277 9.53926896e-04
5.30105 9.50602668e-04
5.31940 9.47290280e-04
5.33782 9.43989584e-04
5.35629 9.40700580e-04
5.37484 9.37423416e-04
5.39344 9.34157796e-04
5.41211 9.30903868e-04
5.43084 9.27661336e-04
5.44965 9.24430348e-04
5.46851 9.21210904e-04
5.48744 9.18003004e-04
5.50643 9.14806056e-04
5.52550 9.11620800e-04
5.54462 9.08446644e-04
5.56381 9.05283736e-04
5.58308 9.02132224e-04
5.60240 8.98991516e-04
5.62179 8.95862204e-04
5.64125 8.92743992e-04
5.66078 8.89636732e-04
5.68038 8.86540424e-04
5.70004 8.83455364e-04
5.71977 8.80380812e-04
5.73957 8.77317508e-04
5.75944 8.74264712e-04
5.77938 8.71222868e-04
5.79938 8.68191828e-04
5.81946 8.65171444e-04
5.83960 8.62161864e-04
5.85982 8.59162792e-04
5.88010 8.56174228e-04
5.90045 8.53196320e-04
5.92088 8.50229068e-04
5.94137 8.47272028e-04
5.96194 8.44325644e-04
5.98258 8.41389620e-04
6.00329 8.38463956e-04
6.02407 8.35548652e-04
6.04492 8.32643560e-04
6.06585 8.29748680e-04
6.08684 8.26864160e-04
6.10791 8.23989852e-04
6.12906 8.21125460e-04
6.15027 8.18271280e-04
6.17156 8.15427164e-04
6.19293 8.12592964e-04
6.21436 8.09768976e-04
6.23588 8.06954756e-04
6.25746 8.04150600e-04
6.27912 8.01356360e-04
6.30086 7.98571888e-04
6.32267 7.95797184e-04
6.34455 7.93032248e-04
6.36652 7.90277080e-04
6.38856 7.87531680e-04
6.41067 7.84795900e-04
6.43286 7.82069592e-04
6.45513 7.79353200e-04
6.47747 7.76646132e-04
6.49990 7.73948536e-04
6.52240 7.71260560e-04
6.54497 7.68582204e-04
6.56763 7.65913024e-04
6.59037 7.63253316e-04
6.61318 7.60602932e-04
6.63607 7.57962020e-04
6.65904 7.55330284e-04
6.68209 7.52707724e-04
6.70522 7.53289512e-04
6.72843 7.64609736e-04
6.75172 7.75701744e-04
6.77510 7.87026408e-04
6.79855 7.99099508e-04
6.82208 8.10675180e-04
6.84570 8.23017048e-04
6.86939 8.35752892e-04
6.89317 8.48928888e-04
6.91704 8.62009128e-04
6.94098 8.75263120e-04
6.96500 8.89963220e-04
6.98911 9.04072060e-04
7.01331 9.18604180e-04
7.03759 9.33353712e-04
7.06195 9.48800324e-04
7.08639 9.64678652e-04
7.11092 9.81495152e-04
7.13554 9.97638696e-04
7.16024 1.01505164e-03
7.18502 1.03225101e-03
7.20990 1.04974535e-03
7.23485 1.06842621e-03
7.25990 1.08744643e-03
7.28503 1.10703852e-03
7.31025 1.12718828e-03
7.33555 1.14795179e-03
7.36094 1.16901574e-03
7.38642 1.19101564e-03
7.41199 1.21359378e-03
7.43765 1.23637128e-03
7.46340 1.26046583e-03
7.48923 1.28586692e-03
7.51516 1.31086012e-03
7.54117 1.33748843e-03
7.56727 1.36452241e-03
7.59347 1.39240487e-03
7.61975 1.42152698e-03
7.64613 1.45152480e-03
7.67260 1.48263825e-03
7.69916 1.51500955e-03
7.72581 1.54771488e-03
7.75255 1.58247846e-03
7.77939 1.61812411e-03
7.80632 1.65537245e-03
7.83334 1.69408244e-03
7.86046 1.73386884e-03
7.88767 1.77505162e-03
7.91497 1.81881418e-03
7.94237 1.86375053e-03
7.96986 1.91079070e-03
7.99745 1.95883772e-03
8.02513 2.01026298e-03
8.05291 2.06440168e-03
8.08079 2.11947381e-03
8.10876 2.17783732e-03
8.13683 2.23879467e-03
8.16500 2.30250171e-03
8.19326 2.36977171e-03
8.22162 2.44025079e-03
8.25008 2.51476124e-03
8.27864 2.59279468e-03
8.30730 2.67487238e-03
8.33605 2.76236702e-03
8.36491 2.85429085e-03
8.39386 2.95199009e-03
8.42292 3.05534234e-03
8.45208 3.16542711e-03
8.48133 3.28256052e-03
8.51069 3.40763384e-03
8.54016 3.54205040e-03
8.56972 3.68546862e-03
8.59938 3.84069191e-03
8.62915 4.00691056e-03
8.65902 4.18803311e-03
8.68899 4.38512796e-03
8.71907 4.60020600e-03
8.74925 4.83555220e-03
8.77954 5.09521184e-03
8.80993 5.38344731e-03
8.84043 5.70669204e-03
8.87103 6.06999075e-03
8.90174 6.48466632e-03
8.93255 6.96156214e-03
8.96347 7.51865323e-03
8.99450 8.18138494e-03
9.02563 8.98406724e-03
9.05688 9.98203390e-03
9.08823 1.12610379e-02
9.11969 1.29630320e-02
9.15126 1.53267219e-02
9.18294 1.87688035e-02
9.21472 2.39241528e-02
9.24662 3.13879565e-02
9.27863 4.01882817e-02
9.31075 4.62442092e-02
9.34298 4.64917673e-02
9.37532 4.24415494e-02
9.40777 3.71997165e-02
9.44034 3.31855916e-02
9.47302 3.14380520e-02
9.50581 3.19413748e-02
9.53871 3.45183538e-02
9.57173 3.93180855e-02
9.60487 4.69596334e-02
9.63811 5.85689176e-02
9.67148 7.53897688e-02
9.70495 9.69744736e-02
9.73855 1.19475930e-01
9.77226 1.38996540e-01
9.80609 1.54793082e-01
9.84003 1.67687932e-01
9.87409 1.78534269e-01
9.90827 1.87921112e-01
9.94257 1.96248417e-01
9.97699 2.03828046e-01
10.01153 2.10965548e-01
10.04618 2.17968277e-01
10.08096 2.24522349e-01
10.11585 2.25827413e-01
10.15087 2.13220536e-01
10.18601 1.89758022e-01
10.22127 1.58559178e-01
10.25665 1.27415598e-01
10.29215 1.05945134e-01
10.32778 9.47259496e-02
10.36353 9.35423788e-02
10.39941 1.02697392e-01
10.43540 1.18125120e-01
10.47153 1.22593965e-01
10.50777 1.03198180e-01
10.54415 8.54126796e-02
10.58065 7.88094376e-02
10.61727 8.05633989e-02
10.65403 8.82996016e-02
10.69091 1.00916095e-01
10.72791 1.17347193e-01
10.76505 1.36746747e-01
10.80231 1.59319142e-01
10.83971 1.86820067e-01
10.87723 2.18714185e-01
10.91488 2.48449160e-01
10.95266 2.71617250e-01
10.99058 2.89157603e-01
11.02862 3.02683411e-01
11.06680 3.13063685e-01
11.10511 3.20610970e-01
11.14355 3.25225638e-01
11.18212 3.26490411e-01
11.22083 3.23648271e-01
11.25967 3.15508750e-01
11.29865 3.00325457e-01
11.33776 2.75860975e-01
11.37701 2.39967344e-01
11.41639 1.93628336e-01
11.45591 1.47125379e-01
11.49556 1.11215316e-01
11.53536 8.64959390e-02
11.57529 6.97500986e-02
11.61536 5.82690090e-02
11.65556 5.03929788e-02
11.69591 4.52486261e-02
11.73640 4.25359888e-02
11.77702 4.24838322e-02
11.81779 4.58321797e-02
11.85870 5.29997102e-02
11.89975 6.01426283e-02
11.94094 5.74792958e-02
11.98227 4.61395461e-02
12.02375 3.51375798e-02
12.06537 2.75018336e-02
12.10714 2.24768606e-02
12.14905 1.90714398e-02
12.19110 1.66681581e-02
12.23330 1.48636992e-02
12.27565 1.34617914e-02
12.31814 1.23375498e-02
12.36078 1.14090598e-02
12.40357 1.06323435e-02
12.44651 9.96756083e-03
12.48959 9.39368195e-03
12.53283 8.89204424e-03
12.57621 8.45055388e-03
12.61974 8.05945411e-03
12.66343 7.71067361e-03
12.70726 7.39855434e-03
12.75125 7.11831486e-03
12.79539 6.86552582e-03
12.83968 6.63700450e-03
12.88413 6.43033982e-03
12.92873 6.24304922e-03
12.97348 6.07299796e-03
13.01839 5.91946912e-03
13.06345 5.77993191e-03
13.10867 5.65365372e-03
13.15405 5.53959590e-03
13.19959 5.43718138e-03
13.24528 5.34511605e-03
13.29113 5.26279016e-03
13.33713 5.18954482e-03
13.38330 5.12536669e-03
13.42963 5.06935579e-03
13.47612 5.02152811e-03
13.52277 4.98143669e-03
13.56958 4.94822534e-03
13.61655 4.92282099e-03
13.66368 4.90428932e-03
13.71098 4.89277847e-03
13.75844 4.88801554e-03
13.80607 4.89060494e-03
13.85386 4.89981780e-03
13.90182 4.91633504e-03
13.94994 4.93995140e-03
13.99823 4.97116134e-03
14.04668 5.00991455e-03
14.09531 5.05668803e-03
14.14410 5.11239538e-03
14.19306 5.17659689e-03
14.24219 5.25070611e-03
14.29149 5.33477056e-03
14.34096 5.43035325e-03
14.39060 5.53841737e-03
14.44042 5.65971640e-03
14.49041 5.79542440e-03
14.54057 5.94858812e-03
14.59090 6.12080995e-03
14.64141 6.31434911e-03
14.69209 6.53319182e-03
14.74295 6.78088980e-03
14.79398 7.06303449e-03
14.84519 7.38640516e-03
14.89658 7.75876710e-03
14.94814 8.19194785e-03
14.99989 8.70202660e-03
15.05181 9.30721695e-03
15.10392 1.00356494e-02
15.15620 1.09242183e-02
15.20866 1.20243760e-02
15.26131 1.33956205e-02
15.31414 1.51063609e-02
15.36715 1.71952099e-02
15.42034 1.95918996e-02
15.47372 2.20151317e-02
15.52729 2.40223033e-02
15.58103 2.52883604e-02
15.63497 2.59153802e-02
15.68909 2.63699178e-02
15.74340 2.71855591e-02
15.79790 2.87713421e-02
15.85258 3.13944600e-02
15.90746 3.52338331e-02
15.96252 4.03809727e-02
16.01778 4.67527664e-02
16.07323 5.39586214e-02
16.12886 6.13024836e-02
16.18470 6.80398002e-02
16.24072 7.36157742e-02
16.29694 7.77072609e-02
16.35335 8.01181291e-02
16.40996 8.06671721e-02
16.46677 7.91809901e-02
16.52377 7.55473296e-02
16.58097 6.99273464e-02
16.63836 6.28864047e-02
16.69596 5.53458920e-02
16.75375 4.82805866e-02
16.81175 4.22794323e-02
16.86994 3.75326727e-02
16.92834 3.39653088e-02
16.98694 3.14219673e-02
17.04574 2.97474480e-02
17.10474 2.88217790e-02
17.16395 2.85741839e-02
17.22337 2.89820171e-02
17.28299 3.00663302e-02
17.34281 3.18777111e-02
17.40285 3.44684452e-02
17.46309 3.78158648e-02
17.52354 4.16943498e-02
17.58420 4.55526314e-02
17.64507 4.85931375e-02
17.70615 5.02010065e-02
17.76744 5.03888437e-02
17.82894 4.97690241e-02
17.89066 4.91818933e-02
17.95259 4.93787363e-02
18.01473 5.08208764e-02
18.07709 5.37177988e-02
18.13967 5.80801580e-02
18.20246 6.37811180e-02
18.26547 7.05955412e-02
18.32870 7.83196760e-02
18.39214 8.71117788e-02
18.45581 9.73036212e-02
18.51969 1.08745220e-01
18.58380 1.20742825e-01
18.64813 1.32382300e-01
18.71268 1.42955331e-01
18.77746 1.52020805e-01
18.84246 1.59354427e-01
18.90768 1.64818898e-01
18.97313 1.68358554e-01
19.03881 1.70218396e-01
19.10472 1.71084611e-01
19.17085 1.71712042e-01
19.23721 1.72492194e-01
19.30380 1.73487746e-01
19.37062 1.74498231e-01
19.43768 1.75236558e-01
19.50496 1.75451040e-01
19.57248 1.74911565e-01
19.64023 1.73264902e-01
19.70822 1.70029948e-01
19.77644 1.64629250e-01
19.84490 1.56439463e-01
19.91359 1.45076734e-01
19.98252 1.31349689e-01
20.05169 1.16883932e-01
20.12110 1.03084753e-01
20.19076 9.10811832e-02
20.26065 8.11468312e-02
20.33078 7.32033456e-02
20.40116 6.72086500e-02
20.47178 6.29068968e-02
20.54264 6.00603684e-02
20.61375 5.86525184e-02
20.68511 5.86780484e-02
20.75671 6.00273940e-02
20.82856 6.26665892e-02
20.90066 6.62116184e-02
20.97301 6.95471240e-02
21.04561 7.12676832e-02
21.11846 7.11098708e-02
21.19157 7.10622888e-02
21.26492 7.31394096e-02
21.33853 7.69876908e-02
21.41240 7.96506400e-02
21.48652 8.16873805e-02
21.56090 8.52740968e-02
21.63553 8.97590252e-02
21.71043 9.41879119e-02
21.78558 9.81639600e-02
21.86099 1.01630209e-01
21.93666 1.04762407e-01
22.01260 1.07721682e-01
22.08880 1.10769209e-01
22.16526 1.14129978e-01
22.24199 1.18011870e-01
22.31898 1.22600684e-01
22.39624 1.28116511e-01
22.47377 1.34493579e-01
22.55156 1.41733088e-01
22.62962 1.49419187e-01
22.70796 1.57328410e-01
22.78656 1.65123659e-01
22.86544 1.72768170e-01
22.94459 1.80217350e-01
23.02402 1.87599650e-01
23.10372 1.94958358e-01
23.18369 2.02224551e-01
23.26394 2.09129668e-01
23.34447 2.15204328e-01
23.42528 2.20091096e-01
23.50637 2.23427504e-01
23.58774 2.25079998e-01
23.66939 2.24784058e-01
23.75133 2.22620904e-01
23.83354 2.18249606e-01
23.91604 2.12112490e-01
23.99883 2.04134224e-01
24.08191 1.94726960e-01
24.16527 1.83897459e-01
24.24892 1.71495266e-01
24.33286 1.57849385e-01
24.41709 1.43416262e-01
24.50161 1.29290447e-01
24.58642 1.16475808e-01
24.67153 1.05620955e-01
24.75693 9.69702068e-02
24.84263 9.04379012e-02
24.92863 8.58205365e-02
25.01492 8.29465956e-02
25.10151 8.09650280e-02
25.18840 7.89485058e-02
25.27559 7.63480318e-02
25.36309 7.28020984e-02
25.45088 6.83947797e-02
25.53898 6.35280676e-02
25.62739 5.89321896e-02
25.71610 5.52330036e-02
25.80512 5.28705328e-02
25.89444 5.18081000e-02
25.98408 5.20388246e-02
26.07403 5.32571532e-02
26.16428 5.49016804e-02
26.25485 5.64585827e-02
26.34574 5.74162862e-02
26.43694 5.75719808e-02
26.52845 5.69861124e-02
26.62028 5.59363114e-02
26.71243 5.49498677e-02
26.80489 5.43859951e-02
26.89768 5.44909330e-02
26.99079 5.52982005e-02
27.08422 5.66957305e-02
27.17798 5.85227150e-02
27.27205 6.05693108e-02
27.36646 6.25895685e-02
27.46119 6.44165456e-02
27.55625 6.59247145e-02
27.65164 6.70299326e-02
27.74736 6.77022344e-02
27.84341 6.79247791e-02
27.93979 6.76747316e-02
28.03650 6.69335402e-02
28.13355 6.57233220e-02
28.23094 6.40467972e-02
28.32867 6.19101212e-02
28.42673 5.92861034e-02
28.52513 5.62765057e-02
28.62387 5.29717885e-02
28.72295 4.94875725e-02
28.82238 4.59480297e-02
28.92215 4.24841208e-02
29.02227 3.92384171e-02
29.12273 3.62795094e-02
29.22354 3.36401824e-02
29.32470 3.13318782e-02
29.42621 2.93689794e-02
29.52807 2.77089374e-02
29.63029 2.63157690e-02
29.73286 2.51630843e-02
29.83578 2.42280174e-02
29.93906 2.34902655e-02
30.04269 2.29563644e-02
30.14669 2.25841014e-02
30.25104 2.23590734e-02
30.35576 2.22704613e-02
30.46084 2.23085077e-02
30.56628 2.24634637e-02
30.67209 2.27272382e-02
30.77826 2.30945031e-02
30.88481 2.35525098e-02
30.99172 2.40906660e-02
31.09900 2.47049104e-02
31.20665 2.53962258e-02
31.31467 2.61716274e-02
31.42307 2.70452003e-02
31.53184 2.80387199e-02
31.64099 2.91812429e-02
31.75052 3.05120796e-02
31.86043 3.20728787e-02
31.97072 3.38951746e-02
32.08139 3.60143600e-02
32.19244 3.84610338e-02
32.30388 4.12575175e-02
32.41570 4.44129056e-02
32.52791 4.79140839e-02
32.64051 5.17142532e-02
32.75349 5.57255120e-02
32.86687 5.98205877e-02
32.98064 6.38372204e-02
33.09481 6.75784028e-02
33.20937 7.07778802e-02
33.32433 7.30105475e-02
33.43968 7.37724752e-02
33.55544 7.34566713e-02
33.67159 7.35235673e-02
33.78815 7.40162859e-02
33.90511 7.40732052e-02
34.02247 7.32877500e-02
34.14024 7.15950488e-02
34.25842 6.90638300e-02
34.37701 6.58287764e-02
34.49601 6.20667659e-02
34.61542 5.79728121e-02
34.73525 5.37353738e-02
34.85549 4.95154069e-02
34.97614 4.54362945e-02
35.09721 4.15832433e-02
35.21871 3.80073309e-02
35.34062 3.47321679e-02
35.46295 3.17641581e-02
35.58571 2.90967571e-02
35.70889 2.67085418e-02
35.83250 2.45816663e-02
35.95654 2.26885051e-02
36.08101 2.10051575e-02
36.20590 1.95087887e-02
36.33123 1.81789051e-02
36.45700 1.69968143e-02
36.58320 1.59464050e-02
36.70983 1.50134293e-02
36.83691 1.41854226e-02
36.96442 1.34518340e-02
37.09238 1.28033083e-02
37.22077 1.22316184e-02
37.34962 1.17293064e-02
37.47890 1.12893571e-02
37.60864 1.09048013e-02
37.73883 1.05685024e-02
37.86946 1.02743938e-02
38.00055 1.00098512e-02
38.13209 9.76258320e-03
38.26409 9.52128548e-03
38.39654 9.27539976e-03
38.52946 9.01630356e-03
38.66283 8.73838916e-03
38.79667 8.43979472e-03
38.93096 8.12233028e-03
39.06573 7.79067856e-03
39.20096 7.45184588e-03
39.33665 7.11476848e-03
39.47282 6.78550474e-03
39.60946 6.46851582e-03
39.74657 6.16670061e-03
39.88416 5.88178773e-03
40.02222 5.61455671e-03
40.16076 5.36505461e-03
40.29978 5.13585752e-03
40.43928 4.92255296e-03
40.57926 4.72393371e-03
40.71973 4.53877934e-03
40.86069 4.36597158e-03
41.00213 4.20454058e-03
41.14406 4.05426005e-03
41.28648 3.91475525e-03
41.42940 3.78360698e-03
41.57281 3.66006975e-03
41.71672 3.54347727e-03
41.86113 3.43326374e-03
42.00603 3.32960351e-03
42.15144 3.23212804e-03
42.29735 3.13949662e-03
42.44377 3.05130372e-03
42.59069 2.96723735e-03
42.73812 2.88712968e-03
42.88606 2.81146098e-03
43.03451 2.73916535e-03
43.18348 2.66984852e-03
43.33297 2.60335241e-03
43.48297 2.53958365e-03
43.63349 2.47905106e-03
43.78453 2.42092658e-03
43.93609 2.36490458e-03
44.08818 2.31087422e-03
44.24079 2.25892563e-03
44.39394 2.20936872e-03
44.54761 2.16141272e-03
44.70182 2.11504698e-03
44.85655 2.07024280e-03
45.01183 2.02719019e-03
45.16764 1.98571008e-03
45.32399 1.94545615e-03
45.48089 1.90636210e-03
45.63832 1.86871800e-03
45.79630 1.83240517e-03
45.95483 1.79712300e-03
46.11391 1.76282341e-03
46.27353 1.72961221e-03
46.43371 1.69755837e-03
46.59445 1.66633674e-03
46.75574 1.63591726e-03
46.91759 1.60649264e-03
47.08000 1.57798118e-03
47.24297 1.55018826e-03
47.40650 1.52309109e-03
47.57060 1.49683885e-03
47.73527 1.47126963e-03
47.90051 1.44631328e-03
48.06633 1.42203772e-03
48.23271 1.39852008e-03
48.39967 1.37549365e-03
48.56721 1.35295073e-03
48.73533 1.33108684e-03
48.90403 1.30980784e-03
49.07332 1.28897966e-03
49.24319 1.26865585e-03
49.41365 1.24890096e-03
49.58470 1.22953634e-03
49.75634 1.21056274e-03
49.92858 1.19219091e-03
50.10141 1.17388849e-03
50.27484 1.15584492e-03
50.44887 1.13807590e-03
50.62350 1.12057697e-03
50.79874 1.10334385e-03
50.97458 1.08637328e-03
51.15104 1.06966068e-03
51.32810 1.05320248e-03
51.50578 1.03699471e-03
51.68407 1.02103350e-03
51.86298 1.00531546e-03
52.04250 9.89836728e-04
52.22265 9.74593764e-04
52.40343 9.59583308e-04
52.58482 9.44801068e-04
52.76685 9.30244232e-04
52.94951 9.15909396e-04
53.13280 9.01793156e-04
53.31672 8.87891812e-04
53.50128 8.74202700e-04
53.68648 8.60722416e-04
53.87232 8.47447704e-04
54.05880 8.34375456e-04
54.24593 8.21503008e-04
54.43371 8.08826808e-04
54.62214 7.96344192e-04
54.81122 7.84052200e-04
55.00095 7.71948020e-04
55.19134 7.60028544e-04
55.38239 7.48291256e-04
55.57410 7.36733344e-04
55.76647 7.25351996e-04
55.95951 7.14144696e-04
56.15322 7.03108928e-04
56.34760 6.92241584e-04
56.54265 6.81540740e-04
56.73838 6.71003288e-04
56.93479 6.60627156e-04
57.13187 6.50409976e-04
57.32964 6.40349084e-04
57.52809 6.30442260e-04
57.72723 6.20686988e-04
57.92705 6.11081196e-04
58.12757 6.01622516e-04
58.32879 5.92308728e-04
58.53070 5.83137656e-04
58.73331 5.74107022e-04
58.93662 5.65215034e-04
59.14063 5.56459221e-04
59.34535 5.47837570e-04
59.55078 5.39348216e-04
59.75692 5.30988998e-04
59.96377 5.22758126e-04
60.17134 5.14653468e-04
60.37963 5.06673338e-04
60.58864 4.98815559e-04
60.79837 4.91078312e-04
61.00883 4.83460041e-04
61.22002 4.75958750e-04
61.43194 4.68572544e-04
61.64459 4.61299912e-04
61.85797 4.54138888e-04
62.07210 4.47088064e-04
62.28697 4.40145518e-04
62.50258 4.33309797e-04
62.71894 4.26579172e-04
62.93605 4.19951968e-04
63.15390 4.13426737e-04
63.37252 4.07001820e-04
63.59189 4.00675842e-04
63.81201 3.94447099e-04
64.03290 3.88314275e-04
64.25456 3.82275875e-04
64.47698 3.76330552e-04
64.70017 3.70476530e-04
64.92414 3.64712818e-04
65.14888 3.59037951e-04
65.37440 3.53450492e-04
65.60070 3.47949021e-04
65.82778 3.42532428e-04
66.05565 3.37199278e-04
66.28430 3.31948490e-04
66.51375 3.26778509e-04
66.74400 3.21688271e-04
66.97504 3.16676621e-04
67.20688 3.11742257e-04
67.43952 3.06884053e-04
67.67297 3.02100797e-04
67.90722 2.97391363e-04
68.14229 2.92754671e-04
68.37817 2.88189552e-04
68.61486 2.83694940e-04
68.85238 2.79269725e-04
69.09072 2.74912901e-04
69.32988 2.70623402e-04
69.56987 2.66400148e-04
69.81069 2.62242206e-04
70.05235 2.58148526e-04
70.29484 2.54118131e-04
70.53817 2.50150088e-04
70.78235 2.46243392e-04
71.02737 2.42397138e-04
71.27323 2.38610395e-04
71.51995 2.34882231e-04
71.76752 2.31211772e-04
72.01595 2.27598130e-04
72.26524 2.24040432e-04
72.51539 2.20537834e-04
72.76641 2.17089464e-04
73.01830 2.13694506e-04
73.27106 2.10352148e-04
73.52469 2.07061576e-04
73.77920 2.03822004e-04
74.03460 2.00632633e-04
74.29087 1.97492724e-04
74.54804 1.94401463e-04
74.80609 1.91358154e-04
75.06504 1.88362057e-04
75.32488 1.85412417e-04
75.58563 1.82508538e-04
75.84727 1.79649726e-04
76.10982 1.76835284e-04
76.37328 1.74064532e-04
76.63766 1.71336788e-04
76.90295 1.68651387e-04
77.16915 1.66007708e-04
77.43628 1.63405083e-04
77.70433 1.60842878e-04
77.97331 1.58320484e-04
78.24322 1.55837310e-04
78.51407 1.53392706e-04
78.78585 1.50986107e-04
79.05857 1.48616923e-04
79.33224 1.46284576e-04
79.60686 1.43988504e-04
79.88242 1.41728145e-04
80.15894 1.39502950e-04
80.43642 1.37312372e-04
80.71486 1.35155879e-04
80.99426 1.33032967e-04
81.27463 1.30943089e-04
81.55596 1.28885756e-04
81.83828 1.26860450e-04
82.12157 1.24866697e-04
82.40584 1.22903995e-04
82.69109 1.20971870e-04
82.97733 1.19069848e-04
83.26457 1.17197456e-04
83.55279 1.15354264e-04
83.84202 1.13539798e-04
84.13225 1.11753631e-04
84.42348 1.09995302e-04
84.71572 1.08264398e-04
85.00897 1.06560503e-04
85.30323 1.04883175e-04
85.59852 1.03232028e-04
85.89482 1.01606647e-04
86.19215 1.00006619e-04
86.49052 9.84315884e-05
86.78991 9.68811552e-05
87.09034 9.53549200e-05
87.39181 9.38525276e-05
87.69432 9.23735932e-05
87.99789 9.09177616e-05
88.30250 8.94846924e-05
88.60816 8.80740008e-05
88.91489 8.66853612e-05
89.22267 8.53184332e-05
89.53153 8.39728764e-05
89.84145 8.26483652e-05
90.15244 8.13445592e-05
90.46451 8.00611476e-05
90.77766 7.87978196e-05
91.09190 7.75542496e-05
91.40722 7.63301416e-05
91.72363 7.51251996e-05
92.04114 7.39391128e-05
92.35975 7.27715852e-05
92.67946 7.16223504e-05
93.00028 7.04911124e-05
93.32221 6.93776048e-05
93.64525 6.82815168e-05
93.96941 6.72026264e-05
94.29469 6.61406080e-05
94.62110 6.50952544e-05
94.94864 6.40662992e-05
95.27731 6.30534464e-05
95.60712 6.20564888e-05
95.93807 6.10751600e-05
96.27017 6.01092380e-05
96.60342 5.91584564e-05
96.93782 5.82225947e-05
97.27338 5.73014057e-05
97.61010 5.63946866e-05
97.94798 5.55021904e-05
98.28704 5.46236964e-05
98.62727 5.37590020e-05
98.96867 5.29079058e-05
99.31126 5.20701622e-05
99.65504 5.12455698e-05
100.00000 5.04339274e-05
