        2000  1.000000 3.330000
0.10000 4.33753782e-01
0.10035 4.33405168e-01
0.10069 4.32380239e-01
0.10104 4.30028460e-01
0.10139 4.30166692e-01
0.10174 4.29587938e-01
0.10210 4.26852069e-01
0.10245 4.27940032e-01
0.10280 4.25299741e-01
0.10316 4.25111012e-01
0.10352 4.23815716e-01
0.10387 4.23529217e-01
0.10423 4.21388471e-01
0.10459 4.21160226e-01
0.10496 4.19743732e-01
0.10532 4.19321710e-01
0.10568 4.17718870e-01
0.10605 4.16979818e-01
0.10642 4.16866775e-01
0.10679 4.14357258e-01
0.10716 4.14408776e-01
0.10753 4.13498029e-01
0.10790 4.12304483e-01
0.10827 4.10678274e-01
0.10865 4.10544911e-01
0.10902 4.10285215e-01
0.10940 4.07371954e-01
0.10978 4.07231457e-01
0.11016 4.07739719e-01
0.11054 4.04346952e-01
0.11092 4.05654325e-01
0.11131 4.03362412e-01
0.11169 4.01808130e-01
0.11208 4.02935802e-01
0.11247 4.00438834e-01
0.11286 3.99825759e-01
0.11325 3.98890843e-01
0.11364 3.98594370e-01
0.11403 3.96532878e-01
0.11443 3.95510627e-01
0.11482 3.96312846e-01
0.11522 3.93424478e-01
0.11562 3.93686542e-01
0.11602 3.91849136e-01
0.11642 3.91376972e-01
0.11682 3.91364584e-01
0.11723 3.89454970e-01
0.11763 3.87334293e-01
0.11804 3.89471590e-01
0.11845 3.87167748e-01
0.11886 3.84636460e-01
0.11927 3.85705390e-01
0.11968 3.84833359e-01
0.12010 3.83718312e-01
0.12051 3.81674936e-01
0.12093 3.81643130e-01
0.12135 3.81641473e-01
0.12177 3.79949492e-01
0.12219 3.78524386e-01
0.12262 3.77866378e-01
0.12304 3.78127464e-01
0.12347 3.77367470e-01
0.12389 3.74507370e-01
0.12432 3.74759044e-01
0.12475 3.74426206e-01
0.12518 3.73875572e-01
0.12562 3.70912686e-01
0.12605 3.71773854e-01
0.12649 3.71766410e-01
0.12693 3.69056352e-01
0.12737 3.68751028e-01
0.12781 3.68480277e-01
0.12825 3.66605146e-01
0.12869 3.67380193e-01
0.12914 3.65380787e-01
0.12959 3.64461618e-01
0.13003 3.63942656e-01
0.13048 3.63557516e-01
0.13094 3.62563326e-01
0.13139 3.61516270e-01
0.13184 3.60179667e-01
0.13230 3.60462821e-01
0.13276 3.58982318e-01
0.13322 3.57723874e-01
0.13368 3.57360800e-01
0.13414 3.58087510e-01
0.13461 3.54912569e-01
0.13507 3.54950487e-01
0.13554 3.54421920e-01
0.13601 3.54517232e-01
0.13648 3.52405079e-01
0.13695 3.51102709e-01
0.13743 3.51572905e-01
0.13790 3.50848104e-01
0.13838 3.49152972e-01
0.13886 3.49052361e-01
0.13934 3.47677234e-01
0.13982 3.47153003e-01
0.14031 3.46538004e-01
0.14079 3.46614076e-01
0.14128 3.44331738e-01
0.14177 3.42988964e-01
0.14226 3.43278348e-01
0.14275 3.43395816e-01
0.14324 3.41999895e-01
0.14374 3.38851920e-01
0.14424 3.40078322e-01
0.14474 3.39846894e-01
0.14524 3.38549452e-01
0.14574 3.37842752e-01
0.14625 3.36032860e-01
0.14675 3.35194381e-01
0.14726 3.35985352e-01
0.14777 3.34412971e-01
0.14828 3.34144676e-01
0.14879 3.32473016e-01
0.14931 3.31646392e-01
0.14983 3.31064086e-01
0.15034 3.31699524e-01
0.15087 3.30195992e-01
0.15139 3.27771249e-01
0.15191 3.27570280e-01
0.15244 3.28742158e-01
0.15297 3.26660213e-01
0.15349 3.26526806e-01
0.15403 3.24066084e-01
0.15456 3.24542836e-01
0.15509 3.24493848e-01
0.15563 3.22020857e-01
0.15617 3.23258936e-01
0.15671 3.20615834e-01
0.15725 3.20555287e-01
0.15780 3.20202736e-01
0.15834 3.19111488e-01
0.15889 3.19068878e-01
0.15944 3.17343938e-01
0.15999 3.16918068e-01
0.16055 3.16930752e-01
0.16110 3.14670792e-01
0.16166 3.14311300e-01
0.16222 3.14922555e-01
0.16278 3.13221295e-01
0.16335 3.12475449e-01
0.16391 3.11659865e-01
0.16448 3.11537395e-01
0.16505 3.10192445e-01
0.16562 3.10388368e-01
0.16619 3.08874313e-01
0.16677 3.08610695e-01
0.16734 3.07673470e-01
0.16792 3.06464074e-01
0.16851 3.06818489e-01
0.16909 3.06823625e-01
0.16967 3.04590778e-01
0.17026 3.03366670e-01
0.17085 3.03448648e-01
0.17144 3.03816058e-01
0.17204 3.02404152e-01
0.17263 3.00924034e-01
0.17323 3.01025962e-01
0.17383 3.00628537e-01
0.17443 2.97847588e-01
0.17503 2.98498477e-01
0.17564 2.99779476e-01
0.17625 2.97664171e-01
0.17686 2.95829267e-01
0.17747 2.94596531e-01
0.17808 2.95254184e-01
0.17870 2.96955503e-01
0.17932 2.93029226e-01
0.17994 2.92836633e-01
0.18056 2.92353916e-01
0.18119 2.91586181e-01
0.18182 2.91683580e-01
0.18244 2.90580699e-01
0.18308 2.88574278e-01
0.18371 2.91070135e-01
0.18435 2.87904119e-01
0.18498 2.87641552e-01
0.18562 2.87519334e-01
0.18627 2.85677622e-01
0.18691 2.84625134e-01
0.18756 2.87027352e-01
0.18821 2.85715643e-01
0.18886 2.82761237e-01
0.18951 2.81917608e-01
0.19017 2.81675864e-01
0.19083 2.82381765e-01
0.19149 2.83447617e-01
0.19215 2.79677050e-01
0.19282 2.78275594e-01
0.19348 2.77949195e-01
0.19415 2.80079137e-01
0.19483 2.77782754e-01
0.19550 2.76994254e-01
0.19618 2.75872784e-01
0.19686 2.74953379e-01
0.19754 2.75521388e-01
0.19822 2.74986531e-01
0.19891 2.72203302e-01
0.19960 2.72959271e-01
0.20029 2.72885049e-01
0.20098 2.72204723e-01
0.20168 2.71463213e-01
0.20237 2.70524553e-01
0.20307 2.67962214e-01
0.20378 2.68815538e-01
0.20448 2.68364759e-01
0.20519 2.69013458e-01
0.20590 2.66867058e-01
0.20661 2.66162786e-01
0.20733 2.66132372e-01
0.20805 2.63681314e-01
0.20877 2.63897394e-01
0.20949 2.64589309e-01
0.21021 2.64234390e-01
0.21094 2.62794764e-01
0.21167 2.61516562e-01
0.21240 2.60957196e-01
0.21314 2.60359365e-01
0.21388 2.59473422e-01
0.21462 2.59442638e-01
0.21536 2.60030198e-01
0.21611 2.58434033e-01
0.21685 2.57481609e-01
0.21760 2.57006514e-01
0.21836 2.55117960e-01
0.21911 2.55240415e-01
0.21987 2.55547027e-01
0.22063 2.55675002e-01
0.22140 2.54211430e-01
0.22216 2.53792294e-01
0.22293 2.52007918e-01
0.22370 2.51675199e-01
0.22448 2.51775839e-01
0.22526 2.50328547e-01
0.22604 2.50736183e-01
0.22682 2.49084592e-01
0.22760 2.49726364e-01
0.22839 2.49435234e-01
0.22918 2.48559932e-01
0.22998 2.46773972e-01
0.23077 2.45026891e-01
0.23157 2.46065836e-01
0.23237 2.45148739e-01
0.23318 2.46932894e-01
0.23398 2.45663676e-01
0.23479 2.42752856e-01
0.23561 2.42729768e-01
0.23642 2.43146832e-01
0.23724 2.41623868e-01
0.23806 2.41724419e-01
0.23889 2.40100681e-01
0.23971 2.40402202e-01
0.24054 2.41576715e-01
0.24137 2.39620865e-01
0.24221 2.39478119e-01
0.24305 2.38196484e-01
0.24389 2.36421105e-01
0.24473 2.34719416e-01
0.24558 2.36115337e-01
0.24643 2.39631521e-01
0.24728 2.37240951e-01
0.24814 2.35091266e-01
0.24900 2.32725338e-01
0.24986 2.33428516e-01
0.25073 2.31452420e-01
0.25159 2.32030922e-01
0.25246 2.33154050e-01
0.25334 2.33636826e-01
0.25422 2.34066766e-01
0.25510 2.29071425e-01
0.25598 2.28300952e-01
0.25687 2.27380940e-01
0.25775 2.28152626e-01
0.25865 2.28606217e-01
0.25954 2.29745610e-01
0.26044 2.30061974e-01
0.26134 2.26348669e-01
0.26225 2.25021790e-01
0.26315 2.24070668e-01
0.26406 2.23679386e-01
0.26498 2.26382591e-01
0.26590 2.24586729e-01
0.26682 2.24698898e-01
0.26774 2.23463838e-01
0.26867 2.19735689e-01
0.26960 2.20134268e-01
0.27053 2.22760217e-01
0.27147 2.23380707e-01
0.27241 2.21614549e-01
0.27335 2.19333617e-01
0.27430 2.17490544e-01
0.27525 2.16268685e-01
0.27620 2.17334078e-01
0.27715 2.17588372e-01
0.27811 2.20122176e-01
0.27908 2.20265248e-01
0.28004 2.16987255e-01
0.28101 2.13886892e-01
0.28198 2.10241267e-01
0.28296 2.10433090e-01
0.28394 2.15555281e-01
0.28492 2.17489582e-01
0.28591 2.15408879e-01
0.28690 2.14013461e-01
0.28789 2.11491393e-01
0.28889 2.08565285e-01
0.28989 2.10732760e-01
0.29089 2.09305285e-01
0.29190 2.07948806e-01
0.29291 2.10108836e-01
0.29392 2.11139494e-01
0.29494 2.11918506e-01
0.29596 2.10147894e-01
0.29699 2.06574093e-01
0.29801 2.04974139e-01
0.29905 2.04155122e-01
0.30008 2.04573740e-01
0.30112 2.04279723e-01
0.30216 2.06833700e-01
0.30321 2.10002691e-01
0.30426 2.06201340e-01
0.30531 2.02980313e-01
0.30637 2.01731430e-01
0.30743 2.01136292e-01
0.30849 2.01726427e-01
0.30956 2.03830454e-01
0.31063 2.02129446e-01
0.31171 2.00857771e-01
0.31279 2.01136292e-01
0.31387 2.03290151e-01
0.31496 2.00656372e-01
0.31605 1.99811085e-01
0.31714 1.97595303e-01
0.31824 1.97144110e-01
0.31934 1.98073950e-01
0.32044 2.00266807e-01
0.32155 1.96751822e-01
0.32267 1.97095951e-01
0.32378 1.97932802e-01
0.32490 1.97994652e-01
0.32603 1.96684408e-01
0.32716 1.95892578e-01
0.32829 1.93588751e-01
0.32943 1.93904805e-01
0.33057 1.95651530e-01
0.33171 1.93469344e-01
0.33286 1.96893398e-01
0.33401 1.95858183e-01
0.33517 1.93981794e-01
0.33633 1.90752375e-01
0.33749 1.91977445e-01
0.33866 1.90842034e-01
0.33983 1.94239581e-01
0.34101 1.94840698e-01
0.34219 1.92444030e-01
0.34337 1.92126777e-01
0.34456 1.88214545e-01
0.34576 1.85838553e-01
0.34695 1.90576522e-01
0.34815 1.97564149e-01
0.34936 1.93418062e-01
0.35057 1.87142389e-01
0.35178 1.85843644e-01
0.35300 1.87780180e-01
0.35422 1.88744459e-01
0.35545 1.89322384e-01
0.35668 1.92087350e-01
0.35791 1.89474972e-01
0.35915 1.85146357e-01
0.36039 1.87191836e-01
0.36164 1.88026038e-01
0.36289 1.85912094e-01
0.36415 1.85473422e-01
0.36541 1.90624163e-01
0.36668 1.87218994e-01
0.36795 1.88226119e-01
0.36922 1.85707544e-01
0.37050 1.83285316e-01
0.37178 1.83975559e-01
0.37307 1.85332023e-01
0.37436 1.85406512e-01
0.37565 1.89627753e-01
0.37695 1.85596455e-01
0.37826 1.85053709e-01
0.37957 1.83179659e-01
0.38088 1.82384381e-01
0.38220 1.85552602e-01
0.38352 1.85448248e-01
0.38485 1.82312498e-01
0.38618 1.83542762e-01
0.38752 1.82810680e-01
0.38886 1.85885218e-01
0.39021 1.83283437e-01
0.39156 1.82843655e-01
0.39291 1.82145376e-01
0.39427 1.81742579e-01
0.39564 1.87133672e-01
0.39701 1.85202198e-01
0.39838 1.83825842e-01
0.39976 1.78794952e-01
0.40115 1.76398832e-01
0.40253 1.79637264e-01
0.40393 1.80958372e-01
0.40533 1.84089371e-01
0.40673 1.85405994e-01
0.40814 1.84719466e-01
0.40955 1.86116971e-01
0.41097 1.79268478e-01
0.41239 1.75706207e-01
0.41382 1.75902662e-01
0.41525 1.81866514e-01
0.41669 1.78306374e-01
0.41813 1.76563452e-01
0.41958 1.81190332e-01
0.42103 1.82685250e-01
0.42249 1.85749857e-01
0.42395 1.88189518e-01
0.42542 1.83114140e-01
0.42689 1.75482771e-01
0.42837 1.73552407e-01
0.42985 1.71818454e-01
0.43134 1.71175039e-01
0.43283 1.73999693e-01
0.43433 1.79138149e-01
0.43583 1.86224241e-01
0.43734 1.89217748e-01
0.43886 1.87105611e-01
0.44037 1.81916065e-01
0.44190 1.71769673e-01
0.44343 1.72665739e-01
0.44496 1.72696864e-01
0.44650 1.71211447e-01
0.44805 1.72631610e-01
0.44960 1.75857566e-01
0.45116 1.77419203e-01
0.45272 1.78976000e-01
0.45429 1.80309214e-01
0.45586 1.82665167e-01
0.45744 1.80497455e-01
0.45902 1.80454328e-01
0.46061 1.78412801e-01
0.46220 1.69267334e-01
0.46380 1.66914341e-01
0.46541 1.65771174e-01
0.46702 1.66534721e-01
0.46864 1.73371744e-01
0.47026 1.78471542e-01
0.47189 1.80482552e-01
0.47352 1.83267172e-01
0.47516 1.76745892e-01
0.47680 1.74452454e-01
0.47845 1.74143282e-01
0.48011 1.70625707e-01
0.48177 1.71169829e-01
0.48344 1.70290887e-01
0.48511 1.69930862e-01
0.48679 1.67065745e-01
0.48848 1.66008063e-01
0.49017 1.67043412e-01
0.49186 1.68743192e-01
0.49357 1.75736502e-01
0.49528 1.78677307e-01
0.49699 1.78602892e-01
0.49871 1.76928213e-01
0.50044 1.71837398e-01
0.50217 1.66278355e-01
0.50391 1.63196359e-01
0.50565 1.62778303e-01
0.50740 1.62421268e-01
0.50916 1.64270676e-01
0.51092 1.65872510e-01
0.51269 1.67311824e-01
0.51446 1.69192312e-01
0.51625 1.71066362e-01
0.51803 1.70334665e-01
0.51983 1.73792389e-01
0.52163 1.72059383e-01
0.52343 1.67209882e-01
0.52524 1.65933175e-01
0.52706 1.62465194e-01
0.52889 1.58470008e-01
0.53072 1.56761260e-01
0.53255 1.55456817e-01
0.53440 1.56309312e-01
0.53625 1.62281038e-01
0.53810 1.69556999e-01
0.53997 1.72603712e-01
0.54183 1.74570484e-01
0.54371 1.68785416e-01
0.54559 1.62723366e-01
0.54748 1.58919736e-01
0.54938 1.55606845e-01
0.55128 1.56196003e-01
0.55319 1.55176698e-01
0.55510 1.55616657e-01
0.55702 1.55697524e-01
0.55895 1.55162238e-01
0.56089 1.57551476e-01
0.56283 1.59805486e-01
0.56478 1.62083843e-01
0.56673 1.64410625e-01
0.56869 1.65553022e-01
0.57066 1.62207378e-01
0.57264 1.59098698e-01
0.57462 1.55483605e-01
0.57661 1.50861846e-01
0.57860 1.47675466e-01
0.58061 1.47122375e-01
0.58262 1.47977978e-01
0.58463 1.49824929e-01
0.58666 1.53985061e-01
0.58869 1.58292098e-01
0.59073 1.60354922e-01
0.59277 1.60425000e-01
0.59482 1.56451126e-01
0.59688 1.52368812e-01
0.59895 1.49500424e-01
0.60102 1.47238185e-01
0.60310 1.46636565e-01
0.60519 1.46745774e-01
0.60728 1.46575219e-01
0.60939 1.47271352e-01
0.61150 1.47548274e-01
0.61361 1.48431287e-01
0.61574 1.49414791e-01
0.61787 1.49458333e-01
0.62001 1.49320249e-01
0.62215 1.49321832e-01
0.62431 1.49038442e-01
0.62647 1.47610775e-01
0.62864 1.46175086e-01
0.63081 1.43987794e-01
0.63300 1.41356191e-01
0.63519 1.39939550e-01
0.63739 1.39811219e-01
0.63959 1.40286492e-01
0.64181 1.40889976e-01
0.64403 1.42103858e-01
0.64626 1.43575407e-01
0.64849 1.44709782e-01
0.65074 1.44730132e-01
0.65299 1.43490218e-01
0.65525 1.41379427e-01
0.65752 1.39293944e-01
0.65980 1.37669378e-01
0.66208 1.36730436e-01
0.66437 1.36545407e-01
0.66667 1.36674611e-01
0.66898 1.37097225e-01
0.67130 1.37689550e-01
0.67362 1.37712313e-01
0.67595 1.37150845e-01
0.67829 1.36117110e-01
0.68064 1.34805563e-01
0.68299 1.33864875e-01
0.68536 1.33622866e-01
0.68773 1.33945728e-01
0.69011 1.34336063e-01
0.69250 1.34232211e-01
0.69490 1.33503252e-01
0.69730 1.32201710e-01
0.69972 1.30820530e-01
0.70214 1.29933181e-01
0.70457 1.29500148e-01
0.70701 1.29297255e-01
0.70946 1.29340900e-01
0.71191 1.29662016e-01
0.71438 1.30111906e-01
0.71685 1.30408986e-01
0.71933 1.30240799e-01
0.72182 1.29395867e-01
0.72432 1.28076077e-01
0.72683 1.26738202e-01
0.72934 1.25619914e-01
0.73187 1.24792520e-01
0.73440 1.24341860e-01
0.73694 1.24295965e-01
0.73949 1.24554536e-01
0.74205 1.24895232e-01
0.74462 1.24990410e-01
0.74720 1.24570105e-01
0.74979 1.23627848e-01
0.75238 1.22371462e-01
0.75499 1.21173505e-01
0.75760 1.20391014e-01
0.76022 1.20155250e-01
0.76285 1.20360201e-01
0.76549 1.20747916e-01
0.76814 1.21008396e-01
0.77080 1.20896035e-01
0.77347 1.20331459e-01
0.77615 1.19437983e-01
0.77884 1.18478351e-01
0.78153 1.17687128e-01
0.78424 1.17156711e-01
0.78695 1.16863198e-01
0.78968 1.16724921e-01
0.79241 1.16640916e-01
0.79515 1.16516004e-01
0.79790 1.16264952e-01
0.80067 1.15822891e-01
0.80344 1.15185233e-01
0.80622 1.14431099e-01
0.80901 1.13669639e-01
0.81181 1.12971493e-01
0.81462 1.12366218e-01
0.81744 1.11878765e-01
0.82027 1.11531631e-01
0.82311 1.11311718e-01
0.82596 1.11160906e-01
0.82882 1.10997188e-01
0.83169 1.10742865e-01
0.83457 1.10351449e-01
0.83745 1.09822453e-01
0.84035 1.09202895e-01
0.84326 1.08583648e-01
0.84618 1.08074099e-01
0.84911 1.07749654e-01
0.85205 1.07611525e-01
0.85500 1.07585921e-01
0.85796 1.07555389e-01
0.86093 1.07404636e-01
0.86391 1.07064739e-01
0.86690 1.06539532e-01
0.86990 1.05900808e-01
0.87291 1.05251591e-01
0.87593 1.04678076e-01
0.87897 1.04217545e-01
0.88201 1.03855211e-01
0.88506 1.03542650e-01
0.88813 1.03224258e-01
0.89120 1.02860518e-01
0.89428 1.02439843e-01
0.89738 1.01975256e-01
0.90049 1.01492036e-01
0.90360 1.01015358e-01
0.90673 1.00561871e-01
0.90987 1.00136830e-01
0.91302 9.97368448e-02
0.91618 9.93559668e-02
0.91935 9.89904068e-02
0.92253 9.86395728e-02
0.92573 9.83037016e-02
0.92893 9.79819052e-02
0.93215 9.76723484e-02
0.93537 9.73721008e-02
0.93861 9.70758492e-02
0.94186 9.67753944e-02
0.94512 9.64621524e-02
0.94839 9.61321124e-02
0.95168 9.57892852e-02
0.95497 9.54446820e-02
0.95828 9.51105276e-02
0.96159 9.47933044e-02
0.96492 9.44890904e-02
0.96826 9.41840920e-02
0.97161 9.38596020e-02
0.97498 9.34999028e-02
0.97835 9.30988228e-02
0.98174 9.26628296e-02
0.98514 9.22085732e-02
0.98855 9.17563444e-02
0.99197 9.13223196e-02
0.99540 9.09136768e-02
0.99885 9.05277668e-02
1.00231 9.01553248e-02
1.00578 8.97854432e-02
1.00926 8.94104260e-02
1.01275 8.90286452e-02
1.01626 8.86444076e-02
1.01978 8.82652612e-02
1.02330 8.78981472e-02
1.02685 8.75468692e-02
1.03040 8.72111608e-02
1.03397 8.68880916e-02
1.03755 8.65741540e-02
1.04114 8.62669652e-02
1.04474 8.59659480e-02
1.04836 8.56717388e-02
1.05199 8.53850332e-02
1.05563 8.51058756e-02
1.05928 8.48333188e-02
1.06295 8.45658532e-02
1.06663 8.43017324e-02
1.07032 8.40390768e-02
1.07403 8.37759476e-02
1.07775 8.35100656e-02
1.08148 8.32390332e-02
1.08522 8.29606748e-02
1.08898 8.26734808e-02
1.09275 8.23767704e-02
1.09653 8.20708100e-02
1.10032 8.17562064e-02
1.10413 8.14335368e-02
1.10796 8.11030824e-02
1.11179 8.07646804e-02
1.11564 8.04182124e-02
1.11950 8.00639892e-02
1.12338 7.97030468e-02
1.12726 7.93373092e-02
1.13117 7.89692184e-02
1.13508 7.86012756e-02
1.13901 7.82356120e-02
1.14295 7.78736632e-02
1.14691 7.75161544e-02
1.15088 7.71633668e-02
1.15487 7.68154040e-02
1.15886 7.64723844e-02
1.16287 7.61347224e-02
1.16690 7.58030544e-02
1.17094 7.54781500e-02
1.17499 7.51608084e-02
1.17906 7.48515328e-02
1.18314 7.45506044e-02
1.18724 7.42579196e-02
1.19135 7.39730936e-02
1.19547 7.36956528e-02
1.19961 7.34250792e-02
1.20376 7.31609436e-02
1.20793 7.29029056e-02
1.21211 7.26505508e-02
1.21630 7.24034204e-02
1.22052 7.21608928e-02
1.22474 7.19220948e-02
1.22898 7.16860052e-02
1.23323 7.14515436e-02
1.23750 7.12175852e-02
1.24179 7.09830348e-02
1.24609 7.07468416e-02
1.25040 7.05080288e-02
1.25473 7.02656788e-02
1.25907 7.00190220e-02
1.26343 6.97674368e-02
1.26780 6.95104644e-02
1.27219 6.92479124e-02
1.27659 6.89797068e-02
1.28101 6.87060548e-02
1.28545 6.84272376e-02
1.28990 6.81437140e-02
1.29436 6.78559872e-02
1.29884 6.75646196e-02
1.30334 6.72702624e-02
1.30785 6.69735668e-02
1.31238 6.66752432e-02
1.31692 6.63759724e-02
1.32148 6.60764500e-02
1.32605 6.57773716e-02
1.33064 6.54793588e-02
1.33525 6.51829592e-02
1.33987 6.48887204e-02
1.34451 6.45970864e-02
1.34916 6.43085160e-02
1.35383 6.40233496e-02
1.35852 6.37419572e-02
1.36322 6.34646052e-02
1.36794 6.31915896e-02
1.37268 6.29230732e-02
1.37743 6.26592780e-02
1.38220 6.24003076e-02
1.38698 6.21462360e-02
1.39178 6.18971224e-02
1.39660 6.16529372e-02
1.40144 6.14136656e-02
1.40629 6.11792040e-02
1.41115 6.09494044e-02
1.41604 6.07241114e-02
1.42094 6.05030882e-02
1.42586 6.02860492e-02
1.43080 6.00726850e-02
1.43575 5.98625975e-02
1.44072 5.96553842e-02
1.44571 5.94505388e-02
1.45071 5.92475835e-02
1.45573 5.90459424e-02
1.46077 5.88450812e-02
1.46583 5.86444243e-02
1.47090 5.84434151e-02
1.47599 5.82415150e-02
1.48110 5.80382089e-02
1.48623 5.78330380e-02
1.49137 5.76256056e-02
1.49654 5.74155566e-02
1.50172 5.72026231e-02
1.50692 5.69866156e-02
1.51213 5.67674187e-02
1.51737 5.65449259e-02
1.52262 5.63191844e-02
1.52789 5.60902743e-02
1.53318 5.58583124e-02
1.53849 5.56234749e-02
1.54381 5.53860074e-02
1.54916 5.51461586e-02
1.55452 5.49042438e-02
1.55990 5.46605544e-02
1.56530 5.44154516e-02
1.57072 5.41693157e-02
1.57615 5.39224739e-02
1.58161 5.36753095e-02
1.58709 5.34281983e-02
1.59258 5.31815001e-02
1.59809 5.29355744e-02
1.60362 5.26907765e-02
1.60918 5.24474512e-02
1.61475 5.22059033e-02
1.62034 5.19664704e-02
1.62594 5.17294070e-02
1.63157 5.14950090e-02
1.63722 5.12634956e-02
1.64289 5.10351478e-02
1.64857 5.08101286e-02
1.65428 5.05886348e-02
1.66001 5.03708247e-02
1.66575 5.01568359e-02
1.67152 4.99467677e-02
1.67731 4.97407236e-02
1.68311 4.95387524e-02
1.68894 4.93408483e-02
1.69478 4.91470408e-02
1.70065 4.89572989e-02
1.70654 4.87715396e-02
1.71245 4.85896787e-02
1.71837 4.84115933e-02
1.72432 4.82371309e-02
1.73029 4.80661124e-02
1.73628 4.78983026e-02
1.74229 4.77334736e-02
1.74832 4.75713366e-02
1.75437 4.74116283e-02
1.76045 4.72540335e-02
1.76654 4.70982250e-02
1.77266 4.69438477e-02
1.77879 4.67905700e-02
1.78495 4.66380442e-02
1.79113 4.64858780e-02
1.79733 4.63337710e-02
1.80355 4.61813650e-02
1.80979 4.60283241e-02
1.81606 4.58743494e-02
1.82234 4.57191595e-02
1.82865 4.55624867e-02
1.83498 4.54040868e-02
1.84133 4.52437820e-02
1.84771 4.50813654e-02
1.85410 4.49167124e-02
1.86052 4.47496944e-02
1.86696 4.45802684e-02
1.87342 4.44083442e-02
1.87991 4.42339603e-02
1.88642 4.40571047e-02
1.89295 4.38778338e-02
1.89950 4.36962245e-02
1.90607 4.35123700e-02
1.91267 4.33263917e-02
1.91929 4.31384510e-02
1.92594 4.29487164e-02
1.93260 4.27573376e-02
1.93929 4.25645262e-02
1.94601 4.23704938e-02
1.95274 4.21754638e-02
1.95950 4.19796213e-02
1.96629 4.17832372e-02
1.97309 4.15865156e-02
1.97992 4.13896948e-02
1.98678 4.11929910e-02
1.99365 4.09966616e-02
2.00055 4.08009005e-02
2.00748 4.06059401e-02
2.01443 4.04119950e-02
2.02140 4.02192560e-02
2.02840 4.00279261e-02
2.03542 3.98381975e-02
2.04247 3.96502153e-02
2.04954 3.94641748e-02
2.05663 3.92802034e-02
2.06375 3.90984432e-02
2.07090 3.89190228e-02
2.07806 3.87420355e-02
2.08526 3.85675864e-02
2.09247 3.83957658e-02
2.09972 3.82266358e-02
2.10699 3.80602454e-02
2.11428 3.78966447e-02
2.12160 3.77358397e-02
2.12894 3.75778349e-02
2.13631 3.74226599e-02
2.14371 3.72702598e-02
2.15113 3.71206259e-02
2.15857 3.69737108e-02
2.16605 3.68294463e-02
2.17354 3.66877777e-02
2.18107 3.65486044e-02
2.18862 3.64118480e-02
2.19619 3.62774137e-02
2.20380 3.61451653e-02
2.21143 3.60149978e-02
2.21908 3.58867884e-02
2.22676 3.57603890e-02
2.23447 3.56356546e-02
2.24220 3.55124461e-02
2.24997 3.53906095e-02
2.25775 3.52699954e-02
2.26557 3.51504410e-02
2.27341 3.50317909e-02
2.28128 3.49138897e-02
2.28918 3.47965834e-02
2.29710 3.46797211e-02
2.30505 3.45631445e-02
2.31303 3.44467203e-02
2.32104 3.43303050e-02
2.32908 3.42137653e-02
2.33714 3.40969800e-02
2.34523 3.39798306e-02
2.35335 3.38622120e-02
2.36149 3.37440252e-02
2.36967 3.36251826e-02
2.37787 3.35056060e-02
2.38610 3.33852332e-02
2.39436 3.32640020e-02
2.40265 3.31418738e-02
2.41097 3.30188118e-02
2.41931 3.28947952e-02
2.42769 3.27698107e-02
2.43609 3.26438583e-02
2.44452 3.25169468e-02
2.45298 3.23890926e-02
2.46148 3.22603237e-02
2.47000 3.21306772e-02
2.47855 3.20001944e-02
2.48713 3.18689303e-02
2.49574 3.17369380e-02
2.50438 3.16042841e-02
2.51304 3.14710397e-02
2.52174 3.13372728e-02
2.53047 3.12030650e-02
2.53923 3.10684945e-02
2.54802 3.09336502e-02
2.55684 3.07986106e-02
2.56569 3.06634644e-02
2.57457 3.05283019e-02
2.58349 3.03932090e-02
2.59243 3.02582729e-02
2.60140 3.01235796e-02
2.61041 2.99892163e-02
2.61944 2.98552660e-02
2.62851 2.97218084e-02
2.63761 2.95889266e-02
2.64674 2.94566946e-02
2.65590 2.93251862e-02
2.66510 2.91944741e-02
2.67432 2.90646218e-02
2.68358 2.89356976e-02
2.69287 2.88077545e-02
2.70219 2.86808549e-02
2.71154 2.85550490e-02
2.72093 2.84303812e-02
2.73035 2.83068988e-02
2.73980 2.81846420e-02
2.74928 2.80636416e-02
2.75880 2.79439333e-02
2.76835 2.78255422e-02
2.77793 2.77084904e-02
2.78755 2.75927974e-02
2.79720 2.74784792e-02
2.80688 2.73655463e-02
2.81660 2.72540032e-02
2.82635 2.71438542e-02
2.83613 2.70351008e-02
2.84595 2.69277342e-02
2.85580 2.68217499e-02
2.86569 2.67171361e-02
2.87561 2.66138765e-02
2.88556 2.65119534e-02
2.89555 2.64113474e-02
2.90557 2.63120350e-02
2.91563 2.62139879e-02
2.92572 2.61171782e-02
2.93585 2.60215731e-02
2.94601 2.59271373e-02
2.95621 2.58338381e-02
2.96644 2.57416326e-02
2.97671 2.56504853e-02
2.98702 2.55603489e-02
2.99736 2.54711833e-02
3.00773 2.53829413e-02
3.01814 2.52955784e-02
3.02859 2.52090457e-02
3.03907 2.51232960e-02
3.04960 2.50382789e-02
3.06015 2.49539426e-02
3.07074 2.48702412e-02
3.08137 2.47871184e-02
3.09204 2.47045285e-02
3.10274 2.46224166e-02
3.11348 2.45407340e-02
3.12426 2.44594302e-02
3.13508 2.43784564e-02
3.14593 2.42977609e-02
3.15682 2.42172962e-02
3.16775 2.41370136e-02
3.17871 2.40568702e-02
3.18972 2.39768140e-02
3.20076 2.38968052e-02
3.21184 2.38168008e-02
3.22295 2.37367595e-02
3.23411 2.36566382e-02
3.24531 2.35764015e-02
3.25654 2.34960138e-02
3.26781 2.34154411e-02
3.27912 2.33346479e-02
3.29047 2.32536061e-02
3.30187 2.31722860e-02
3.31330 2.30906625e-02
3.32476 2.30087105e-02
3.33627 2.29264062e-02
3.34782 2.28437334e-02
3.35941 2.27606714e-02
3.37104 2.26772053e-02
3.38271 2.25933204e-02
3.39442 2.25090077e-02
3.40617 2.24242540e-02
3.41796 2.23390549e-02
3.42979 2.22534073e-02
3.44166 2.21673038e-02
3.45358 2.20807446e-02
3.46553 2.19937294e-02
3.47753 2.19062614e-02
3.48957 2.18183450e-02
3.50164 2.17299846e-02
3.51377 2.16411890e-02
3.52593 2.15519672e-02
3.53814 2.14623295e-02
3.55038 2.13722834e-02
3.56267 2.12818480e-02
3.57500 2.11910322e-02
3.58738 2.10998538e-02
3.59980 2.10083277e-02
3.61226 2.09164685e-02
3.62476 2.08243000e-02
3.63731 2.07318385e-02
3.64990 2.06390988e-02
3.66254 2.05461059e-02
3.67521 2.04528778e-02
3.68794 2.03594335e-02
3.70070 2.02657998e-02
3.71351 2.01719930e-02
3.72637 2.00780352e-02
3.73927 1.99839501e-02
3.75221 1.98897585e-02
3.76520 1.97954810e-02
3.77823 1.97011399e-02
3.79131 1.96067573e-02
3.80443 1.95123570e-02
3.81760 1.94179582e-02
3.83082 1.93235786e-02
3.84408 1.92292448e-02
3.85739 1.91349762e-02
3.87074 1.90407905e-02
3.88414 1.89467084e-02
3.89758 1.88527506e-02
3.91107 1.87589349e-02
3.92461 1.86652805e-02
3.93820 1.85718066e-02
3.95183 1.84785282e-02
3.96551 1.83854643e-02
3.97924 1.82926313e-02
3.99301 1.82000469e-02
4.00683 1.81077230e-02
4.02070 1.80156774e-02
4.03462 1.79239248e-02
4.04859 1.78324756e-02
4.06260 1.77413490e-02
4.07667 1.76505525e-02
4.09078 1.75601023e-02
4.10494 1.74700073e-02
4.11915 1.73802808e-02
4.13341 1.72909332e-02
4.14771 1.72019734e-02
4.16207 1.71134117e-02
4.17648 1.70252584e-02
4.19094 1.69375211e-02
4.20545 1.68502070e-02
4.22000 1.67633266e-02
4.23461 1.66768827e-02
4.24927 1.65908873e-02
4.26398 1.65053418e-02
4.27874 1.64202566e-02
4.29355 1.63356317e-02
4.30841 1.62514774e-02
4.32332 1.61677953e-02
4.33829 1.60845882e-02
4.35331 1.60018621e-02
4.36838 1.59196200e-02
4.38350 1.58378648e-02
4.39867 1.57566010e-02
4.41390 1.56758255e-02
4.42918 1.55955444e-02
4.44451 1.55157606e-02
4.45990 1.54364740e-02
4.47533 1.53576832e-02
4.49083 1.52793912e-02
4.50637 1.52015995e-02
4.52197 1.51243065e-02
4.53762 1.50475122e-02
4.55333 1.49712138e-02
4.56909 1.48954186e-02
4.58491 1.48201206e-02
4.60078 1.47453170e-02
4.61670 1.46710106e-02
4.63269 1.45971986e-02
4.64872 1.45238808e-02
4.66481 1.44510530e-02
4.68096 1.43787150e-02
4.69717 1.43068655e-02
4.71343 1.42354999e-02
4.72974 1.41646197e-02
4.74611 1.40942206e-02
4.76254 1.40242980e-02
4.77903 1.39548519e-02
4.79557 1.38858795e-02
4.81217 1.38173777e-02
4.82883 1.37493436e-02
4.84555 1.36817727e-02
4.86232 1.36146650e-02
4.87915 1.35480162e-02
4.89604 1.34818217e-02
4.91299 1.34160786e-02
4.92999 1.33507855e-02
4.94706 1.32859378e-02
4.96418 1.32215312e-02
4.98137 1.31575626e-02
4.99861 1.30940306e-02
5.01591 1.30309294e-02
5.03328 1.29682573e-02
5.05070 1.29060085e-02
5.06818 1.28441815e-02
5.08573 1.27827718e-02
5.10333 1.27217751e-02
5.12100 1.26611898e-02
5.13873 1.26010101e-02
5.15651 1.25412358e-02
5.17436 1.24818568e-02
5.19228 1.24228743e-02
5.21025 1.23642856e-02
5.22828 1.23060846e-02
5.24638 1.22482684e-02
5.26454 1.21908325e-02
5.28277 1.21337756e-02
5.30105 1.20770901e-02
5.31940 1.20207790e-02
5.33782 1.19648321e-02
5.35629 1.19092492e-02
5.37484 1.18540260e-02
5.39344 1.17991594e-02
5.41211 1.17446466e-02
5.43084 1.16904815e-02
5.44965 1.16366643e-02
5.46851 1.15831889e-02
5.48744 1.15300525e-02
5.50643 1.14772535e-02
5.52550 1.14247875e-02
5.54462 1.13726500e-02
5.56381 1.13208367e-02
5.58308 1.12693490e-02
5.60240 1.12181824e-02
5.62179 1.11673311e-02
5.64125 1.11167936e-02
5.66078 1.10665668e-02
5.68038 1.10166449e-02
5.70004 1.09670309e-02
5.71977 1.09177188e-02
5.73957 1.08687026e-02
5.75944 1.08199825e-02
5.77938 1.07715569e-02
5.79938 1.07234214e-02
5.81946 1.06755700e-02
5.83960 1.06280058e-02
5.85982 1.05807228e-02
5.88010 1.05337180e-02
5.90045 1.04869914e-02
5.92088 1.04405372e-02
5.94137 1.03943523e-02
5.96194 1.03484382e-02
5.98258 1.03027876e-02
6.00329 1.02574034e-02
6.02407 1.02122782e-02
6.04492 1.01674120e-02
6.06585 1.01228019e-02
6.08684 1.00784448e-02
6.10791 1.00343408e-02
6.12906 9.99048396e-03
6.15027 9.94687428e-03
6.17156 9.90350880e-03
6.19293 9.86038752e-03
6.21436 9.81750600e-03
6.23588 9.77485980e-03
6.25746 9.73245040e-03
6.27912 9.69027632e-03
6.30086 9.64833164e-03
6.32267 9.60661932e-03
6.34455 9.56513196e-03
6.36652 9.52387104e-03
6.38856 9.48283360e-03
6.41067 9.44201816e-03
6.43286 9.40142324e-03
6.45513 9.36104440e-03
6.47747 9.32088312e-03
6.49990 9.28093496e-03
6.52240 9.24119992e-03
6.54497 9.20167356e-03
6.56763 9.16235736e-03
6.59037 9.12324984e-03
6.61318 9.08434508e-03
6.63607 9.04564604e-03
6.65904 9.00714828e-03
6.68209 8.96885032e-03
6.70522 8.96696480e-03
6.72843 9.08679152e-03
6.75172 9.20351616e-03
6.77510 9.32273164e-03
6.79855 9.45025436e-03
6.82208 9.57157440e-03
6.84570 9.70146660e-03
6.86939 9.83552204e-03
6.89317 9.97443928e-03
6.91704 1.01116353e-02
6.94098 1.02504223e-02
6.96500 1.04056920e-02
6.98911 1.05533931e-02
7.01331 1.07055652e-02
7.03759 1.08597916e-02
7.06195 1.10215171e-02
7.08639 1.11876722e-02
7.11092 1.13641016e-02
7.13554 1.15321511e-02
7.16024 1.17141941e-02
7.18502 1.18930684e-02
7.20990 1.20747384e-02
7.23485 1.22692666e-02
7.25990 1.24670671e-02
7.28503 1.26706456e-02
7.31025 1.28798154e-02
7.33555 1.30950785e-02
7.36094 1.33130307e-02
7.38642 1.35407405e-02
7.41199 1.37740536e-02
7.43765 1.40087269e-02
7.46340 1.42573861e-02
7.48923 1.45196451e-02
7.51516 1.47764310e-02
7.54117 1.50503287e-02
7.56727 1.53277813e-02
7.59347 1.56133991e-02
7.61975 1.59117390e-02
7.64613 1.62185178e-02
7.67260 1.65364011e-02
7.69916 1.68667756e-02
7.72581 1.71993434e-02
7.75255 1.75532455e-02
7.77939 1.79152490e-02
7.80632 1.82931167e-02
7.83334 1.86852812e-02
7.86046 1.90873365e-02
7.88767 1.95026660e-02
7.91497 1.99441352e-02
7.94237 2.03961790e-02
7.96986 2.08687074e-02
7.99745 2.13495446e-02
8.02513 2.18644292e-02
8.05291 2.24058665e-02
8.08079 2.29541636e-02
8.10876 2.35347750e-02
8.13683 2.41396525e-02
8.16500 2.47703915e-02
8.19326 2.54352134e-02
8.22162 2.61298381e-02
8.25008 2.68627755e-02
8.27864 2.76280687e-02
8.30730 2.84306194e-02
8.33605 2.92844995e-02
8.36491 3.01784846e-02
8.39386 3.11260724e-02
8.42292 3.21251686e-02
8.45208 3.31859068e-02
8.48133 3.43105795e-02
8.51069 3.55071817e-02
8.54016 3.67887463e-02
8.56972 3.81500162e-02
8.59938 3.96178580e-02
8.62915 4.11816527e-02
8.65902 4.28786799e-02
8.68899 4.47162553e-02
8.71907 4.67108557e-02
8.74925 4.88806142e-02
8.77954 5.12598000e-02
8.80993 5.38843210e-02
8.84043 5.68078508e-02
8.87103 6.00675582e-02
8.90174 6.37586338e-02
8.93255 6.79653474e-02
8.96347 7.28307689e-02
8.99450 7.85560942e-02
9.02563 8.54031810e-02
9.05688 9.37959058e-02
9.08823 1.04373540e-01
9.11969 1.18170279e-01
9.15126 1.36869451e-01
9.18294 1.63302349e-01
9.21472 2.01576882e-01
9.24662 2.55547187e-01
9.27863 3.20479061e-01
9.31075 3.72433594e-01
9.34298 3.86717877e-01
9.37532 3.65393882e-01
9.40777 3.27066880e-01
9.44034 2.90994344e-01
9.47302 2.68664592e-01
9.50581 2.62207278e-01
9.53871 2.69792027e-01
9.57173 2.89982261e-01
9.60487 3.22707991e-01
9.63811 3.68056508e-01
9.67148 4.24419541e-01
9.70495 4.90148679e-01
9.73855 5.66484119e-01
9.77226 6.54663925e-01
9.80609 7.52437950e-01
9.84003 8.53981652e-01
9.87409 9.53011546e-01
9.90827 1.04551727e+00
9.94257 1.13131891e+00
9.97699 1.21291964e+00
10.01153 1.29493312e+00
10.04618 1.38391640e+00
10.08096 1.48432471e+00
10.11585 1.57331578e+00
10.15087 1.59439704e+00
10.18601 1.56490656e+00
10.22127 1.48460458e+00
10.25665 1.36770900e+00
10.29215 1.26712168e+00
10.32778 1.17266557e+00
10.36353 1.10536819e+00
10.39941 1.11932622e+00
10.43540 1.22344392e+00
10.47153 1.30775138e+00
10.50777 1.25446635e+00
10.54415 1.07150668e+00
10.58065 8.62071880e-01
10.61727 7.50288072e-01
10.65403 7.14021264e-01
10.69091 7.24759700e-01
10.72791 7.68203294e-01
10.76505 8.40148359e-01
10.80231 9.36943408e-01
10.83971 1.05230406e+00
10.87723 1.18182788e+00
10.91488 1.32585192e+00
10.95266 1.48096897e+00
10.99058 1.63687852e+00
11.02862 1.77968939e+00
11.06680 1.89937702e+00
11.10511 1.99365140e+00
11.14355 2.06378705e+00
11.18212 2.11079338e+00
11.22083 2.13436689e+00
11.25967 2.13250401e+00
11.29865 2.10160777e+00
11.33776 2.03721803e+00
11.37701 1.93783057e+00
11.41639 1.81508708e+00
11.45591 1.69996718e+00
11.49556 1.60882857e+00
11.53536 1.48728039e+00
11.57529 1.27378266e+00
11.61536 1.03616930e+00
11.65556 8.47264732e-01
11.69591 7.15988776e-01
11.73640 6.33910877e-01
11.77702 5.96310515e-01
11.81779 6.05425302e-01
11.85870 6.63591315e-01
11.89975 7.38697186e-01
11.94094 7.38656841e-01
11.98227 6.45416278e-01
12.02375 5.14414093e-01
12.06537 3.99126148e-01
12.10714 3.17255094e-01
12.14905 2.61696382e-01
12.19110 2.23284181e-01
12.23330 1.95172721e-01
12.27565 1.73838861e-01
12.31814 1.57079785e-01
12.36078 1.43487288e-01
12.40357 1.32289711e-01
12.44651 1.22835989e-01
12.48959 1.14770256e-01
12.53283 1.07792944e-01
12.57621 1.01707894e-01
12.61974 9.63595588e-02
12.66343 9.16230704e-02
12.70726 8.74098360e-02
12.75125 8.36457816e-02
12.79539 8.02656244e-02
12.83968 7.72211460e-02
12.88413 7.44752132e-02
12.92873 7.19916844e-02
12.97348 6.97397164e-02
13.01839 6.77060336e-02
13.06345 6.58572176e-02
13.10867 6.41812212e-02
13.15405 6.26628448e-02
13.19959 6.12927644e-02
13.24528 6.00541080e-02
13.29113 5.89375368e-02
13.33713 5.79341560e-02
13.38330 5.70418048e-02
13.42963 5.62490132e-02
13.47612 5.55545084e-02
13.52277 5.49520892e-02
13.56958 5.44312180e-02
13.61655 5.40010264e-02
13.66368 5.36499778e-02
13.71098 5.33789987e-02
13.75844 5.31839554e-02
13.80607 5.30706762e-02
13.85386 5.30305208e-02
13.90182 5.30695351e-02
13.94994 5.31850254e-02
13.99823 5.33812157e-02
14.04668 5.36567562e-02
14.09531 5.40157924e-02
14.14410 5.44669852e-02
14.19306 5.50047387e-02
14.24219 5.56427638e-02
14.29149 5.63802996e-02
14.34096 5.72324614e-02
14.39060 5.82078376e-02
14.44042 5.93124445e-02
14.49041 6.05565724e-02
14.54057 6.19695788e-02
14.59090 6.35653828e-02
14.64141 6.53639499e-02
14.69209 6.74024590e-02
14.74295 6.97125673e-02
14.79398 7.23456220e-02
14.84519 7.53632043e-02
14.89658 7.88347456e-02
14.94814 8.28678418e-02
14.99989 8.76077860e-02
15.05181 9.32164872e-02
15.10392 9.99462086e-02
15.15620 1.08125013e-01
15.20866 1.18210785e-01
15.26131 1.30726920e-01
15.31414 1.46280210e-01
15.36715 1.65222153e-01
15.42034 1.86970072e-01
15.47372 2.09085002e-01
15.52729 2.27600113e-01
15.58103 2.39329054e-01
15.63497 2.44764146e-01
15.68909 2.47826237e-01
15.74340 2.53255202e-01
15.79790 2.64701981e-01
15.85258 2.84430662e-01
15.90746 3.13849821e-01
15.96252 3.53862050e-01
16.01778 4.04689542e-01
16.07323 4.65053148e-01
16.12886 5.31185705e-01
16.18470 5.97235663e-01
16.24072 6.56745545e-01
16.29694 7.04740258e-01
16.35335 7.38162462e-01
16.40996 7.55063351e-01
16.46677 7.54047183e-01
16.52377 7.34191577e-01
16.58097 6.96178162e-01
16.63836 6.43080350e-01
16.69596 5.80517065e-01
16.75375 5.16069636e-01
16.81175 4.56126854e-01
16.86994 4.05037239e-01
16.92834 3.64361333e-01
16.98694 3.33886860e-01
17.04574 3.12580544e-01
17.10474 2.99315318e-01
17.16395 2.93269015e-01
17.22337 2.94036099e-01
17.28299 3.01633664e-01
17.34281 3.16384602e-01
17.40285 3.38678094e-01
17.46309 3.68292287e-01
17.52354 4.03254771e-01
17.58420 4.38677136e-01
17.64507 4.67253642e-01
17.70615 4.82921987e-01
17.76744 4.85099274e-01
17.82894 4.78918498e-01
17.89066 4.72026716e-01
17.95259 4.71520866e-01
18.01473 4.81823324e-01
18.07709 5.04871068e-01
18.13967 5.40554460e-01
18.20246 5.87315208e-01
18.26547 6.42546292e-01
18.32870 7.03827468e-01
18.39214 7.72984760e-01
18.45581 8.55494908e-01
18.51969 9.53301744e-01
18.58380 1.06165684e+00
18.64813 1.17164748e+00
18.71268 1.27589705e+00
18.77746 1.36944104e+00
18.84246 1.44901605e+00
18.90768 1.51205014e+00
18.97313 1.55690687e+00
19.03881 1.58475632e+00
19.10472 1.60093968e+00
19.17085 1.61238334e+00
19.23721 1.62375299e+00
19.30380 1.63700669e+00
19.37062 1.65119989e+00
19.43768 1.66403756e+00
19.50496 1.67339456e+00
19.57248 1.67741794e+00
19.64023 1.67336244e+00
19.70822 1.65694244e+00
19.77644 1.62257062e+00
19.84490 1.56344936e+00
19.91359 1.47367862e+00
19.98252 1.35743262e+00
20.05169 1.22759236e+00
20.12110 1.09681187e+00
20.19076 9.76796004e-01
20.26065 8.72800844e-01
20.33078 7.86295140e-01
20.40116 7.18529936e-01
20.47178 6.68000368e-01
20.54264 6.32714356e-01
20.61375 6.12583544e-01
20.68511 6.07491456e-01
20.75671 6.16223012e-01
20.82856 6.38464896e-01
20.90066 6.70716020e-01
20.97301 7.02150036e-01
21.04561 7.18565752e-01
21.11846 7.14948336e-01
21.19157 7.08918224e-01
21.26492 7.21366356e-01
21.33853 7.52096928e-01
21.41240 7.73539612e-01
21.48652 7.89943192e-01
21.56090 8.23222324e-01
21.63553 8.66799326e-01
21.71043 9.10570296e-01
21.78558 9.50008300e-01
21.86099 9.84349036e-01
21.93666 1.01488114e+00
22.01260 1.04305694e+00
22.08880 1.07114734e+00
22.16526 1.10148970e+00
22.24199 1.13650192e+00
22.31898 1.17830185e+00
22.39624 1.22878658e+00
22.47377 1.28717480e+00
22.55156 1.35368185e+00
22.62962 1.42456586e+00
22.70796 1.49776873e+00
22.78656 1.56964094e+00
22.86544 1.63954622e+00
22.94459 1.70683176e+00
23.02402 1.77291154e+00
23.10372 1.83848086e+00
23.18369 1.90370668e+00
23.26394 1.96640037e+00
23.34447 2.02274086e+00
23.42528 2.06900581e+00
23.50637 2.10164040e+00
23.58774 2.11987741e+00
23.66939 2.12147122e+00
23.75133 2.10748004e+00
23.83354 2.07583897e+00
23.91604 2.02923274e+00
23.99883 1.96697520e+00
24.08191 1.89175124e+00
24.16527 1.80308237e+00
24.24892 1.69984157e+00
24.33286 1.58493629e+00
24.41709 1.46312992e+00
24.50161 1.34456254e+00
24.58642 1.23907642e+00
24.67153 1.15099126e+00
24.75693 1.08048125e+00
24.84263 1.02580532e+00
24.92863 9.85243548e-01
25.01492 9.57643768e-01
25.10151 9.34287178e-01
25.18840 9.05548538e-01
25.27559 8.67931215e-01
25.36309 8.21856284e-01
25.45088 7.70269286e-01
25.53898 7.16976188e-01
25.62739 6.67142382e-01
25.71610 6.25646764e-01
25.80512 5.96631172e-01
25.89444 5.80469794e-01
25.98408 5.77970769e-01
26.07403 5.86664541e-01
26.16428 6.01038804e-01
26.25485 6.16207428e-01
26.34574 6.27230112e-01
26.43694 6.31840357e-01
26.52845 6.30332947e-01
26.62028 6.24743002e-01
26.71243 6.19207003e-01
26.80489 6.16305359e-01
26.89768 6.17275810e-01
26.99079 6.22226454e-01
27.08422 6.30562540e-01
27.17798 6.41713762e-01
27.27205 6.54833814e-01
27.36646 6.68255712e-01
27.46119 6.80642558e-01
27.55625 6.90874715e-01
27.65164 6.98079814e-01
27.74736 7.01801452e-01
27.84341 7.01819937e-01
27.93979 6.97915460e-01
28.03650 6.89921181e-01
28.13355 6.78018858e-01
28.23094 6.62254076e-01
28.32867 6.42692250e-01
28.42673 6.19086057e-01
28.52513 5.92236312e-01
28.62387 5.62808273e-01
28.72295 5.31650647e-01
28.82238 4.99665997e-01
28.92215 4.67800294e-01
29.02227 4.37225048e-01
29.12273 4.08474805e-01
29.22354 3.81824504e-01
29.32470 3.57440631e-01
29.42621 3.35630715e-01
29.52807 3.16307435e-01
29.63029 2.99410423e-01
29.73286 2.84913557e-01
29.83578 2.72755209e-01
29.93906 2.62829870e-01
30.04269 2.55268432e-01
30.14669 2.49629143e-01
30.25104 2.45747310e-01
30.35576 2.43486995e-01
30.46084 2.42720133e-01
30.56628 2.43318142e-01
30.67209 2.45171753e-01
30.77826 2.48203652e-01
30.88481 2.52255137e-01
30.99172 2.57191914e-01
31.09900 2.62950120e-01
31.20665 2.69518242e-01
31.31467 2.76947472e-01
31.42307 2.85362811e-01
31.53184 2.94970038e-01
31.64099 3.06052012e-01
31.75052 3.18999289e-01
31.86043 3.34229806e-01
31.97072 3.52061704e-01
32.08139 3.72855734e-01
32.19244 3.96928378e-01
32.30388 4.24518967e-01
32.41570 4.55742216e-01
32.52791 4.90500209e-01
32.64051 5.28365964e-01
32.75349 5.68501996e-01
32.86687 6.09672029e-01
32.98064 6.50281971e-01
33.09481 6.88400703e-01
33.20937 7.21444988e-01
33.32433 7.45316071e-01
33.43968 7.55047841e-01
33.55544 7.54017184e-01
33.67159 7.56336462e-01
33.78815 7.62996625e-01
33.90511 7.65789370e-01
34.02247 7.60675200e-01
34.14024 7.46893810e-01
34.25842 7.24961380e-01
34.37701 6.96004055e-01
34.49601 6.61539324e-01
34.61542 6.23275079e-01
34.73525 5.82899450e-01
34.85549 5.41904679e-01
34.97614 5.01503017e-01
35.09721 4.62614138e-01
35.21871 4.25874070e-01
35.34062 3.91660777e-01
35.46295 3.60158252e-01
35.58571 3.31395177e-01
35.70889 3.05233350e-01
35.83250 2.81555096e-01
35.95654 2.60148140e-01
36.08101 2.40835176e-01
36.20590 2.23444598e-01
36.33123 2.07820090e-01
36.45700 1.93810425e-01
36.58320 1.81278081e-01
36.70983 1.70092138e-01
36.83691 1.60129828e-01
36.96442 1.51281382e-01
37.09238 1.43444249e-01
37.22077 1.36524568e-01
37.34962 1.30435138e-01
37.47890 1.25092708e-01
37.60864 1.20414798e-01
37.73883 1.16317847e-01
37.86946 1.12732148e-01
38.00055 1.09515812e-01
38.13209 1.06531821e-01
38.26409 1.03655100e-01
38.39654 1.00768434e-01
38.52946 9.77752084e-02
38.66283 9.46106428e-02
38.79667 9.12498440e-02
38.93096 8.77073752e-02
39.06573 8.40291608e-02
39.20096 8.02869956e-02
39.33665 7.65738236e-02
39.47282 7.29531220e-02
39.60946 6.94718364e-02
39.74657 6.61605895e-02
39.88416 6.30373943e-02
40.02222 6.01102044e-02
40.16076 5.73790820e-02
40.29978 5.48711332e-02
40.43928 5.25386488e-02
40.57926 5.03682865e-02
40.71973 4.83465354e-02
40.86069 4.64610036e-02
41.00213 4.47009136e-02
41.14406 4.30634623e-02
41.28648 4.15443000e-02
41.42940 4.01172944e-02
41.57281 3.87741826e-02
41.71672 3.75076237e-02
41.86113 3.63113412e-02
42.00603 3.51869674e-02
42.15144 3.41303880e-02
42.29735 3.31271419e-02
42.44377 3.21727610e-02
42.59069 3.12637968e-02
42.73812 3.03983105e-02
42.88606 2.95812869e-02
43.03451 2.88012825e-02
43.18348 2.80540320e-02
43.33297 2.73377726e-02
43.48297 2.66514034e-02
43.63349 2.60002345e-02
43.78453 2.53754288e-02
43.93609 2.47736993e-02
44.08818 2.41938057e-02
44.24079 2.36366375e-02
44.39394 2.31054033e-02
44.54761 2.25917205e-02
44.70182 2.20954291e-02
44.85655 2.16161829e-02
45.01183 2.11559399e-02
45.16764 2.07127658e-02
45.32399 2.02829989e-02
45.48089 1.98659083e-02
45.63832 1.94644982e-02
45.79630 1.90774975e-02
45.95483 1.87017210e-02
46.11391 1.83366420e-02
46.27353 1.79833498e-02
46.43371 1.76425413e-02
46.59445 1.73107860e-02
46.75574 1.69877478e-02
46.91759 1.66754264e-02
47.08000 1.63729514e-02
47.24297 1.60782671e-02
47.40650 1.57911190e-02
47.57060 1.55130610e-02
47.73527 1.52423809e-02
47.90051 1.49783296e-02
48.06633 1.47216029e-02
48.23271 1.44729955e-02
48.39967 1.42297160e-02
48.56721 1.39916758e-02
48.73533 1.37608994e-02
48.90403 1.35363938e-02
49.07332 1.33167529e-02
49.24319 1.31025303e-02
49.41365 1.28943875e-02
49.58470 1.26904613e-02
49.75634 1.24907442e-02
49.92858 1.22974236e-02
50.10141 1.21049674e-02
50.27484 1.19153320e-02
50.44887 1.17286670e-02
50.62350 1.15449324e-02
50.79874 1.13640764e-02
50.97458 1.11860590e-02
51.15104 1.10108300e-02
51.32810 1.08383464e-02
51.50578 1.06685682e-02
51.68407 1.05014495e-02
51.86298 1.03369490e-02
52.04250 1.01750266e-02
52.22265 1.00156410e-02
52.40343 9.85875212e-03
52.58482 9.70432004e-03
52.76685 9.55230776e-03
52.94951 9.40267384e-03
53.13280 9.25538424e-03
53.31672 9.11040048e-03
53.50128 8.96768852e-03
53.68648 8.82720840e-03
53.87232 8.68892756e-03
54.05880 8.55281344e-03
54.24593 8.41882904e-03
54.43371 8.28694032e-03
54.62214 8.15711620e-03
54.81122 8.02932264e-03
55.00095 7.90353004e-03
55.19134 7.77970584e-03
55.38239 7.65781896e-03
55.57410 7.53783980e-03
55.76647 7.41973432e-03
55.95951 7.30347884e-03
56.15322 7.18904376e-03
56.34760 7.07639652e-03
56.54265 6.96550900e-03
56.73838 6.85635900e-03
56.93479 6.74891692e-03
57.13187 6.64315168e-03
57.32964 6.53904404e-03
57.52809 6.43656144e-03
57.72723 6.33568316e-03
57.92705 6.23638256e-03
58.12757 6.13863300e-03
58.32879 6.04241376e-03
58.53070 5.94769820e-03
58.73331 5.85446264e-03
58.93662 5.76268621e-03
59.14063 5.67234346e-03
59.34535 5.58341529e-03
59.55078 5.49587551e-03
59.75692 5.40970488e-03
59.96377 5.32488164e-03
60.17134 5.24138344e-03
60.37963 5.15919224e-03
60.58864 5.07828448e-03
60.79837 4.99864228e-03
61.00883 4.92024550e-03
61.22002 4.84307356e-03
61.43194 4.76710812e-03
61.64459 4.69233053e-03
61.85797 4.61872243e-03
62.07210 4.54626400e-03
62.28697 4.47493895e-03
62.50258 4.40472923e-03
62.71894 4.33561560e-03
62.93605 4.26758326e-03
63.15390 4.20061503e-03
63.37252 4.13469317e-03
63.59189 4.06980212e-03
63.81201 4.00592621e-03
64.03290 3.94304841e-03
64.25456 3.88115348e-03
64.47698 3.82022617e-03
64.70017 3.76025110e-03
64.92414 3.70121508e-03
65.14888 3.64310140e-03
65.37440 3.58589555e-03
65.60070 3.52958584e-03
65.82778 3.47415466e-03
66.05565 3.41959195e-03
66.28430 3.36588201e-03
66.51375 3.31301197e-03
66.74400 3.26096806e-03
66.97504 3.20973875e-03
67.20688 3.15930997e-03
67.43952 3.10967033e-03
67.67297 3.06080709e-03
67.90722 3.01270813e-03
68.14229 2.96536130e-03
68.37817 2.91875521e-03
68.61486 2.87287817e-03
68.85238 2.82771893e-03
69.09072 2.78326595e-03
69.32988 2.73950842e-03
69.56987 2.69643568e-03
69.81069 2.65403664e-03
70.05235 2.61230108e-03
70.29484 2.57121865e-03
70.53817 2.53077913e-03
70.78235 2.49097231e-03
71.02737 2.45178842e-03
71.27323 2.41321785e-03
71.51995 2.37525096e-03
71.76752 2.33787815e-03
72.01595 2.30109053e-03
72.26524 2.26487878e-03
72.51539 2.22923387e-03
72.76641 2.19414706e-03
73.01830 2.15960949e-03
73.27106 2.12561256e-03
73.52469 2.09214813e-03
73.77920 2.05920762e-03
74.03460 2.02678304e-03
74.29087 1.99486625e-03
74.54804 1.96344925e-03
74.80609 1.93252450e-03
75.06504 1.90208401e-03
75.32488 1.87212052e-03
75.58563 1.84262620e-03
75.84727 1.81359407e-03
76.10982 1.78501675e-03
76.37328 1.75688728e-03
76.63766 1.72919870e-03
76.90295 1.70194391e-03
77.16915 1.67511624e-03
77.43628 1.64870920e-03
77.70433 1.62271596e-03
77.97331 1.59713001e-03
78.24322 1.57194544e-03
78.51407 1.54715559e-03
78.78585 1.52275439e-03
79.05857 1.49873591e-03
79.33224 1.47509410e-03
79.60686 1.45182287e-03
79.88242 1.42891676e-03
80.15894 1.40636985e-03
80.43642 1.38417666e-03
80.71486 1.36233156e-03
80.99426 1.34082909e-03
81.27463 1.31966435e-03
81.55596 1.29883128e-03
81.83828 1.27832528e-03
82.12157 1.25814134e-03
82.40584 1.23827382e-03
82.69109 1.21871828e-03
82.97733 1.19946985e-03
83.26457 1.18052318e-03
83.55279 1.16187444e-03
83.84202 1.14351830e-03
84.13225 1.12545046e-03
84.42348 1.10766634e-03
84.71572 1.09016134e-03
85.00897 1.07293162e-03
85.30323 1.05597245e-03
85.59852 1.03927953e-03
85.89482 1.02284916e-03
86.19215 1.00667661e-03
86.49052 9.90758472e-04
86.78991 9.75090156e-04
87.09034 9.59668556e-04
87.39181 9.44488936e-04
87.69432 9.29548040e-04
87.99789 9.14842168e-04
88.30250 9.00367324e-04
88.60816 8.86120252e-04
88.91489 8.72097104e-04
89.22267 8.58294476e-04
89.53153 8.44708964e-04
89.84145 8.31337164e-04
90.15244 8.18175672e-04
90.46451 8.05221232e-04
90.77766 7.92470588e-04
91.09190 7.79920632e-04
91.40722 7.67568256e-04
91.72363 7.55410056e-04
92.04114 7.43443368e-04
92.35975 7.31665084e-04
92.67946 7.20072392e-04
93.00028 7.08661888e-04
93.32221 6.97431204e-04
93.64525 6.86377380e-04
93.96941 6.75497456e-04
94.29469 6.64789064e-04
94.62110 6.54249540e-04
94.94864 6.43875776e-04
95.27731 6.33665552e-04
95.60712 6.23616204e-04
95.93807 6.13725364e-04
96.27017 6.03990072e-04
96.60342 5.94408404e-04
96.93782 5.84977681e-04
97.27338 5.75695817e-04
97.61010 5.66560191e-04
97.94798 5.57568555e-04
98.28704 5.48718747e-04
98.62727 5.40008562e-04
98.96867 5.31435810e-04
99.31126 5.22998197e-04
99.65504 5.14693680e-04
100.00000 5.06520276e-04
