        2000  0.100000 3.330000
0.10000 9.94234992e-03
0.10035 9.92354504e-03
0.10069 9.91683028e-03
0.10104 9.91255752e-03
0.10139 9.89615172e-03
0.10174 9.85534812e-03
0.10210 9.78707424e-03
0.10245 9.70027520e-03
0.10280 9.61197100e-03
0.10316 9.53804500e-03
0.10352 9.48548872e-03
0.10387 9.45093516e-03
0.10423 9.42413236e-03
0.10459 9.39291916e-03
0.10496 9.34801744e-03
0.10532 9.28681796e-03
0.10568 9.21464724e-03
0.10605 9.14207840e-03
0.10642 9.07951140e-03
0.10679 9.03232900e-03
0.10716 8.99903640e-03
0.10753 8.97288332e-03
0.10790 8.94582448e-03
0.10827 8.91278792e-03
0.10865 8.87396900e-03
0.10902 8.83382548e-03
0.10940 8.79769572e-03
0.10978 8.76858116e-03
0.11016 8.74611476e-03
0.11054 8.72775684e-03
0.11092 8.71088928e-03
0.11131 8.69431476e-03
0.11169 8.67834704e-03
0.11208 8.66371280e-03
0.11247 8.65032620e-03
0.11286 8.63681232e-03
0.11325 8.62098520e-03
0.11364 8.60087644e-03
0.11403 8.57568536e-03
0.11443 8.54594032e-03
0.11482 8.51290376e-03
0.11522 8.47761612e-03
0.11562 8.44032900e-03
0.11602 8.40055548e-03
0.11642 8.35762364e-03
0.11682 8.31132184e-03
0.11723 8.26227612e-03
0.11763 8.21184808e-03
0.11804 8.16162576e-03
0.11845 8.11279612e-03
0.11886 8.06572916e-03
0.11927 8.02002972e-03
0.11968 7.97493116e-03
0.12010 7.92980004e-03
0.12051 7.88446172e-03
0.12093 7.83921368e-03
0.12135 7.79463164e-03
0.12177 7.75130760e-03
0.12219 7.70969000e-03
0.12262 7.67003784e-03
0.12304 7.63243548e-03
0.12347 7.59679708e-03
0.12389 7.56291100e-03
0.12432 7.53051380e-03
0.12475 7.49943676e-03
0.12518 7.46969468e-03
0.12562 7.44153176e-03
0.12605 7.41531356e-03
0.12649 7.39134348e-03
0.12693 7.36969404e-03
0.12737 7.35016988e-03
0.12781 7.33235364e-03
0.12825 7.31574952e-03
0.12869 7.29991204e-03
0.12914 7.28448896e-03
0.12959 7.26918428e-03
0.13003 7.25369460e-03
0.13048 7.23764696e-03
0.13094 7.22060180e-03
0.13139 7.20212104e-03
0.13184 7.18184356e-03
0.13230 7.15955180e-03
0.13276 7.13518952e-03
0.13322 7.10882628e-03
0.13368 7.08061008e-03
0.13414 7.05071556e-03
0.13461 7.01931144e-03
0.13507 6.98655904e-03
0.13554 6.95262116e-03
0.13601 6.91766948e-03
0.13648 6.88188900e-03
0.13695 6.84547804e-03
0.13743 6.80862308e-03
0.13790 6.77149580e-03
0.13838 6.73424272e-03
0.13886 6.69698372e-03
0.13934 6.65981648e-03
0.13982 6.62282536e-03
0.14031 6.58609472e-03
0.14079 6.54970744e-03
0.14128 6.51375380e-03
0.14177 6.47831964e-03
0.14226 6.44349820e-03
0.14275 6.40936052e-03
0.14324 6.37597616e-03
0.14374 6.34340432e-03
0.14424 6.31170272e-03
0.14474 6.28092760e-03
0.14524 6.25113816e-03
0.14574 6.22239212e-03
0.14625 6.19474424e-03
0.14675 6.16823744e-03
0.14726 6.14290872e-03
0.14777 6.11878176e-03
0.14828 6.09586692e-03
0.14879 6.07416124e-03
0.14931 6.05363808e-03
0.14983 6.03425452e-03
0.15034 6.01593212e-03
0.15087 5.99857912e-03
0.15139 5.98206528e-03
0.15191 5.96624408e-03
0.15244 5.95095272e-03
0.15297 5.93600916e-03
0.15349 5.92122544e-03
0.15403 5.90641360e-03
0.15456 5.89138716e-03
0.15509 5.87597148e-03
0.15563 5.86001264e-03
0.15617 5.84337152e-03
0.15671 5.82593860e-03
0.15725 5.80763396e-03
0.15780 5.78839840e-03
0.15834 5.76820232e-03
0.15889 5.74703388e-03
0.15944 5.72490492e-03
0.15999 5.70183912e-03
0.16055 5.67787422e-03
0.16110 5.65306024e-03
0.16166 5.62745106e-03
0.16222 5.60110662e-03
0.16278 5.57409425e-03
0.16335 5.54647775e-03
0.16391 5.51832785e-03
0.16448 5.48971146e-03
0.16505 5.46069828e-03
0.16562 5.43135787e-03
0.16619 5.40176128e-03
0.16677 5.37197554e-03
0.16734 5.34207317e-03
0.16792 5.31212241e-03
0.16851 5.28219415e-03
0.16909 5.25235824e-03
0.16967 5.22268364e-03
0.17026 5.19324112e-03
0.17085 5.16409932e-03
0.17144 5.13532635e-03
0.17204 5.10698701e-03
0.17263 5.07914821e-03
0.17323 5.05187004e-03
0.17383 5.02520991e-03
0.17443 4.99922599e-03
0.17503 4.97396890e-03
0.17564 4.94948512e-03
0.17625 4.92581459e-03
0.17686 4.90299743e-03
0.17747 4.88106131e-03
0.17808 4.86002622e-03
0.17870 4.83991095e-03
0.17932 4.82071905e-03
0.17994 4.80245333e-03
0.18056 4.78509900e-03
0.18119 4.76863755e-03
0.18182 4.75303791e-03
0.18244 4.73826174e-03
0.18308 4.72425857e-03
0.18371 4.71096817e-03
0.18435 4.69832571e-03
0.18498 4.68624965e-03
0.18562 4.67465918e-03
0.18627 4.66346653e-03
0.18691 4.65257136e-03
0.18756 4.64187984e-03
0.18821 4.63129237e-03
0.18886 4.62070785e-03
0.18951 4.61003024e-03
0.19017 4.59916468e-03
0.19083 4.58802250e-03
0.19149 4.57652097e-03
0.19215 4.56458507e-03
0.19282 4.55214715e-03
0.19348 4.53914964e-03
0.19415 4.52554489e-03
0.19483 4.51129175e-03
0.19550 4.49636195e-03
0.19618 4.48073522e-03
0.19686 4.46439913e-03
0.19754 4.44735027e-03
0.19822 4.42959649e-03
0.19891 4.41114710e-03
0.19960 4.39202476e-03
0.20029 4.37225285e-03
0.20098 4.35186304e-03
0.20168 4.33088937e-03
0.20237 4.30937535e-03
0.20307 4.28736064e-03
0.20378 4.26489484e-03
0.20448 4.24202440e-03
0.20519 4.21880246e-03
0.20590 4.19527934e-03
0.20661 4.17150817e-03
0.20733 4.14754416e-03
0.20805 4.12343999e-03
0.20877 4.09924954e-03
0.20949 4.07502593e-03
0.21021 4.05081994e-03
0.21094 4.02668558e-03
0.21167 4.00266888e-03
0.21240 3.97882120e-03
0.21314 3.95518574e-03
0.21388 3.93180974e-03
0.21462 3.90873195e-03
0.21536 3.88599293e-03
0.21611 3.86363146e-03
0.21685 3.84167907e-03
0.21760 3.82016860e-03
0.21836 3.79913099e-03
0.21911 3.77858859e-03
0.21987 3.75856760e-03
0.22063 3.73908665e-03
0.22140 3.72016278e-03
0.22216 3.70181093e-03
0.22293 3.68404012e-03
0.22370 3.66685851e-03
0.22448 3.65027008e-03
0.22526 3.63427660e-03
0.22604 3.61887528e-03
0.22682 3.60406152e-03
0.22760 3.58982525e-03
0.22839 3.57615745e-03
0.22918 3.56304006e-03
0.22998 3.55045592e-03
0.23077 3.53838578e-03
0.23157 3.52680418e-03
0.23237 3.51568628e-03
0.23318 3.50500156e-03
0.23398 3.49471941e-03
0.23479 3.48480622e-03
0.23561 3.47522663e-03
0.23642 3.46594348e-03
0.23724 3.45691814e-03
0.23806 3.44811125e-03
0.23889 3.43948241e-03
0.23971 3.43099076e-03
0.24054 3.42259576e-03
0.24137 3.41425655e-03
0.24221 3.40593318e-03
0.24305 3.39758672e-03
0.24389 3.38917928e-03
0.24473 3.38067476e-03
0.24558 3.37203896e-03
0.24643 3.36323976e-03
0.24728 3.35424773e-03
0.24814 3.34503547e-03
0.24900 3.33557871e-03
0.24986 3.32585615e-03
0.25073 3.31584957e-03
0.25159 3.30554359e-03
0.25246 3.29492622e-03
0.25334 3.28398813e-03
0.25422 3.27272341e-03
0.25510 3.26112894e-03
0.25598 3.24920458e-03
0.25687 3.23695255e-03
0.25775 3.22437832e-03
0.25865 3.21148930e-03
0.25954 3.19829480e-03
0.26044 3.18480697e-03
0.26134 3.17103912e-03
0.26225 3.15700680e-03
0.26315 3.14272583e-03
0.26406 3.12821473e-03
0.26498 3.11349213e-03
0.26590 3.09857773e-03
0.26682 3.08349164e-03
0.26774 3.06825475e-03
0.26867 3.05288835e-03
0.26960 3.03741347e-03
0.27053 3.02185127e-03
0.27147 3.00622351e-03
0.27241 2.99055016e-03
0.27335 2.97485254e-03
0.27430 2.95915033e-03
0.27525 2.94346366e-03
0.27620 2.92781104e-03
0.27715 2.91221124e-03
0.27811 2.89668146e-03
0.27908 2.88123928e-03
0.28004 2.86590012e-03
0.28101 2.85067965e-03
0.28198 2.83559209e-03
0.28296 2.82065104e-03
0.28394 2.80586940e-03
0.28492 2.79125869e-03
0.28591 2.77683017e-03
0.28690 2.76259346e-03
0.28789 2.74855802e-03
0.28889 2.73473172e-03
0.28989 2.72112252e-03
0.29089 2.70773652e-03
0.29190 2.69457961e-03
0.29291 2.68165684e-03
0.29392 2.66897176e-03
0.29494 2.65652837e-03
0.29596 2.64432843e-03
0.29699 2.63237432e-03
0.29801 2.62066664e-03
0.29905 2.60920581e-03
0.30008 2.59799156e-03
0.30112 2.58702254e-03
0.30216 2.57629727e-03
0.30321 2.56581325e-03
0.30426 2.55556750e-03
0.30531 2.54555649e-03
0.30637 2.53577591e-03
0.30743 2.52622118e-03
0.30849 2.51688696e-03
0.30956 2.50776765e-03
0.31063 2.49885701e-03
0.31171 2.49014810e-03
0.31279 2.48163425e-03
0.31387 2.47330748e-03
0.31496 2.46516008e-03
0.31605 2.45718406e-03
0.31714 2.44937025e-03
0.31824 2.44171007e-03
0.31934 2.43419433e-03
0.32044 2.42681357e-03
0.32155 2.41955817e-03
0.32267 2.41241865e-03
0.32378 2.40538450e-03
0.32490 2.39844626e-03
0.32603 2.39159312e-03
0.32716 2.38481546e-03
0.32829 2.37810307e-03
0.32943 2.37144544e-03
0.33057 2.36483250e-03
0.33171 2.35825450e-03
0.33286 2.35170106e-03
0.33401 2.34516301e-03
0.33517 2.33863044e-03
0.33633 2.33209387e-03
0.33749 2.32554442e-03
0.33866 2.31897337e-03
0.33983 2.31237213e-03
0.34101 2.30573226e-03
0.34219 2.29904636e-03
0.34337 2.29230658e-03
0.34456 2.28550613e-03
0.34576 2.27863834e-03
0.34695 2.27169699e-03
0.34815 2.26467632e-03
0.34936 2.25757113e-03
0.35057 2.25037626e-03
0.35178 2.24308800e-03
0.35300 2.23570191e-03
0.35422 2.22821459e-03
0.35545 2.22062338e-03
0.35668 2.21292590e-03
0.35791 2.20511993e-03
0.35915 2.19720386e-03
0.36039 2.18917693e-03
0.36164 2.18103841e-03
0.36289 2.17278815e-03
0.36415 2.16442585e-03
0.36541 2.15595270e-03
0.36668 2.14736959e-03
0.36795 2.13867755e-03
0.36922 2.12987866e-03
0.37050 2.12097453e-03
0.37178 2.11196740e-03
0.37307 2.10286022e-03
0.37436 2.09365580e-03
0.37565 2.08435682e-03
0.37695 2.07496666e-03
0.37826 2.06548918e-03
0.37957 2.05592750e-03
0.38088 2.04628574e-03
0.38220 2.03656762e-03
0.38352 2.02677742e-03
0.38485 2.01691899e-03
0.38618 2.00699677e-03
0.38752 1.99701491e-03
0.38886 1.98697755e-03
0.39021 1.97688958e-03
0.39156 1.96675468e-03
0.39291 1.95657732e-03
0.39427 1.94636221e-03
0.39564 1.93611350e-03
0.39701 1.92583520e-03
0.39838 1.91553174e-03
0.39976 1.90520740e-03
0.40115 1.89486576e-03
0.40253 1.88451123e-03
0.40393 1.87414783e-03
0.40533 1.86377924e-03
0.40673 1.85340888e-03
0.40814 1.84304119e-03
0.40955 1.83267897e-03
0.41097 1.82232592e-03
0.41239 1.81198546e-03
0.41382 1.80166083e-03
0.41525 1.79135485e-03
0.41669 1.78107107e-03
0.41813 1.77081186e-03
0.41958 1.76058018e-03
0.42103 1.75037854e-03
0.42249 1.74020960e-03
0.42395 1.73007590e-03
0.42542 1.71997978e-03
0.42689 1.70992318e-03
0.42837 1.69990802e-03
0.42985 1.68993696e-03
0.43134 1.68001120e-03
0.43283 1.67013294e-03
0.43433 1.66030352e-03
0.43583 1.65052486e-03
0.43734 1.64079815e-03
0.43886 1.63112458e-03
0.44037 1.62150606e-03
0.44190 1.61194318e-03
0.44343 1.60243759e-03
0.44496 1.59298971e-03
0.44650 1.58360074e-03
0.44805 1.57427156e-03
0.44960 1.56500306e-03
0.45116 1.55579583e-03
0.45272 1.54665032e-03
0.45429 1.53756741e-03
0.45586 1.52854726e-03
0.45744 1.51959089e-03
0.45902 1.51069786e-03
0.46061 1.50186907e-03
0.46220 1.49310466e-03
0.46380 1.48440492e-03
0.46541 1.47576986e-03
0.46702 1.46719948e-03
0.46864 1.45869422e-03
0.47026 1.45025363e-03
0.47189 1.44187816e-03
0.47352 1.43356752e-03
0.47516 1.42532170e-03
0.47680 1.41714040e-03
0.47845 1.40902364e-03
0.48011 1.40097126e-03
0.48177 1.39298281e-03
0.48344 1.38505815e-03
0.48511 1.37719698e-03
0.48679 1.36939930e-03
0.48848 1.36166423e-03
0.49017 1.35399191e-03
0.49186 1.34638160e-03
0.49357 1.33883331e-03
0.49528 1.33134628e-03
0.49699 1.32392038e-03
0.49871 1.31655487e-03
0.50044 1.30924959e-03
0.50217 1.30200410e-03
0.50391 1.29481766e-03
0.50565 1.28768998e-03
0.50740 1.28062047e-03
0.50916 1.27360882e-03
0.51092 1.26665430e-03
0.51269 1.25975646e-03
0.51446 1.25291487e-03
0.51625 1.24612892e-03
0.51803 1.23939818e-03
0.51983 1.23272204e-03
0.52163 1.22609978e-03
0.52343 1.21953140e-03
0.52524 1.21301584e-03
0.52706 1.20655283e-03
0.52889 1.20014177e-03
0.53072 1.19378191e-03
0.53255 1.18747312e-03
0.53440 1.18121434e-03
0.53625 1.17500574e-03
0.53810 1.16884628e-03
0.53997 1.16273521e-03
0.54183 1.15667254e-03
0.54371 1.15065752e-03
0.54559 1.14468957e-03
0.54748 1.13876824e-03
0.54938 1.13289294e-03
0.55128 1.12706307e-03
0.55319 1.12127834e-03
0.55510 1.11553831e-03
0.55702 1.10984208e-03
0.55895 1.10418922e-03
0.56089 1.09857958e-03
0.56283 1.09301226e-03
0.56478 1.08748728e-03
0.56673 1.08200343e-03
0.56869 1.07656103e-03
0.57066 1.07115888e-03
0.57264 1.06579699e-03
0.57462 1.06047506e-03
0.57661 1.05519190e-03
0.57860 1.04994752e-03
0.58061 1.04474162e-03
0.58262 1.03957346e-03
0.58463 1.03444260e-03
0.58666 1.02934903e-03
0.58869 1.02429172e-03
0.59073 1.01927067e-03
0.59277 1.01428544e-03
0.59482 1.00933528e-03
0.59688 1.00442006e-03
0.59895 9.99539312e-04
0.60102 9.94692756e-04
0.60310 9.89879944e-04
0.60519 9.85100580e-04
0.60728 9.80353924e-04
0.60939 9.75639976e-04
0.61150 9.70958144e-04
0.61361 9.66308280e-04
0.61574 9.61689792e-04
0.61787 9.57102532e-04
0.62001 9.52546056e-04
0.62215 9.48020068e-04
0.62431 9.43524124e-04
0.62647 9.39057928e-04
0.62864 9.34621332e-04
0.63081 9.30213892e-04
0.63300 9.25835164e-04
0.63519 9.21485000e-04
0.63739 9.17162956e-04
0.63959 9.12868884e-04
0.64181 9.08602192e-04
0.64403 9.04363028e-04
0.64626 9.00150800e-04
0.64849 8.95965360e-04
0.65074 8.91806264e-04
0.65299 8.87673512e-04
0.65525 8.83566660e-04
0.65752 8.79485264e-04
0.65980 8.75429324e-04
0.66208 8.71398544e-04
0.66437 8.67392480e-04
0.66667 8.63411132e-04
0.66898 8.59454204e-04
0.67130 8.55521104e-04
0.67362 8.51612276e-04
0.67595 8.47726832e-04
0.67829 8.43864624e-04
0.68064 8.40025948e-04
0.68299 8.36210064e-04
0.68536 8.32416824e-04
0.68773 8.28646080e-04
0.69011 8.24897684e-04
0.69250 8.21171340e-04
0.69490 8.17467048e-04
0.69730 8.13784068e-04
0.69972 8.10122696e-04
0.70214 8.06482636e-04
0.70457 8.02863444e-04
0.70701 7.99265416e-04
0.70946 7.95687812e-04
0.71191 7.92130780e-04
0.71438 7.88593876e-04
0.71685 7.85077544e-04
0.71933 7.81580600e-04
0.72182 7.78103932e-04
0.72432 7.74646504e-04
0.72683 7.71208612e-04
0.72934 7.67789812e-04
0.73187 7.64390252e-04
0.73440 7.61009488e-04
0.73694 7.57647520e-04
0.73949 7.54304200e-04
0.74205 7.50979380e-04
0.74462 7.47672616e-04
0.74720 7.44384056e-04
0.74979 7.41113552e-04
0.75238 7.37860808e-04
0.75499 7.34625676e-04
0.75760 7.31408156e-04
0.76022 7.28208100e-04
0.76285 7.25025212e-04
0.76549 7.21859344e-04
0.76814 7.18710644e-04
0.77080 7.15578668e-04
0.77347 7.12463268e-04
0.77615 7.09364740e-04
0.77884 7.06282640e-04
0.78153 7.03216524e-04
0.78424 7.00166836e-04
0.78695 6.97133280e-04
0.78968 6.94115560e-04
0.79241 6.91113676e-04
0.79515 6.88127628e-04
0.79790 6.85156972e-04
0.80067 6.82201856e-04
0.80344 6.79261984e-04
0.80622 6.76337652e-04
0.80901 6.73428268e-04
0.81181 6.70533980e-04
0.81462 6.67654492e-04
0.81744 6.64789804e-04
0.82027 6.61939916e-04
0.82311 6.59104680e-04
0.82596 6.56283948e-04
0.82882 6.53477424e-04
0.83169 6.50685404e-04
0.83457 6.47907444e-04
0.83745 6.45143692e-04
0.84035 6.42393704e-04
0.84326 6.39657776e-04
0.84618 6.36935612e-04
0.84911 6.34227360e-04
0.85205 6.31532428e-04
0.85500 6.28851112e-04
0.85796 6.26183264e-04
0.86093 6.23528884e-04
0.86391 6.20887528e-04
0.86690 6.18259492e-04
0.86990 6.15644628e-04
0.87291 6.13042492e-04
0.87593 6.10453380e-04
0.87897 6.07877144e-04
0.88201 6.05313636e-04
0.88506 6.02762856e-04
0.88813 6.00224656e-04
0.89120 5.97699036e-04
0.89428 5.95185552e-04
0.89738 5.92684648e-04
0.90049 5.90196028e-04
0.90360 5.87719544e-04
0.90673 5.85255048e-04
0.90987 5.82802688e-04
0.91302 5.80362464e-04
0.91618 5.77933784e-04
0.91935 5.75517092e-04
0.92253 5.73112388e-04
0.92573 5.70718932e-04
0.92893 5.68337316e-04
0.93215 5.65967244e-04
0.93537 5.63608716e-04
0.93861 5.61261332e-04
0.94186 5.58925537e-04
0.94512 5.56600798e-04
0.94839 5.54287276e-04
0.95168 5.51984914e-04
0.95497 5.49693741e-04
0.95828 5.47413402e-04
0.96159 5.45144206e-04
0.96492 5.42885682e-04
0.96826 5.40637947e-04
0.97161 5.38401016e-04
0.97498 5.36174859e-04
0.97835 5.33959151e-04
0.98174 5.31754040e-04
0.98514 5.29559510e-04
0.98855 5.27375386e-04
0.99197 5.25201665e-04
0.99540 5.23038172e-04
0.99885 5.20885053e-04
1.00231 5.18741983e-04
1.00578 5.16609259e-04
1.00926 5.14486569e-04
1.01275 5.12373721e-04
1.01626 5.10271040e-04
1.01978 5.08178187e-04
1.02330 5.06095309e-04
1.02685 5.04022081e-04
1.03040 5.01958650e-04
1.03397 4.99905002e-04
1.03755 4.97860959e-04
1.04114 4.95826388e-04
1.04474 4.93801541e-04
1.04836 4.91786136e-04
1.05199 4.89780144e-04
1.05563 4.87783550e-04
1.05928 4.85796192e-04
1.06295 4.83818216e-04
1.06663 4.81849313e-04
1.07032 4.79889896e-04
1.07403 4.77939375e-04
1.07775 4.75998029e-04
1.08148 4.74065697e-04
1.08522 4.72142230e-04
1.08898 4.70227746e-04
1.09275 4.68322246e-04
1.09653 4.66425552e-04
1.10032 4.64537664e-04
1.10413 4.62658449e-04
1.10796 4.60787892e-04
1.11179 4.58926052e-04
1.11564 4.57072899e-04
1.11950 4.55228272e-04
1.12338 4.53392095e-04
1.12726 4.51564413e-04
1.13117 4.49745138e-04
1.13508 4.47934284e-04
1.13901 4.46131659e-04
1.14295 4.44337410e-04
1.14691 4.42551317e-04
1.15088 4.40773556e-04
1.15487 4.39003920e-04
1.15886 4.37242379e-04
1.16287 4.35488934e-04
1.16690 4.33743393e-04
1.17094 4.32006050e-04
1.17499 4.30276552e-04
1.17906 4.28554912e-04
1.18314 4.26841220e-04
1.18724 4.25135180e-04
1.19135 4.23437058e-04
1.19547 4.21746676e-04
1.19961 4.20064004e-04
1.20376 4.18389044e-04
1.20793 4.16721602e-04
1.21211 4.15061664e-04
1.21630 4.13409510e-04
1.22052 4.11764668e-04
1.22474 4.10127403e-04
1.22898 4.08497390e-04
1.23323 4.06874940e-04
1.23750 4.05259698e-04
1.24179 4.03651811e-04
1.24609 4.02051235e-04
1.25040 4.00457971e-04
1.25473 3.98871692e-04
1.25907 3.97292843e-04
1.26343 3.95720905e-04
1.26780 3.94156042e-04
1.27219 3.92598386e-04
1.27659 3.91047613e-04
1.28101 3.89503840e-04
1.28545 3.87967052e-04
1.28990 3.86437072e-04
1.29436 3.84914049e-04
1.29884 3.83397789e-04
1.30334 3.81888455e-04
1.30785 3.80385841e-04
1.31238 3.78889812e-04
1.31692 3.77400607e-04
1.32148 3.75918076e-04
1.32605 3.74442057e-04
1.33064 3.72972684e-04
1.33525 3.71509911e-04
1.33987 3.70053606e-04
1.34451 3.68603872e-04
1.34916 3.67160546e-04
1.35383 3.65723599e-04
1.35852 3.64293194e-04
1.36322 3.62868990e-04
1.36794 3.61451120e-04
1.37268 3.60039718e-04
1.37743 3.58634296e-04
1.38220 3.57235326e-04
1.38698 3.55842453e-04
1.39178 3.54455841e-04
1.39660 3.53075268e-04
1.40144 3.51700821e-04
1.40629 3.50332458e-04
1.41115 3.48970132e-04
1.41604 3.47613816e-04
1.42094 3.46263494e-04
1.42586 3.44919106e-04
1.43080 3.43580624e-04
1.43575 3.42248061e-04
1.44072 3.40921330e-04
1.44571 3.39600460e-04
1.45071 3.38285376e-04
1.45573 3.36976035e-04
1.46077 3.35672466e-04
1.46583 3.34374609e-04
1.47090 3.33082421e-04
1.47599 3.31795902e-04
1.48110 3.30514991e-04
1.48623 3.29239690e-04
1.49137 3.27969939e-04
1.49654 3.26705752e-04
1.50172 3.25447086e-04
1.50692 3.24193882e-04
1.51213 3.22946153e-04
1.51737 3.21703841e-04
1.52262 3.20466931e-04
1.52789 3.19235378e-04
1.53318 3.18009213e-04
1.53849 3.16788332e-04
1.54381 3.15572778e-04
1.54916 3.14362449e-04
1.55452 3.13157403e-04
1.55990 3.11957552e-04
1.56530 3.10762896e-04
1.57072 3.09573376e-04
1.57615 3.08389021e-04
1.58161 3.07209772e-04
1.58709 3.06035584e-04
1.59258 3.04866488e-04
1.59809 3.03702394e-04
1.60362 3.02543317e-04
1.60918 3.01389242e-04
1.61475 3.00240111e-04
1.62034 2.99095923e-04
1.62594 2.97956619e-04
1.63157 2.96822229e-04
1.63722 2.95692678e-04
1.64289 2.94567967e-04
1.64857 2.93448066e-04
1.65428 2.92332960e-04
1.66001 2.91222604e-04
1.66575 2.90116985e-04
1.67152 2.89016087e-04
1.67731 2.87919881e-04
1.68311 2.86828366e-04
1.68894 2.85741469e-04
1.69478 2.84659189e-04
1.70065 2.83581527e-04
1.70654 2.82508438e-04
1.71245 2.81439908e-04
1.71837 2.80375892e-04
1.72432 2.79316374e-04
1.73029 2.78261386e-04
1.73628 2.77210823e-04
1.74229 2.76164714e-04
1.74832 2.75123031e-04
1.75437 2.74085729e-04
1.76045 2.73052807e-04
1.76654 2.72024252e-04
1.77266 2.71000018e-04
1.77879 2.69980105e-04
1.78495 2.68964470e-04
1.79113 2.67953112e-04
1.79733 2.66946016e-04
1.80355 2.65943124e-04
1.80979 2.64944435e-04
1.81606 2.63949949e-04
1.82234 2.62959622e-04
1.82865 2.61973438e-04
1.83498 2.60991370e-04
1.84133 2.60013415e-04
1.84771 2.59039531e-04
1.85410 2.58069731e-04
1.86052 2.57103957e-04
1.86696 2.56142209e-04
1.87342 2.55184471e-04
1.87991 2.54230700e-04
1.88642 2.53280910e-04
1.89295 2.52335057e-04
1.89950 2.51393155e-04
1.90607 2.50455146e-04
1.91267 2.49521014e-04
1.91929 2.48590760e-04
1.92594 2.47664340e-04
1.93260 2.46741767e-04
1.93929 2.45822998e-04
1.94601 2.44908047e-04
1.95274 2.43996855e-04
1.95950 2.43089408e-04
1.96629 2.42185705e-04
1.97309 2.41285732e-04
1.97992 2.40389459e-04
1.98678 2.39496886e-04
1.99365 2.38607953e-04
2.00055 2.37722691e-04
2.00748 2.36841055e-04
2.01443 2.35963030e-04
2.02140 2.35088602e-04
2.02840 2.34217770e-04
2.03542 2.33350475e-04
2.04247 2.32486732e-04
2.04954 2.31626512e-04
2.05663 2.30769829e-04
2.06375 2.29916624e-04
2.07090 2.29066896e-04
2.07806 2.28220618e-04
2.08526 2.27377802e-04
2.09247 2.26538405e-04
2.09972 2.25702427e-04
2.10699 2.24869853e-04
2.11428 2.24040654e-04
2.12160 2.23214799e-04
2.12894 2.22392304e-04
2.13631 2.21573138e-04
2.14371 2.20757288e-04
2.15113 2.19944739e-04
2.15857 2.19135475e-04
2.16605 2.18329467e-04
2.17354 2.17526730e-04
2.18107 2.16727219e-04
2.18862 2.15930934e-04
2.19619 2.15137847e-04
2.20380 2.14347971e-04
2.21143 2.13561247e-04
2.21908 2.12777706e-04
2.22676 2.11997302e-04
2.23447 2.11220020e-04
2.24220 2.10445862e-04
2.24997 2.09674812e-04
2.25775 2.08906869e-04
2.26557 2.08141976e-04
2.27341 2.07380146e-04
2.28128 2.06621364e-04
2.28918 2.05865602e-04
2.29710 2.05112860e-04
2.30505 2.04363121e-04
2.31303 2.03616372e-04
2.32104 2.02872613e-04
2.32908 2.02131799e-04
2.33714 2.01393930e-04
2.34523 2.00658992e-04
2.35335 1.99926984e-04
2.36149 1.99197877e-04
2.36967 1.98471670e-04
2.37787 1.97748320e-04
2.38610 1.97027856e-04
2.39436 1.96310234e-04
2.40265 1.95595453e-04
2.41097 1.94883514e-04
2.41931 1.94174372e-04
2.42769 1.93468012e-04
2.43609 1.92764465e-04
2.44452 1.92063685e-04
2.45298 1.91365687e-04
2.46148 1.90670413e-04
2.47000 1.89977876e-04
2.47855 1.89288063e-04
2.48713 1.88600973e-04
2.49574 1.87916577e-04
2.50438 1.87234874e-04
2.51304 1.86555820e-04
2.52174 1.85879460e-04
2.53047 1.85205735e-04
2.53923 1.84534644e-04
2.54802 1.83866202e-04
2.55684 1.83200364e-04
2.56569 1.82537102e-04
2.57457 1.81876445e-04
2.58349 1.81218378e-04
2.59243 1.80562871e-04
2.60140 1.79909925e-04
2.61041 1.79259509e-04
2.61944 1.78611639e-04
2.62851 1.77966285e-04
2.63761 1.77323447e-04
2.64674 1.76683096e-04
2.65590 1.76045230e-04
2.66510 1.75409852e-04
2.67432 1.74776930e-04
2.68358 1.74146479e-04
2.69287 1.73518441e-04
2.70219 1.72892860e-04
2.71154 1.72269676e-04
2.72093 1.71648920e-04
2.73035 1.71030561e-04
2.73980 1.70414600e-04
2.74928 1.69801007e-04
2.75880 1.69189782e-04
2.76835 1.68580910e-04
2.77793 1.67974391e-04
2.78755 1.67370210e-04
2.79720 1.66768339e-04
2.80688 1.66168820e-04
2.81660 1.65571581e-04
2.82635 1.64976621e-04
2.83613 1.64383955e-04
2.84595 1.63793583e-04
2.85580 1.63205461e-04
2.86569 1.62619603e-04
2.87561 1.62035980e-04
2.88556 1.61454606e-04
2.89555 1.60875438e-04
2.90557 1.60298504e-04
2.91563 1.59723761e-04
2.92572 1.59151208e-04
2.93585 1.58580875e-04
2.94601 1.58012688e-04
2.95621 1.57446677e-04
2.96644 1.56882827e-04
2.97671 1.56321122e-04
2.98702 1.55761549e-04
2.99736 1.55204137e-04
3.00773 1.54648811e-04
3.01814 1.54095617e-04
3.02859 1.53544509e-04
3.03907 1.52995503e-04
3.04960 1.52448584e-04
3.06015 1.51903737e-04
3.07074 1.51360962e-04
3.08137 1.50820244e-04
3.09204 1.50281568e-04
3.10274 1.49744950e-04
3.11348 1.49210329e-04
3.12426 1.48677751e-04
3.13508 1.48147201e-04
3.14593 1.47618634e-04
3.15682 1.47092050e-04
3.16775 1.46567478e-04
3.17871 1.46044890e-04
3.18972 1.45524256e-04
3.20076 1.45005590e-04
3.21184 1.44488892e-04
3.22295 1.43974104e-04
3.23411 1.43461299e-04
3.24531 1.42950388e-04
3.25654 1.42441431e-04
3.26781 1.41934353e-04
3.27912 1.41429185e-04
3.29047 1.40925926e-04
3.30187 1.40424561e-04
3.31330 1.39925046e-04
3.32476 1.39427426e-04
3.33627 1.38931670e-04
3.34782 1.38437764e-04
3.35941 1.37945724e-04
3.37104 1.37455518e-04
3.38271 1.36967148e-04
3.39442 1.36480598e-04
3.40617 1.35995868e-04
3.41796 1.35512944e-04
3.42979 1.35031826e-04
3.44166 1.34552498e-04
3.45358 1.34074976e-04
3.46553 1.33599215e-04
3.47753 1.33125230e-04
3.48957 1.32653022e-04
3.50164 1.32182559e-04
3.51377 1.31713858e-04
3.52593 1.31246903e-04
3.53814 1.30781665e-04
3.55038 1.30318174e-04
3.56267 1.29856384e-04
3.57500 1.29396326e-04
3.58738 1.28937970e-04
3.59980 1.28481331e-04
3.61226 1.28026364e-04
3.62476 1.27573099e-04
3.63731 1.27121507e-04
3.64990 1.26671602e-04
3.66254 1.26223339e-04
3.67521 1.25776734e-04
3.68794 1.25331802e-04
3.70070 1.24888498e-04
3.71351 1.24446836e-04
3.72637 1.24006802e-04
3.73927 1.23568426e-04
3.75221 1.23131634e-04
3.76520 1.22696470e-04
3.77823 1.22262904e-04
3.79131 1.21830936e-04
3.80443 1.21400567e-04
3.81760 1.20971796e-04
3.83082 1.20544564e-04
3.84408 1.20118931e-04
3.85739 1.19694852e-04
3.87074 1.19272356e-04
3.88414 1.18851400e-04
3.89758 1.18431998e-04
3.91107 1.18014134e-04
3.92461 1.17597796e-04
3.93820 1.17182981e-04
3.95183 1.16769706e-04
3.96551 1.16357955e-04
3.97924 1.15947699e-04
3.99301 1.15538953e-04
4.00683 1.15131701e-04
4.02070 1.14725930e-04
4.03462 1.14321653e-04
4.04859 1.13918871e-04
4.06260 1.13517554e-04
4.07667 1.13117688e-04
4.09078 1.12719316e-04
4.10494 1.12322380e-04
4.11915 1.11926894e-04
4.13341 1.11532859e-04
4.14771 1.11140260e-04
4.16207 1.10749096e-04
4.17648 1.10359367e-04
4.19094 1.09971060e-04
4.20545 1.09584158e-04
4.22000 1.09198662e-04
4.23461 1.08814588e-04
4.24927 1.08431889e-04
4.26398 1.08050597e-04
4.27874 1.07670696e-04
4.29355 1.07292171e-04
4.30841 1.06915037e-04
4.32332 1.06539280e-04
4.33829 1.06164870e-04
4.35331 1.05791821e-04
4.36838 1.05420134e-04
4.38350 1.05049793e-04
4.39867 1.04680800e-04
4.41390 1.04313153e-04
4.42918 1.03946838e-04
4.44451 1.03581855e-04
4.45990 1.03218190e-04
4.47533 1.02855841e-04
4.49083 1.02494825e-04
4.50637 1.02135081e-04
4.52197 1.01776655e-04
4.53762 1.01419531e-04
4.55333 1.01063694e-04
4.56909 1.00709160e-04
4.58491 1.00355899e-04
4.60078 1.00003926e-04
4.61670 9.96532100e-05
4.63269 9.93037672e-05
4.64872 9.89555824e-05
4.66481 9.86086704e-05
4.68096 9.82630016e-05
4.69717 9.79185760e-05
4.71343 9.75754084e-05
4.72974 9.72334544e-05
4.74611 9.68927584e-05
4.76254 9.65532760e-05
4.77903 9.62150220e-05
4.79557 9.58779964e-05
4.81217 9.55421696e-05
4.82883 9.52075564e-05
4.84555 9.48741568e-05
4.86232 9.45419708e-05
4.87915 9.42109392e-05
4.89604 9.38811360e-05
4.91299 9.35525020e-05
4.92999 9.32250668e-05
4.94706 9.28988008e-05
4.96418 9.25737040e-05
4.98137 9.22497468e-05
4.99861 9.19270032e-05
5.01591 9.27181816e-05
5.03328 9.36168820e-05
5.05070 9.45279848e-05
5.06818 9.54506168e-05
5.08573 9.63842452e-05
5.10333 9.73301428e-05
5.12100 9.82878064e-05
5.13873 9.92581980e-05
5.15651 1.00240489e-04
5.17436 1.01235892e-04
5.19228 1.02245252e-04
5.21025 1.03267755e-04
5.22828 1.04303252e-04
5.24638 1.05352172e-04
5.26454 1.06414782e-04
5.28277 1.07491660e-04
5.30105 1.08582908e-04
5.31940 1.09689445e-04
5.33782 1.10811344e-04
5.35629 1.11949168e-04
5.37484 1.13101615e-04
5.39344 1.14270371e-04
5.41211 1.15455436e-04
5.43084 1.16657122e-04
5.44965 1.17874896e-04
5.46851 1.19109586e-04
5.48744 1.20362613e-04
5.50643 1.21633563e-04
5.52550 1.22922451e-04
5.54462 1.24229528e-04
5.56381 1.25555815e-04
5.58308 1.26902245e-04
5.60240 1.28267116e-04
5.62179 1.29652618e-04
5.64125 1.31058840e-04
5.66078 1.32485841e-04
5.68038 1.33934480e-04
5.70004 1.35403957e-04
5.71977 1.36896966e-04
5.73957 1.38413492e-04
5.75944 1.39950961e-04
5.77938 1.41513634e-04
5.79938 1.43100889e-04
5.81946 1.44712654e-04
5.83960 1.46349060e-04
5.85982 1.48011810e-04
5.88010 1.49701112e-04
5.90045 1.51417083e-04
5.92088 1.53161382e-04
5.94137 1.54933400e-04
5.96194 1.56735685e-04
5.98258 1.58567333e-04
6.00329 1.60428152e-04
6.02407 1.62321116e-04
6.04492 1.64245782e-04
6.06585 1.66202653e-04
6.08684 1.68192587e-04
6.10791 1.70217494e-04
6.12906 1.72276943e-04
6.15027 1.74372490e-04
6.17156 1.76504164e-04
6.19293 1.78673385e-04
6.21436 1.80881441e-04
6.23588 1.83129073e-04
6.25746 1.85417153e-04
6.27912 1.87745962e-04
6.30086 1.90120267e-04
6.32267 1.92536574e-04
6.34455 1.94998628e-04
6.36652 1.97506844e-04
6.38856 2.00062034e-04
6.41067 2.02665961e-04
6.43286 2.05319971e-04
6.45513 2.08025648e-04
6.47747 2.10783909e-04
6.49990 2.13596220e-04
6.52240 2.16466458e-04
6.54497 2.19393143e-04
6.56763 2.22379531e-04
6.59037 2.25426200e-04
6.61318 2.28534955e-04
6.63607 2.31708149e-04
6.65904 2.34948239e-04
6.68209 2.38258599e-04
6.70522 2.41639674e-04
6.72843 2.45092292e-04
6.75172 2.48619887e-04
6.77510 2.52225478e-04
6.79855 2.55909878e-04
6.82208 2.59677233e-04
6.84570 2.63532278e-04
6.86939 2.67474199e-04
6.89317 2.71506488e-04
6.91704 2.75631530e-04
6.94098 2.79854354e-04
6.96500 2.84180542e-04
6.98911 2.88609901e-04
7.01331 2.93145198e-04
7.03759 2.97791407e-04
7.06195 3.02554979e-04
7.08639 3.07439616e-04
7.11092 3.12447773e-04
7.13554 3.17583166e-04
7.16024 3.22850042e-04
7.18502 3.28261528e-04
7.20990 3.33815643e-04
7.23485 3.39518053e-04
7.25990 3.45373081e-04
7.28503 3.51396489e-04
7.31025 3.57586589e-04
7.33555 3.63948976e-04
7.36094 3.70493728e-04
7.38642 3.77235246e-04
7.41199 3.84172598e-04
7.43765 3.91313362e-04
7.46340 3.98674097e-04
7.48923 4.06263922e-04
7.51516 4.14085130e-04
7.54117 4.22151071e-04
7.56727 4.30485410e-04
7.59347 4.39085690e-04
7.61975 4.47963218e-04
7.64613 4.57152538e-04
7.67260 4.66649550e-04
7.69916 4.76467426e-04
7.72581 4.86644217e-04
7.75255 4.97180322e-04
7.77939 5.08088943e-04
7.80632 5.19420252e-04
7.83334 5.31168833e-04
7.86046 5.43357950e-04
7.88767 5.56044436e-04
7.91497 5.69221261e-04
7.94237 5.82930264e-04
7.96986 5.97219427e-04
7.99745 6.12092983e-04
8.02513 6.27621646e-04
8.05291 6.43829215e-04
8.08079 6.60746548e-04
8.10876 6.78471072e-04
8.13683 6.96999828e-04
8.16500 7.16432850e-04
8.19326 7.36819199e-04
8.22162 7.58213058e-04
8.25008 7.80747360e-04
8.27864 8.04433132e-04
8.30730 8.29453716e-04
8.33605 8.55841968e-04
8.36491 8.83765128e-04
8.39386 9.13345888e-04
8.42292 9.44719076e-04
8.45208 9.78114092e-04
8.48133 1.01363365e-03
8.51069 1.05164478e-03
8.54016 1.09222150e-03
8.56972 1.13590148e-03
8.59938 1.18276760e-03
8.62915 1.23352110e-03
8.65902 1.28834163e-03
8.68899 1.34814517e-03
8.71907 1.41326369e-03
8.74925 1.48498716e-03
8.77954 1.56385917e-03
8.80993 1.65184384e-03
8.84043 1.74986986e-03
8.87103 1.86104850e-03
8.90174 1.98728288e-03
8.93255 2.13355483e-03
8.96347 2.30437480e-03
8.99450 2.50849403e-03
9.02563 2.75735736e-03
9.05688 3.06899593e-03
9.08823 3.47649884e-03
9.11969 4.02729682e-03
9.15126 4.84208640e-03
9.18294 6.12807675e-03
9.21472 8.49361610e-03
9.24662 1.38711736e-02
9.27863 2.97573708e-02
9.31075 6.62045049e-02
9.34298 7.24810078e-02
9.37532 5.71247329e-02
9.40777 3.82584246e-02
9.44034 2.18416769e-02
9.47302 1.36684327e-02
9.50581 1.13684235e-02
9.53871 1.12041574e-02
9.57173 1.22270828e-02
9.60487 1.44394819e-02
9.63811 1.85323019e-02
9.67148 2.66845462e-02
9.70495 4.68910490e-02
9.73855 9.95763360e-02
9.77226 1.44430226e-01
9.80609 1.66812956e-01
9.84003 1.81650017e-01
9.87409 1.93623843e-01
9.90827 2.04490699e-01
9.94257 2.14959184e-01
9.97699 2.25601148e-01
10.01153 2.38333074e-01
10.04618 2.61964983e-01
10.08096 3.21732301e-01
10.11585 3.33911295e-01
10.15087 3.18424028e-01
10.18601 2.37664009e-01
10.22127 1.32539312e-01
10.25665 7.50411578e-02
10.29215 5.11492499e-02
10.32778 4.83521861e-02
10.36353 7.35177006e-02
10.39941 1.73902694e-01
10.43540 1.34357248e-01
10.47153 7.95964912e-02
10.50777 5.24761794e-02
10.54415 3.49744054e-02
10.58065 3.10887113e-02
10.61727 3.96356299e-02
10.65403 7.11307225e-02
10.69091 1.23149484e-01
10.72791 1.49804039e-01
10.76505 1.66634403e-01
10.80231 1.81349357e-01
10.83971 1.98041076e-01
10.87723 2.52996347e-01
10.91488 3.15623465e-01
10.95266 3.49650682e-01
10.99058 3.67360044e-01
11.02862 3.78238906e-01
11.06680 3.99882189e-01
11.10511 4.16019900e-01
11.14355 4.14940941e-01
11.18212 4.12567714e-01
11.22083 4.16745301e-01
11.25967 4.23871488e-01
11.29865 4.28103366e-01
11.33776 3.96419712e-01
11.37701 3.00334368e-01
11.41639 1.81697887e-01
11.45591 6.47330413e-02
11.49556 3.57470724e-02
11.53536 2.39670049e-02
11.57529 1.85405804e-02
11.61536 1.56395378e-02
11.65556 1.43124876e-02
11.69591 1.44085394e-02
11.73640 1.64238193e-02
11.77702 2.20190138e-02
11.81779 3.52161545e-02
11.85870 5.83315094e-02
11.89975 6.91401625e-02
11.94094 5.03409864e-02
11.98227 3.02846658e-02
12.02375 1.93104786e-02
12.06537 1.35704250e-02
12.10714 1.02984202e-02
12.14905 8.25882254e-03
12.19110 6.89132504e-03
12.23330 5.92064321e-03
12.27565 5.20021828e-03
12.31814 4.64639873e-03
12.36078 4.20890792e-03
12.40357 3.85572486e-03
12.44651 3.56466377e-03
12.48959 3.32121487e-03
12.53283 3.11509394e-03
12.57621 2.93881247e-03
12.61974 2.78679456e-03
12.66343 2.65514472e-03
12.70726 2.54020200e-03
12.75125 2.43939446e-03
12.79539 2.35069969e-03
12.83968 2.27248687e-03
12.88413 2.20364556e-03
12.92873 2.14285781e-03
12.97348 2.08921299e-03
13.01839 2.04196740e-03
13.06345 2.00062656e-03
13.10867 1.96458397e-03
13.15405 1.93334072e-03
13.19959 1.90652816e-03
13.24528 1.88398539e-03
13.29113 1.86530364e-03
13.33713 1.85025397e-03
13.38330 1.83873986e-03
13.42963 1.83060134e-03
13.47612 1.82565060e-03
13.52277 1.82386364e-03
13.56958 1.82520290e-03
13.61655 1.82954300e-03
13.66368 1.83695010e-03
13.71098 1.84742998e-03
13.75844 1.86094194e-03
13.80607 1.87767260e-03
13.85386 1.89761204e-03
13.90182 1.92087483e-03
13.94994 1.94769968e-03
13.99823 1.97812360e-03
14.04668 2.01250622e-03
14.09531 2.05098948e-03
14.14410 2.09392531e-03
14.19306 2.14168846e-03
14.24219 2.19463028e-03
14.29149 2.25338273e-03
14.34096 2.31835917e-03
14.39060 2.39050133e-03
14.44042 2.47037708e-03
14.49041 2.55932833e-03
14.54057 2.65822963e-03
14.59090 2.76898424e-03
14.64141 2.89304584e-03
14.69209 3.03316217e-03
14.74295 3.19188670e-03
14.79398 3.37335497e-03
14.84519 3.58229767e-03
14.89658 3.82536740e-03
14.94814 4.11190709e-03
14.99989 4.45369592e-03
15.05181 4.87082548e-03
15.10392 5.38870723e-03
15.15620 6.05080181e-03
15.20866 6.92614529e-03
15.26131 8.12471145e-03
15.31414 9.84721167e-03
15.36715 1.23949300e-02
15.42034 1.60982988e-02
15.47372 2.07046995e-02
15.52729 2.42919355e-02
15.58103 2.49447618e-02
15.63497 2.33703945e-02
15.68909 2.16193359e-02
15.74340 2.11284260e-02
15.79790 2.24265004e-02
15.85258 2.57419036e-02
15.90746 3.14953866e-02
15.96252 4.02352359e-02
16.01778 5.17883089e-02
16.07323 6.42490006e-02
16.12886 7.51768313e-02
16.18470 8.34870396e-02
16.24072 8.90516161e-02
16.29694 9.17307089e-02
16.35335 9.10428579e-02
16.40996 8.61707513e-02
16.46677 7.65352409e-02
16.52377 6.32245824e-02
16.58097 4.95213580e-02
16.63836 3.83522227e-02
16.69596 3.03583180e-02
16.75375 2.48918802e-02
16.81175 2.11903233e-02
16.86994 1.86981735e-02
16.92834 1.70615436e-02
16.98694 1.60697216e-02
17.04574 1.56117045e-02
17.10474 1.56554563e-02
17.16395 1.62498864e-02
17.22337 1.75561700e-02
17.28299 1.99288808e-02
17.34281 2.40697225e-02
17.40285 3.10657787e-02
17.46309 4.09650680e-02
17.52354 4.98954043e-02
17.58420 5.36206205e-02
17.64507 5.14317790e-02
17.70615 4.55207167e-02
17.76744 3.90226139e-02
17.82894 3.42200953e-02
17.89066 3.19142346e-02
17.95259 3.19441084e-02
18.01473 3.40468761e-02
18.07709 3.82678050e-02
18.13967 4.50322412e-02
18.20246 5.50222530e-02
18.26547 6.86087892e-02
18.32870 8.51195064e-02
18.39214 1.03442321e-01
18.45581 1.23042656e-01
18.51969 1.42246530e-01
18.58380 1.58481434e-01
18.64813 1.71275190e-01
18.71268 1.81349906e-01
18.77746 1.89290194e-01
18.84246 1.95289138e-01
18.90768 1.99276184e-01
18.97313 2.01473362e-01
19.03881 2.02698062e-01
19.10472 2.03869763e-01
19.17085 2.05374331e-01
19.23721 2.07013564e-01
19.30380 2.08521936e-01
19.37062 2.09626726e-01
19.43768 2.10091284e-01
19.50496 2.09823226e-01
19.57248 2.08617840e-01
19.64023 2.05078612e-01
19.70822 1.92347549e-01
19.77644 1.64023279e-01
19.84490 1.30457205e-01
19.91359 1.02445229e-01
19.98252 8.16000472e-02
20.05169 6.68257858e-02
20.12110 5.65333419e-02
20.19076 4.95866289e-02
20.26065 4.51036867e-02
20.33078 4.27391248e-02
20.40116 4.23570095e-02
20.47178 4.41871434e-02
20.54264 4.80592452e-02
20.61375 5.31132706e-02
20.68511 5.92907062e-02
20.75671 6.72534304e-02
20.82856 7.44906836e-02
20.90066 7.72053189e-02
20.97301 7.52795103e-02
21.04561 7.41287171e-02
21.11846 7.75600231e-02
21.19157 8.38683336e-02
21.26492 9.05112796e-02
21.33853 9.66637787e-02
21.41240 1.01744357e-01
21.48652 1.04929327e-01
21.56090 1.06394866e-01
21.63553 1.06896586e-01
21.71043 1.06559248e-01
21.78558 1.05231601e-01
21.86099 1.03746906e-01
21.93666 1.04462751e-01
22.01260 1.07988244e-01
22.08880 1.12455106e-01
22.16526 1.18661042e-01
22.24199 1.28642769e-01
22.31898 1.42961577e-01
22.39624 1.58665013e-01
22.47377 1.72211586e-01
22.55156 1.84245511e-01
22.62962 1.94042504e-01
22.70796 2.04445365e-01
22.78656 2.13786696e-01
22.86544 2.28529124e-01
22.94459 2.42347839e-01
23.02402 2.56246534e-01
23.10372 2.68513455e-01
23.18369 2.73242351e-01
23.26394 2.82562251e-01
23.34447 2.84753006e-01
23.42528 2.85323280e-01
23.50637 2.88581530e-01
23.58774 2.80695098e-01
23.66939 2.72818849e-01
23.75133 2.54685223e-01
23.83354 2.22730587e-01
23.91604 1.91513391e-01
23.99883 1.61807719e-01
24.08191 1.44590169e-01
24.16527 1.32231488e-01
24.24892 1.23153508e-01
24.33286 1.13041068e-01
24.41709 9.86869476e-02
24.50161 8.54848858e-02
24.58642 8.23651820e-02
24.67153 8.58631043e-02
24.75693 8.94393334e-02
24.84263 9.09201725e-02
24.92863 8.96918717e-02
25.01492 8.48195474e-02
25.10151 7.45294952e-02
25.18840 5.85170288e-02
25.27559 4.29790875e-02
25.36309 3.29681633e-02
25.45088 2.76284550e-02
25.53898 2.53362932e-02
25.62739 2.55198413e-02
25.71610 2.84439113e-02
25.80512 3.50451198e-02
25.89444 4.48273515e-02
25.98408 5.26419306e-02
26.07403 5.28016610e-02
26.16428 4.47213243e-02
26.25485 3.40922939e-02
26.34574 2.67122421e-02
26.43694 2.29972143e-02
26.52845 2.19543828e-02
26.62028 2.30252653e-02
26.71243 2.58854750e-02
26.80489 3.06594660e-02
26.89768 3.86641160e-02
26.99079 4.89867362e-02
27.08422 5.83396199e-02
27.17798 6.54050991e-02
27.27205 7.05633146e-02
27.36646 7.43404937e-02
27.46119 7.70766819e-02
27.55625 7.89616401e-02
27.65164 8.00814029e-02
27.74736 8.04525611e-02
27.84341 7.99583262e-02
27.93979 7.83055278e-02
28.03650 7.49949262e-02
28.13355 6.90647332e-02
28.23094 5.92812035e-02
28.32867 4.59903319e-02
28.42673 3.32186857e-02
28.52513 2.41476474e-02
28.62387 1.83732353e-02
28.72295 1.46350118e-02
28.82238 1.20979153e-02
28.92215 1.03129203e-02
29.02227 9.01624850e-03
29.12273 8.04703854e-03
29.22354 7.30619730e-03
29.32470 6.73088608e-03
29.42621 6.27996619e-03
29.52807 5.92575528e-03
29.63029 5.64930874e-03
29.73286 5.43761738e-03
29.83578 5.28190747e-03
29.93906 5.17667548e-03
30.04269 5.11939163e-03
30.14669 5.10986339e-03
30.25104 5.15094878e-03
30.35576 5.24961091e-03
30.46084 5.41917303e-03
30.56628 5.68470412e-03
30.67209 6.09263904e-03
30.77826 6.74070884e-03
30.88481 7.86265392e-03
30.99172 1.00836766e-02
31.09900 1.50307142e-02
31.20665 2.18575191e-02
31.31467 1.86201494e-02
31.42307 1.38746492e-02
31.53184 1.30551806e-02
31.64099 1.46752996e-02
31.75052 1.76098644e-02
31.86043 1.96448069e-02
31.97072 2.29905050e-02
32.08139 3.08344061e-02
32.19244 4.40301983e-02
32.30388 5.80586156e-02
32.41570 7.00810381e-02
32.52791 8.17062919e-02
32.64051 9.28591797e-02
32.75349 1.01087506e-01
32.86687 1.07236381e-01
32.98064 1.14988594e-01
33.09481 1.23671451e-01
33.20937 1.31152709e-01
33.32433 1.37723539e-01
33.43968 1.44801602e-01
33.55544 1.52930161e-01
33.67159 1.56940650e-01
33.78815 1.47429223e-01
33.90511 1.18908513e-01
34.02247 8.18980022e-02
34.14024 5.38224348e-02
34.25842 3.63291885e-02
34.37701 2.58955748e-02
34.49601 1.94359905e-02
34.61542 1.52322251e-02
34.73525 1.23427057e-02
34.85549 1.02826434e-02
34.97614 8.77711070e-03
35.09721 7.65800677e-03
35.21871 6.82496036e-03
35.34062 6.22308668e-03
35.46295 5.83491154e-03
35.58571 5.68769284e-03
35.70889 5.89329503e-03
35.83250 6.77179284e-03
35.95654 9.14533588e-03
36.08101 1.33894016e-02
36.20590 1.48114434e-02
36.33123 1.31771992e-02
36.45700 9.20448112e-03
36.58320 5.80331236e-03
36.70983 4.13039732e-03
36.83691 3.26500876e-03
36.96442 2.75338105e-03
37.09238 2.41466085e-03
37.22077 2.17072666e-03
37.34962 1.98421306e-03
37.47890 1.83481372e-03
37.60864 1.71121833e-03
37.73883 1.60624696e-03
37.86946 1.51542128e-03
38.00055 1.43557306e-03
38.13209 1.36457391e-03
38.26409 1.30078887e-03
38.39654 1.24303898e-03
38.52946 1.19040307e-03
38.66283 1.14214649e-03
38.79667 1.09769868e-03
38.93096 1.05658369e-03
39.06573 1.01840694e-03
39.20096 9.82842988e-04
39.33665 9.49619948e-04
39.47282 9.18498656e-04
39.60946 8.89276056e-04
39.74657 8.61775732e-04
39.88416 8.35845096e-04
40.02222 8.11349468e-04
40.16076 7.88169264e-04
40.29978 7.66199996e-04
40.43928 7.45347092e-04
40.57926 7.25526192e-04
40.71973 7.06661816e-04
40.86069 6.88686476e-04
41.00213 6.71538604e-04
41.14406 6.55161960e-04
41.28648 6.39506742e-04
41.42940 6.24526360e-04
41.57281 6.10179402e-04
41.71672 5.96427094e-04
41.86113 5.83234730e-04
42.00603 5.70570503e-04
42.15144 5.58404414e-04
42.29735 5.46709218e-04
42.44377 5.35460448e-04
42.59069 5.24635195e-04
42.73812 5.14211866e-04
42.88606 5.04171694e-04
43.03451 4.94496312e-04
43.18348 4.85169722e-04
43.33297 4.76176991e-04
43.48297 4.67504280e-04
43.63349 4.59139482e-04
43.78453 4.51070833e-04
43.93609 4.43288830e-04
44.08818 4.35784727e-04
44.24079 4.28550088e-04
44.39394 4.21579672e-04
44.54761 4.14867458e-04
44.70182 4.08409626e-04
44.85655 4.02204252e-04
45.01183 3.96250183e-04
45.16764 3.90548779e-04
45.32399 3.85102719e-04
45.48089 3.79917968e-04
45.63832 3.75003155e-04
45.79630 3.70370074e-04
45.95483 3.66035287e-04
46.11391 3.62020343e-04
46.27353 3.58354265e-04
46.43371 3.55074644e-04
46.59445 3.52230350e-04
46.75574 3.49886341e-04
46.91759 3.48128012e-04
47.08000 3.47069235e-04
47.24297 3.46865794e-04
47.40650 3.47728013e-04
47.57060 3.49950425e-04
47.73527 3.53952967e-04
47.90051 3.60348550e-04
48.06633 3.70068258e-04
48.23271 3.84536353e-04
48.39967 4.06062435e-04
48.56721 4.38597319e-04
48.73533 4.89116705e-04
48.90403 5.70992451e-04
49.07332 7.11528396e-04
49.24319 9.69763192e-04
49.41365 1.46896734e-03
49.58470 2.32273217e-03
49.75634 2.84647963e-03
49.92858 2.13011747e-03
50.10141 1.32671002e-03
50.27484 8.80304962e-04
50.44887 6.45728736e-04
50.62350 5.13706268e-04
50.79874 4.33308909e-04
50.97458 3.80852056e-04
51.15104 3.44578203e-04
51.32810 3.18264217e-04
51.50578 2.98391636e-04
51.68407 2.82861611e-04
51.86298 2.70364831e-04
52.04250 2.60051999e-04
52.22265 2.51353624e-04
52.40343 2.43876724e-04
52.58482 2.37343352e-04
52.76685 2.31552231e-04
52.94951 2.26354989e-04
53.13280 2.21640242e-04
53.31672 2.17322919e-04
53.50128 2.13337664e-04
53.68648 2.09632972e-04
53.87232 2.06167744e-04
54.05880 2.02909199e-04
54.24593 1.99831332e-04
54.43371 1.96912061e-04
54.62214 1.94133953e-04
54.81122 1.91482148e-04
55.00095 1.88944304e-04
55.19134 1.86510355e-04
55.38239 1.84171200e-04
55.57410 1.81919868e-04
55.76647 1.79749804e-04
55.95951 1.77655737e-04
56.15322 1.75633213e-04
56.34760 1.73678192e-04
56.54265 1.71787359e-04
56.73838 1.69957828e-04
56.93479 1.68187304e-04
57.13187 1.66473804e-04
57.32964 1.64815420e-04
57.52809 1.63211026e-04
57.72723 1.61659512e-04
57.92705 1.60160065e-04
58.12757 1.58712136e-04
58.32879 1.57315520e-04
58.53070 1.55970244e-04
58.73331 1.54676487e-04
58.93662 1.53434723e-04
59.14063 1.52245735e-04
59.34535 1.51110664e-04
59.55078 1.50030841e-04
59.75692 1.49007850e-04
59.96377 1.48043867e-04
60.17134 1.47141274e-04
60.37963 1.46302899e-04
60.58864 1.45532218e-04
60.79837 1.44833200e-04
61.00883 1.44210327e-04
61.22002 1.43668884e-04
61.43194 1.43215352e-04
61.64459 1.42856512e-04
61.85797 1.42600960e-04
62.07210 1.42458362e-04
62.28697 1.42439995e-04
62.50258 1.42559076e-04
62.71894 1.42831322e-04
62.93605 1.43275011e-04
63.15390 1.43911914e-04
63.37252 1.44767813e-04
63.59189 1.45873669e-04
63.81201 1.47266630e-04
64.03290 1.48991911e-04
64.25456 1.51104315e-04
64.47698 1.53671360e-04
64.70017 1.56776977e-04
64.92414 1.60526468e-04
65.14888 1.65051657e-04
65.37440 1.70521604e-04
65.60070 1.77155201e-04
65.82778 1.85241403e-04
66.05565 1.95160126e-04
66.28430 2.07430258e-04
66.51375 2.22765841e-04
66.74400 2.42172178e-04
66.97504 2.67102911e-04
67.20688 2.99712092e-04
67.43952 3.43290943e-04
67.67297 4.03086510e-04
67.90722 4.87729974e-04
68.14229 6.12184906e-04
68.37817 8.03705727e-04
68.61486 1.11419436e-03
68.85238 1.64357981e-03
69.09072 2.55762311e-03
69.32988 3.90302985e-03
69.56987 4.79427003e-03
69.81069 4.03440101e-03
70.05235 2.66177734e-03
70.29484 1.69773516e-03
70.53817 1.13792440e-03
70.78235 8.10870688e-04
71.02737 6.09872450e-04
71.27323 4.79490237e-04
71.51995 3.90779304e-04
71.76752 3.27942810e-04
72.01595 2.81874184e-04
72.26524 2.47116207e-04
72.51539 2.20236195e-04
72.76641 1.99003020e-04
73.01830 1.81916213e-04
73.27106 1.67942512e-04
73.52469 1.56346934e-04
73.77920 1.46600527e-04
74.03460 1.38313711e-04
74.29087 1.31192854e-04
74.54804 1.25015304e-04
74.80609 1.19609190e-04
75.06504 1.14840186e-04
75.32488 1.10602013e-04
75.58563 1.06809794e-04
75.84727 1.03395138e-04
76.10982 1.00302397e-04
76.37328 9.74857500e-05
76.63766 9.49075900e-05
76.90295 9.25365264e-05
77.16915 9.03462152e-05
77.43628 8.83144268e-05
77.70433 8.64224688e-05
77.97331 8.46542980e-05
78.24322 8.29961504e-05
78.51407 8.14363044e-05
78.78585 7.99646072e-05
79.05857 7.85720012e-05
79.33224 7.72510420e-05
79.60686 7.59947588e-05
79.88242 7.47973796e-05
80.15894 7.36535320e-05
80.43642 7.25588204e-05
80.71486 7.15089528e-05
80.99426 7.05003772e-05
81.27463 6.95298228e-05
81.55596 6.85944776e-05
81.83828 6.76915740e-05
82.12157 6.68188920e-05
82.40584 6.59743152e-05
82.69109 6.51559048e-05
82.97733 6.43619884e-05
83.26457 6.35909232e-05
83.55279 6.28413328e-05
83.84202 6.21119148e-05
84.13225 6.14014704e-05
84.42348 6.07089784e-05
84.71572 6.00333436e-05
85.00897 5.93737224e-05
85.30323 5.87293304e-05
85.59852 5.80992174e-05
85.89482 5.74828359e-05
86.19215 5.68794592e-05
86.49052 5.62884833e-05
86.78991 5.57093608e-05
87.09034 5.51415366e-05
87.39181 5.45845416e-05
87.69432 5.40379095e-05
87.99789 5.35012171e-05
88.30250 5.29740648e-05
88.60816 5.24561106e-05
88.91489 5.19469536e-05
89.22267 5.14463614e-05
89.53153 5.09538884e-05
89.84145 5.04693646e-05
90.15244 4.99924745e-05
90.46451 4.95229460e-05
90.77766 4.90605984e-05
91.09190 4.86051151e-05
91.40722 4.81563673e-05
91.72363 4.77141240e-05
92.04114 4.72781353e-05
92.35975 4.68483388e-05
92.67946 4.64244387e-05
93.00028 4.60063506e-05
93.32221 4.55938538e-05
93.64525 4.51868568e-05
93.96941 4.47851996e-05
94.29469 4.43887342e-05
94.62110 4.39973334e-05
94.94864 4.36109114e-05
95.27731 4.32292667e-05
95.60712 4.28524247e-05
95.93807 4.24801381e-05
96.27017 4.21123477e-05
96.60342 4.17489544e-05
96.93782 4.13898739e-05
97.27338 4.10350172e-05
97.61010 4.06843120e-05
97.94798 4.03376383e-05
98.28704 3.99949206e-05
98.62727 3.96560731e-05
98.96867 3.93210544e-05
99.31126 3.89897860e-05
99.65504 3.86621540e-05
100.00000 3.83381228e-05
