        2000  3.000000 3.330000
0.10000 8.60231752e-01
0.10035 8.58757494e-01
0.10069 8.57075578e-01
0.10104 8.55450005e-01
0.10139 8.53736742e-01
0.10174 8.51922647e-01
0.10210 8.50218131e-01
0.10245 8.48456783e-01
0.10280 8.46525205e-01
0.10316 8.44635186e-01
0.10352 8.42697037e-01
0.10387 8.40566414e-01
0.10423 8.38609840e-01
0.10459 8.36644784e-01
0.10496 8.34788998e-01
0.10532 8.32995637e-01
0.10568 8.31119293e-01
0.10605 8.29395463e-01
0.10642 8.27619241e-01
0.10679 8.26069770e-01
0.10716 8.24504315e-01
0.10753 8.22939881e-01
0.10790 8.21524720e-01
0.10827 8.20126253e-01
0.10865 8.18921192e-01
0.10902 8.17610371e-01
0.10940 8.16290759e-01
0.10978 8.15068205e-01
0.11016 8.13864299e-01
0.11054 8.12774501e-01
0.11092 8.11617348e-01
0.11131 8.10186158e-01
0.11169 8.08672607e-01
0.11208 8.07411736e-01
0.11247 8.06146380e-01
0.11286 8.04774553e-01
0.11325 8.03357039e-01
0.11364 8.01969361e-01
0.11403 8.00417226e-01
0.11443 7.98850572e-01
0.11482 7.97349408e-01
0.11522 7.95795275e-01
0.11562 7.94227067e-01
0.11602 7.92667162e-01
0.11642 7.90992349e-01
0.11682 7.89136030e-01
0.11723 7.87663548e-01
0.11763 7.85902822e-01
0.11804 7.84163452e-01
0.11845 7.82270990e-01
0.11886 7.80612517e-01
0.11927 7.78624196e-01
0.11968 7.76686669e-01
0.12010 7.75242248e-01
0.12051 7.73422292e-01
0.12093 7.71344195e-01
0.12135 7.69696511e-01
0.12177 7.68034885e-01
0.12219 7.66294139e-01
0.12262 7.64664304e-01
0.12304 7.63078691e-01
0.12347 7.61638266e-01
0.12389 7.60190071e-01
0.12432 7.58960724e-01
0.12475 7.57706024e-01
0.12518 7.56419845e-01
0.12562 7.55060228e-01
0.12605 7.53925187e-01
0.12649 7.52899902e-01
0.12693 7.51647289e-01
0.12737 7.50227732e-01
0.12781 7.49043762e-01
0.12825 7.48002360e-01
0.12869 7.46542177e-01
0.12914 7.45041635e-01
0.12959 7.43742446e-01
0.13003 7.42314498e-01
0.13048 7.40712146e-01
0.13094 7.39301336e-01
0.13139 7.37662488e-01
0.13184 7.36120298e-01
0.13230 7.34458806e-01
0.13276 7.32854057e-01
0.13322 7.31504830e-01
0.13368 7.29875039e-01
0.13414 7.28270112e-01
0.13461 7.26475286e-01
0.13507 7.25086854e-01
0.13554 7.23483348e-01
0.13601 7.21720135e-01
0.13648 7.20065702e-01
0.13695 7.18578524e-01
0.13743 7.16944249e-01
0.13790 7.15116967e-01
0.13838 7.13668151e-01
0.13886 7.12057274e-01
0.13934 7.10333045e-01
0.13982 7.08999491e-01
0.14031 7.07628552e-01
0.14079 7.05940508e-01
0.14128 7.04428733e-01
0.14177 7.03219854e-01
0.14226 7.01788531e-01
0.14275 7.00373858e-01
0.14324 6.99350350e-01
0.14374 6.97749286e-01
0.14424 6.96618817e-01
0.14474 6.95451763e-01
0.14524 6.93945138e-01
0.14574 6.92806944e-01
0.14625 6.91342943e-01
0.14675 6.89725184e-01
0.14726 6.88416095e-01
0.14777 6.86978467e-01
0.14828 6.85688869e-01
0.14879 6.84016810e-01
0.14931 6.82669092e-01
0.14983 6.81042454e-01
0.15034 6.79790240e-01
0.15087 6.78500776e-01
0.15139 6.76608980e-01
0.15191 6.75425454e-01
0.15244 6.74021482e-01
0.15297 6.72468680e-01
0.15349 6.71642352e-01
0.15403 6.69952177e-01
0.15456 6.68678830e-01
0.15509 6.67291907e-01
0.15563 6.65916350e-01
0.15617 6.64358354e-01
0.15671 6.62962507e-01
0.15725 6.61591524e-01
0.15780 6.60118199e-01
0.15834 6.58532098e-01
0.15889 6.57087055e-01
0.15944 6.56019857e-01
0.15999 6.54229915e-01
0.16055 6.53081554e-01
0.16110 6.51379302e-01
0.16166 6.50381412e-01
0.16222 6.48843263e-01
0.16278 6.47629988e-01
0.16335 6.45913884e-01
0.16391 6.44976689e-01
0.16448 6.43430503e-01
0.16505 6.42040694e-01
0.16562 6.40770943e-01
0.16619 6.39385042e-01
0.16677 6.37923305e-01
0.16734 6.36332719e-01
0.16792 6.35150525e-01
0.16851 6.33533699e-01
0.16909 6.32084527e-01
0.16967 6.30791777e-01
0.17026 6.29329285e-01
0.17085 6.28085020e-01
0.17144 6.26258004e-01
0.17204 6.25398553e-01
0.17263 6.23861203e-01
0.17323 6.22691041e-01
0.17383 6.20993318e-01
0.17443 6.20116418e-01
0.17503 6.18429263e-01
0.17564 6.17656525e-01
0.17625 6.15559025e-01
0.17686 6.14878373e-01
0.17747 6.13140424e-01
0.17808 6.11956631e-01
0.17870 6.10461727e-01
0.17932 6.09366512e-01
0.17994 6.07438531e-01
0.18056 6.06682754e-01
0.18119 6.05110728e-01
0.18182 6.03900384e-01
0.18244 6.02611541e-01
0.18308 6.01360082e-01
0.18371 6.00108802e-01
0.18435 5.98724498e-01
0.18498 5.97506518e-01
0.18562 5.96178558e-01
0.18627 5.94910228e-01
0.18691 5.93766839e-01
0.18756 5.91963666e-01
0.18821 5.91063856e-01
0.18886 5.89413552e-01
0.18951 5.88489011e-01
0.19017 5.86619682e-01
0.19083 5.85600835e-01
0.19149 5.83887439e-01
0.19215 5.82948557e-01
0.19282 5.81279783e-01
0.19348 5.80324694e-01
0.19415 5.78806792e-01
0.19483 5.77362060e-01
0.19550 5.76493019e-01
0.19618 5.74904120e-01
0.19686 5.73918440e-01
0.19754 5.72396009e-01
0.19822 5.71224737e-01
0.19891 5.69494824e-01
0.19960 5.68735362e-01
0.20029 5.67073736e-01
0.20098 5.65869475e-01
0.20168 5.64807028e-01
0.20237 5.63458733e-01
0.20307 5.62402279e-01
0.20378 5.60843972e-01
0.20448 5.59958370e-01
0.20519 5.58792692e-01
0.20590 5.57277010e-01
0.20661 5.56704205e-01
0.20733 5.54917993e-01
0.20805 5.54060230e-01
0.20877 5.52747988e-01
0.20949 5.51522015e-01
0.21021 5.50431551e-01
0.21094 5.49095244e-01
0.21167 5.47820564e-01
0.21240 5.47028024e-01
0.21314 5.45252646e-01
0.21388 5.44624164e-01
0.21462 5.43004985e-01
0.21536 5.42317628e-01
0.21611 5.40539808e-01
0.21685 5.39717076e-01
0.21760 5.38736724e-01
0.21836 5.36764920e-01
0.21911 5.36474322e-01
0.21987 5.34225995e-01
0.22063 5.33978864e-01
0.22140 5.32183062e-01
0.22216 5.31122080e-01
0.22293 5.29819606e-01
0.22370 5.28637766e-01
0.22448 5.27337823e-01
0.22526 5.26224538e-01
0.22604 5.24737892e-01
0.22682 5.24214550e-01
0.22760 5.22420656e-01
0.22839 5.21258176e-01
0.22918 5.20311878e-01
0.22998 5.19145757e-01
0.23077 5.17527288e-01
0.23157 5.17144960e-01
0.23237 5.15392891e-01
0.23318 5.14327558e-01
0.23398 5.13577331e-01
0.23479 5.11826106e-01
0.23561 5.10810412e-01
0.23642 5.10108226e-01
0.23724 5.08390256e-01
0.23806 5.07839608e-01
0.23889 5.06470844e-01
0.23971 5.05146659e-01
0.24054 5.04257016e-01
0.24137 5.03117224e-01
0.24221 5.01913717e-01
0.24305 5.00734009e-01
0.24389 5.00023787e-01
0.24473 4.98327130e-01
0.24558 4.97643059e-01
0.24643 4.96393954e-01
0.24728 4.94984476e-01
0.24814 4.93930997e-01
0.24900 4.93206122e-01
0.24986 4.91029856e-01
0.25073 4.91483713e-01
0.25159 4.88825707e-01
0.25246 4.88110912e-01
0.25334 4.87693019e-01
0.25422 4.85449709e-01
0.25510 4.85660964e-01
0.25598 4.83247291e-01
0.25687 4.82709696e-01
0.25775 4.81940377e-01
0.25865 4.79592949e-01
0.25954 4.79649959e-01
0.26044 4.78209001e-01
0.26134 4.76579876e-01
0.26225 4.75703021e-01
0.26315 4.75014332e-01
0.26406 4.73245525e-01
0.26498 4.72431274e-01
0.26590 4.71556949e-01
0.26682 4.69882447e-01
0.26774 4.69404792e-01
0.26867 4.68287200e-01
0.26960 4.66461427e-01
0.27053 4.66221712e-01
0.27147 4.64532691e-01
0.27241 4.64022757e-01
0.27335 4.62001447e-01
0.27430 4.62121016e-01
0.27525 4.60458148e-01
0.27620 4.58547083e-01
0.27715 4.58671536e-01
0.27811 4.57244076e-01
0.27908 4.55829270e-01
0.28004 4.54882351e-01
0.28101 4.54542025e-01
0.28198 4.52434002e-01
0.28296 4.51994042e-01
0.28394 4.50849766e-01
0.28492 4.49751798e-01
0.28591 4.48217822e-01
0.28690 4.48418422e-01
0.28789 4.45709222e-01
0.28889 4.46151269e-01
0.28989 4.43997158e-01
0.29089 4.43952892e-01
0.29190 4.42074994e-01
0.29291 4.41087715e-01
0.29392 4.40688870e-01
0.29494 4.38990526e-01
0.29596 4.37533584e-01
0.29699 4.37580737e-01
0.29801 4.35868984e-01
0.29905 4.35041989e-01
0.30008 4.33664524e-01
0.30112 4.33440970e-01
0.30216 4.32153725e-01
0.30321 4.30076382e-01
0.30426 4.30218018e-01
0.30531 4.29275140e-01
0.30637 4.26908353e-01
0.30743 4.27795376e-01
0.30849 4.25178840e-01
0.30956 4.24923140e-01
0.31063 4.23855187e-01
0.31171 4.23380640e-01
0.31279 4.21368876e-01
0.31387 4.21116640e-01
0.31496 4.19647310e-01
0.31605 4.19250641e-01
0.31714 4.17551852e-01
0.31824 4.16958136e-01
0.31934 4.16709984e-01
0.32044 4.14235661e-01
0.32155 4.14481548e-01
0.32267 4.13415238e-01
0.32378 4.12237483e-01
0.32490 4.10551171e-01
0.32603 4.10691475e-01
0.32716 4.10072806e-01
0.32829 4.07266992e-01
0.32943 4.07412047e-01
0.33057 4.07494142e-01
0.33171 4.04280204e-01
0.33286 4.05712548e-01
0.33401 4.03089485e-01
0.33517 4.01933886e-01
0.33633 4.02741744e-01
0.33749 4.00323631e-01
0.33866 3.99691553e-01
0.33983 3.99028972e-01
0.34101 3.98431392e-01
0.34219 3.96434413e-01
0.34337 3.95561820e-01
0.34456 3.96232171e-01
0.34576 3.93246937e-01
0.34695 3.93769348e-01
0.34815 3.91634152e-01
0.34936 3.91435151e-01
0.35057 3.91294092e-01
0.35178 3.89177544e-01
0.35300 3.87372728e-01
0.35422 3.89545265e-01
0.35545 3.86924288e-01
0.35668 3.84656780e-01
0.35791 3.85730728e-01
0.35915 3.84778747e-01
0.36039 3.83590825e-01
0.36164 3.81596954e-01
0.36289 3.81647970e-01
0.36415 3.81706178e-01
0.36541 3.79713462e-01
0.36668 3.78516305e-01
0.36795 3.77807592e-01
0.36922 3.78275124e-01
0.37050 3.77070685e-01
0.37178 3.74553782e-01
0.37307 3.74674994e-01
0.37436 3.74445491e-01
0.37565 3.73705254e-01
0.37695 3.70763710e-01
0.37826 3.71825314e-01
0.37957 3.71644828e-01
0.38088 3.69038858e-01
0.38220 3.68773480e-01
0.38352 3.68366820e-01
0.38485 3.66597924e-01
0.38618 3.67380518e-01
0.38752 3.65212644e-01
0.38886 3.64457800e-01
0.39021 3.63875449e-01
0.39156 3.63444636e-01
0.39291 3.62486662e-01
0.39427 3.61395132e-01
0.39564 3.60271945e-01
0.39701 3.60407410e-01
0.39838 3.58922496e-01
0.39976 3.57598088e-01
0.40115 3.57428392e-01
0.40253 3.57851568e-01
0.40393 3.54746232e-01
0.40533 3.54971251e-01
0.40673 3.54386548e-01
0.40814 3.54453680e-01
0.40955 3.52314799e-01
0.41097 3.51068447e-01
0.41239 3.51583087e-01
0.41382 3.50672132e-01
0.41525 3.49074310e-01
0.41669 3.49063609e-01
0.41813 3.47458150e-01
0.41958 3.47050513e-01
0.42103 3.46556652e-01
0.42249 3.46559582e-01
0.42395 3.44194128e-01
0.42542 3.42969532e-01
0.42689 3.43296404e-01
0.42837 3.43467700e-01
0.42985 3.41635667e-01
0.43134 3.38801260e-01
0.43283 3.40240486e-01
0.43433 3.39677849e-01
0.43583 3.38611538e-01
0.43734 3.37717500e-01
0.43886 3.35813450e-01
0.44037 3.35281316e-01
0.44190 3.36021686e-01
0.44343 3.34243777e-01
0.44496 3.34100321e-01
0.44650 3.32322278e-01
0.44805 3.31715286e-01
0.44960 3.31109226e-01
0.45116 3.31601089e-01
0.45272 3.30037632e-01
0.45429 3.27534937e-01
0.45586 3.27674176e-01
0.45744 3.28541485e-01
0.45902 3.26634372e-01
0.46061 3.26325348e-01
0.46220 3.24108234e-01
0.46380 3.24688009e-01
0.46541 3.24319489e-01
0.46702 3.21977789e-01
0.46864 3.23311476e-01
0.47026 3.20420548e-01
0.47189 3.20520403e-01
0.47352 3.20084573e-01
0.47516 3.19139386e-01
0.47680 3.18849454e-01
0.47845 3.17263708e-01
0.48011 3.17013380e-01
0.48177 3.16675319e-01
0.48344 3.14595490e-01
0.48511 3.14386232e-01
0.48679 3.14989850e-01
0.48848 3.13024618e-01
0.49017 3.12475567e-01
0.49186 3.11502497e-01
0.49357 3.11543212e-01
0.49528 3.10078589e-01
0.49699 3.10487957e-01
0.49871 3.08666758e-01
0.50044 3.08612012e-01
0.50217 3.07481189e-01
0.50391 3.06530363e-01
0.50565 3.06796008e-01
0.50740 3.06812125e-01
0.50916 3.04323638e-01
0.51092 3.03366108e-01
0.51269 3.03560358e-01
0.51446 3.03699508e-01
0.51625 3.02295002e-01
0.51803 3.00747574e-01
0.51983 3.01316471e-01
0.52163 3.00338872e-01
0.52343 2.97756479e-01
0.52524 2.98650029e-01
0.52706 2.99545222e-01
0.52889 2.97613022e-01
0.53072 2.95555793e-01
0.53255 2.94627389e-01
0.53440 2.95324780e-01
0.53625 2.96909282e-01
0.53810 2.92837891e-01
0.53997 2.92981614e-01
0.54183 2.92190184e-01
0.54371 2.91680294e-01
0.54559 2.91641400e-01
0.54748 2.90254344e-01
0.54938 2.88692840e-01
0.55128 2.90970960e-01
0.55319 2.87806661e-01
0.55510 2.87622445e-01
0.55702 2.87538574e-01
0.55895 2.85374473e-01
0.56089 2.84797895e-01
0.56283 2.87017806e-01
0.56478 2.85464472e-01
0.56673 2.82607820e-01
0.56869 2.81809864e-01
0.57066 2.81741532e-01
0.57264 2.82517733e-01
0.57462 2.83274353e-01
0.57661 2.79434686e-01
0.57860 2.78297779e-01
0.58061 2.77914696e-01
0.58262 2.80296623e-01
0.58463 2.77530547e-01
0.58666 2.77013820e-01
0.58869 2.75692876e-01
0.59073 2.75056313e-01
0.59277 2.75533746e-01
0.59482 2.74691611e-01
0.59688 2.72183500e-01
0.59895 2.73052896e-01
0.60102 2.72870456e-01
0.60310 2.72220574e-01
0.60519 2.71354330e-01
0.60728 2.70462644e-01
0.60939 2.67876566e-01
0.61150 2.68997489e-01
0.61361 2.68349604e-01
0.61574 2.68948915e-01
0.61787 2.66622844e-01
0.62001 2.66252947e-01
0.62215 2.65956355e-01
0.62431 2.63689202e-01
0.62647 2.63975449e-01
0.62864 2.64597493e-01
0.63081 2.64171076e-01
0.63300 2.62653617e-01
0.63519 2.61305766e-01
0.63739 2.60985775e-01
0.63959 2.60348191e-01
0.64181 2.59355318e-01
0.64403 2.59532563e-01
0.64626 2.59773256e-01
0.64849 2.58431932e-01
0.65074 2.57554277e-01
0.65299 2.56796324e-01
0.65525 2.54950572e-01
0.65752 2.55251382e-01
0.65980 2.55611422e-01
0.66208 2.55595438e-01
0.66437 2.54206916e-01
0.66667 2.53716652e-01
0.66898 2.51909172e-01
0.67130 2.51708262e-01
0.67362 2.51677315e-01
0.67595 2.50307842e-01
0.67829 2.50673786e-01
0.68064 2.49061844e-01
0.68299 2.49830320e-01
0.68536 2.49394534e-01
0.68773 2.48519765e-01
0.69011 2.46531222e-01
0.69250 2.45215384e-01
0.69490 2.45940347e-01
0.69730 2.45240336e-01
0.69972 2.46934507e-01
0.70214 2.45386856e-01
0.70457 2.42567456e-01
0.70701 2.42930382e-01
0.70946 2.42987081e-01
0.71191 2.41591766e-01
0.71438 2.41824644e-01
0.71685 2.39834548e-01
0.71933 2.40783331e-01
0.72182 2.41296018e-01
0.72432 2.39624180e-01
0.72683 2.39293400e-01
0.72934 2.38223804e-01
0.73187 2.36106635e-01
0.73440 2.34812064e-01
0.73694 2.36349414e-01
0.73949 2.39678038e-01
0.74205 2.37032952e-01
0.74462 2.35008934e-01
0.74720 2.32497936e-01
0.74979 2.33442635e-01
0.75238 2.31327508e-01
0.75499 2.32287702e-01
0.75760 2.32992730e-01
0.76022 2.33752991e-01
0.76285 2.33978410e-01
0.76549 2.28824236e-01
0.76814 2.28281845e-01
0.77080 2.27355706e-01
0.77347 2.28403768e-01
0.77615 2.28459001e-01
0.77884 2.29839930e-01
0.78153 2.29844148e-01
0.78424 2.26155662e-01
0.78695 2.24853055e-01
0.78968 2.23968918e-01
0.79241 2.23888465e-01
0.79515 2.26369937e-01
0.79790 2.24542344e-01
0.80067 2.24668440e-01
0.80344 2.23256653e-01
0.80622 2.19442471e-01
0.80901 2.20456700e-01
0.81181 2.22765056e-01
0.81462 2.23429991e-01
0.81744 2.21355800e-01
0.82027 2.19129806e-01
0.82311 2.17497973e-01
0.82596 2.16124015e-01
0.82882 2.17427288e-01
0.83169 2.17700482e-01
0.83457 2.20297260e-01
0.83745 2.20175693e-01
0.84035 2.16729498e-01
0.84326 2.13612485e-01
0.84618 2.10067944e-01
0.84911 2.10600211e-01
0.85205 2.16079216e-01
0.85500 2.17222604e-01
0.85796 2.15296888e-01
0.86093 2.13824362e-01
0.86391 2.11264790e-01
0.86690 2.08606074e-01
0.86990 2.10758364e-01
0.87291 2.09158232e-01
0.87593 2.07947844e-01
0.87897 2.10348996e-01
0.88201 2.10998346e-01
0.88506 2.11903351e-01
0.88813 2.09923378e-01
0.89120 2.06286041e-01
0.89428 2.04963764e-01
0.89738 2.04081004e-01
0.90049 2.04677251e-01
0.90360 2.04406189e-01
0.90673 2.07120494e-01
0.90987 2.10013909e-01
0.91302 2.05927866e-01
0.91618 2.02827281e-01
0.91935 2.01601264e-01
0.92253 2.01274435e-01
0.92573 2.01895547e-01
0.92893 2.03598864e-01
0.93215 2.02019378e-01
0.93537 2.00857963e-01
0.93861 2.01054655e-01
0.94186 2.03562634e-01
0.94512 2.00456188e-01
0.94839 1.99910378e-01
0.95168 1.97334468e-01
0.95497 1.97299126e-01
0.95828 1.97936532e-01
0.96159 2.00380796e-01
0.96492 1.96627620e-01
0.96826 1.97022869e-01
0.97161 1.98004242e-01
0.97498 1.98011968e-01
0.97835 1.96407662e-01
0.98174 1.95782732e-01
0.98514 1.93359958e-01
0.98855 1.94107964e-01
0.99197 1.95732516e-01
0.99540 1.93455284e-01
0.99885 1.97062163e-01
1.00231 1.95796052e-01
1.00578 1.93584888e-01
1.00926 1.90709677e-01
1.01275 1.91796234e-01
1.01626 1.91106125e-01
1.01978 1.94440210e-01
1.02330 1.94720551e-01
1.02685 1.92158849e-01
1.03040 1.91965664e-01
1.03397 1.88012910e-01
1.03755 1.86012601e-01
1.04114 1.91462568e-01
1.04474 1.97426509e-01
1.04836 1.92868272e-01
1.05199 1.87013599e-01
1.05563 1.85687016e-01
1.05928 1.87544224e-01
1.06295 1.89125174e-01
1.06663 1.89528682e-01
1.07032 1.91984623e-01
1.07403 1.89186180e-01
1.07775 1.85281200e-01
1.08148 1.87291676e-01
1.08522 1.88195234e-01
1.08898 1.85414045e-01
1.09275 1.85851562e-01
1.09653 1.90791728e-01
1.10032 1.86758654e-01
1.10413 1.88523732e-01
1.10796 1.85399832e-01
1.11179 1.83230977e-01
1.11564 1.84349954e-01
1.11950 1.84948111e-01
1.12338 1.85680716e-01
1.12726 1.89369641e-01
1.13117 1.85399934e-01
1.13508 1.85168202e-01
1.13901 1.82937857e-01
1.14295 1.82652720e-01
1.14691 1.85757701e-01
1.15088 1.85302645e-01
1.15487 1.82204871e-01
1.15886 1.83491063e-01
1.16287 1.83165895e-01
1.16690 1.85653672e-01
1.17094 1.83049625e-01
1.17499 1.83223926e-01
1.17906 1.81796244e-01
1.18314 1.82037292e-01
1.18724 1.87066302e-01
1.19135 1.85280490e-01
1.19547 1.83389645e-01
1.19961 1.78448475e-01
1.20376 1.76477080e-01
1.20793 1.79744040e-01
1.21211 1.81206736e-01
1.21630 1.84155438e-01
1.22052 1.85565893e-01
1.22474 1.84940830e-01
1.22898 1.85874473e-01
1.23323 1.78817248e-01
1.23750 1.75485024e-01
1.24179 1.76357963e-01
1.24609 1.81982173e-01
1.25040 1.77851535e-01
1.25473 1.76950472e-01
1.25907 1.81003482e-01
1.26343 1.83198307e-01
1.26780 1.85926510e-01
1.27219 1.88341736e-01
1.27659 1.82295433e-01
1.28101 1.75100600e-01
1.28545 1.73722428e-01
1.28990 1.71443865e-01
1.29436 1.71382597e-01
1.29884 1.74199204e-01
1.30334 1.79824396e-01
1.30785 1.86607295e-01
1.31238 1.89167443e-01
1.31692 1.86766589e-01
1.32148 1.81180505e-01
1.32605 1.71262206e-01
1.33064 1.73137609e-01
1.33525 1.72361990e-01
1.33987 1.71342406e-01
1.34451 1.72795778e-01
1.34916 1.75880606e-01
1.35383 1.77663243e-01
1.35852 1.78887498e-01
1.36322 1.80733974e-01
1.36794 1.82874232e-01
1.37268 1.80265776e-01
1.37743 1.80453748e-01
1.38220 1.77661161e-01
1.38698 1.68819563e-01
1.39178 1.66898885e-01
1.39660 1.65534819e-01
1.40144 1.66956929e-01
1.40629 1.73893444e-01
1.41115 1.78792673e-01
1.41604 1.80641054e-01
1.42094 1.83266106e-01
1.42586 1.75895036e-01
1.43080 1.74884043e-01
1.43575 1.73604963e-01
1.44072 1.70731884e-01
1.44571 1.70963652e-01
1.45071 1.70436739e-01
1.45573 1.69696320e-01
1.46077 1.66871619e-01
1.46583 1.66062389e-01
1.47090 1.67073200e-01
1.47599 1.69099527e-01
1.48110 1.76384994e-01
1.48623 1.78722743e-01
1.49137 1.78476252e-01
1.49654 1.76640401e-01
1.50172 1.71401174e-01
1.50692 1.65905258e-01
1.51213 1.63095337e-01
1.51737 1.62751863e-01
1.52262 1.62426762e-01
1.52789 1.64492680e-01
1.53318 1.65931152e-01
1.53849 1.67492344e-01
1.54381 1.69357904e-01
1.54916 1.71040832e-01
1.55452 1.70457128e-01
1.55990 1.74029663e-01
1.56530 1.71570968e-01
1.57072 1.67059689e-01
1.57615 1.65712988e-01
1.58161 1.62169388e-01
1.58709 1.58229958e-01
1.59258 1.56701688e-01
1.59809 1.55358069e-01
1.60362 1.56603808e-01
1.60918 1.62892074e-01
1.61475 1.69976786e-01
1.62034 1.72763774e-01
1.62594 1.74479057e-01
1.63157 1.68133250e-01
1.63722 1.62446431e-01
1.64289 1.58563988e-01
1.64857 1.55553642e-01
1.65428 1.56217400e-01
1.66001 1.55097720e-01
1.66575 1.55725887e-01
1.67152 1.55586849e-01
1.67731 1.55263803e-01
1.68311 1.57764167e-01
1.68894 1.59953864e-01
1.69478 1.62282293e-01
1.70065 1.64564400e-01
1.70654 1.65477916e-01
1.71245 1.61869906e-01
1.71837 1.58916262e-01
1.72432 1.55088179e-01
1.73029 1.50566816e-01
1.73628 1.47515523e-01
1.74229 1.47184406e-01
1.74832 1.48048865e-01
1.75437 1.50078416e-01
1.76045 1.54360547e-01
1.76654 1.58533921e-01
1.77266 1.60450900e-01
1.77879 1.60259078e-01
1.78495 1.56070333e-01
1.79113 1.52118756e-01
1.79733 1.49301047e-01
1.80355 1.47109477e-01
1.80979 1.46665117e-01
1.81606 1.46712603e-01
1.82234 1.46612152e-01
1.82865 1.47313401e-01
1.83498 1.47575241e-01
1.84133 1.48535294e-01
1.84771 1.49441893e-01
1.85410 1.49449459e-01
1.86052 1.49311810e-01
1.86696 1.49325916e-01
1.87342 1.48965583e-01
1.87991 1.47484541e-01
1.88642 1.46055576e-01
1.89295 1.43765704e-01
1.89950 1.41196467e-01
1.90607 1.39884371e-01
1.91267 1.39842924e-01
1.91929 1.40321685e-01
1.92594 1.40962581e-01
1.93260 1.42216610e-01
1.93929 1.43686632e-01
1.94601 1.44758270e-01
1.95274 1.44677009e-01
1.95950 1.43346066e-01
1.96629 1.41205511e-01
1.97309 1.39148015e-01
1.97992 1.37567433e-01
1.98678 1.36692535e-01
1.99365 1.36549447e-01
2.00055 1.36693401e-01
2.00748 1.37146339e-01
2.01443 1.37718393e-01
2.02140 1.37685226e-01
2.02840 1.37088081e-01
2.03542 1.36017184e-01
2.04247 1.34710910e-01
2.04954 1.33820068e-01
2.05663 1.33632016e-01
2.06375 1.33982372e-01
2.07090 1.34350368e-01
2.07806 1.34197428e-01
2.08526 1.33419891e-01
2.09247 1.32086515e-01
2.09972 1.30729961e-01
2.10699 1.29886699e-01
2.11428 1.29477242e-01
2.12160 1.29290611e-01
2.12894 1.29356683e-01
2.13631 1.29695766e-01
2.14371 1.30144565e-01
2.15113 1.30416733e-01
2.15857 1.30199692e-01
2.16605 1.29303975e-01
2.17354 1.27966923e-01
2.18107 1.26641694e-01
2.18862 1.25543695e-01
2.19619 1.24742692e-01
2.20380 1.24324111e-01
2.21143 1.24307399e-01
2.21908 1.24581849e-01
2.22676 1.24916199e-01
2.23447 1.24977950e-01
2.24220 1.24513655e-01
2.24997 1.23536993e-01
2.25775 1.22270212e-01
2.26557 1.21093949e-01
2.27341 1.20352958e-01
2.28128 1.20158046e-01
2.28918 1.20387896e-01
2.29710 1.20776756e-01
2.30505 1.21015330e-01
2.31303 1.20867842e-01
2.32104 1.20270534e-01
2.32908 1.19361639e-01
2.33714 1.18408229e-01
2.34523 1.17636028e-01
2.35335 1.17126037e-01
2.36149 1.16848075e-01
2.36967 1.16717703e-01
2.37787 1.16633769e-01
2.38610 1.16501950e-01
2.39436 1.16237855e-01
2.40265 1.15779545e-01
2.41097 1.15128991e-01
2.41931 1.14370564e-01
2.42769 1.13612212e-01
2.43609 1.12920558e-01
2.44452 1.12323444e-01
2.45298 1.11846411e-01
2.46148 1.11510347e-01
2.47000 1.11298417e-01
2.47855 1.11149659e-01
2.48713 1.10981419e-01
2.49574 1.10717518e-01
2.50438 1.10314704e-01
2.51304 1.09776345e-01
2.52174 1.09153044e-01
2.53047 1.08538500e-01
2.53923 1.08041526e-01
2.54802 1.07732706e-01
2.55684 1.07606823e-01
2.56569 1.07585329e-01
2.57457 1.07549201e-01
2.58349 1.07385325e-01
2.59243 1.07029765e-01
2.60140 1.06492419e-01
2.61041 1.05849076e-01
2.61944 1.05203167e-01
2.62851 1.04637884e-01
2.63761 1.04186167e-01
2.64674 1.03829720e-01
2.65590 1.03518631e-01
2.66510 1.03197779e-01
2.67432 1.02829614e-01
2.68358 1.02404799e-01
2.69287 1.01937782e-01
2.70219 1.01454235e-01
2.71154 1.00978916e-01
2.72093 1.00527616e-01
2.73035 1.00104720e-01
2.73980 9.97064382e-02
2.74928 9.93268404e-02
2.75880 9.89624318e-02
2.76835 9.86127730e-02
2.77793 9.82780458e-02
2.78755 9.79572958e-02
2.79720 9.76485826e-02
2.80688 9.73488737e-02
2.81660 9.70526280e-02
2.82635 9.67514539e-02
2.83613 9.64369421e-02
2.84595 9.61056426e-02
2.85580 9.57622308e-02
2.86569 9.54180331e-02
2.87561 9.50850864e-02
2.88556 9.47691671e-02
2.89555 9.44655022e-02
2.90557 9.41596439e-02
2.91563 9.38328998e-02
2.92572 9.34700231e-02
2.93585 9.30658188e-02
2.94601 9.26276974e-02
2.95621 9.21728815e-02
2.96644 9.17215777e-02
2.97671 9.12894236e-02
2.98702 9.08827552e-02
2.99736 9.04983044e-02
3.00773 9.01264544e-02
3.01814 8.97563627e-02
3.02859 8.93807786e-02
3.03907 8.89985834e-02
3.04960 8.86144746e-02
3.06015 8.82360401e-02
3.07074 8.78700908e-02
3.08137 8.75200679e-02
3.09204 8.71854828e-02
3.10274 8.68632542e-02
3.11348 8.65499012e-02
3.12426 8.62431949e-02
3.13508 8.59426868e-02
3.14593 8.56490386e-02
3.15682 8.53629427e-02
3.16775 8.50843460e-02
3.17871 8.48122540e-02
3.18972 8.45451125e-02
3.20076 8.42811545e-02
3.21184 8.40185462e-02
3.22295 8.37552809e-02
3.23411 8.34890807e-02
3.24531 8.32175614e-02
3.25654 8.29385562e-02
3.26781 8.26506178e-02
3.27912 8.23531822e-02
3.29047 8.20465069e-02
3.30187 8.17312492e-02
3.31330 8.14079816e-02
3.32476 8.10769042e-02
3.33627 8.07378835e-02
3.34782 8.03907865e-02
3.35941 8.00359772e-02
3.37104 7.96745834e-02
3.38271 7.93085720e-02
3.39442 7.89404028e-02
3.40617 7.85725754e-02
3.41796 7.82071546e-02
3.42979 7.78455254e-02
3.44166 7.74883896e-02
3.45358 7.71359912e-02
3.46553 7.67883970e-02
3.47753 7.64457799e-02
3.48957 7.61085575e-02
3.50164 7.57773823e-02
3.51377 7.54530536e-02
3.52593 7.51363129e-02
3.53814 7.48276974e-02
3.55038 7.45274246e-02
3.56267 7.42353659e-02
3.57500 7.39511482e-02
3.58738 7.36742564e-02
3.59980 7.34042023e-02
3.61226 7.31405551e-02
3.62476 7.28829641e-02
3.63731 7.26310385e-02
3.64990 7.23843032e-02
3.66254 7.21420879e-02
3.67521 7.19035356e-02
3.68794 7.16676251e-02
3.70070 7.14332464e-02
3.71351 7.11992894e-02
3.72637 7.09646488e-02
3.73927 7.07282809e-02
3.75221 7.04892136e-02
3.76520 7.02465542e-02
3.77823 6.99995348e-02
3.79131 6.97475382e-02
3.80443 6.94901425e-02
3.81760 6.92271302e-02
3.83082 6.89585058e-02
3.84408 6.86844335e-02
3.85739 6.84052374e-02
3.87074 6.81213571e-02
3.88414 6.78333166e-02
3.89758 6.75417018e-02
3.91107 6.72471300e-02
3.92461 6.69502805e-02
3.93820 6.66518548e-02
3.95183 6.63525455e-02
3.96551 6.60530453e-02
3.97924 6.57540202e-02
3.99301 6.54561095e-02
4.00683 6.51598638e-02
4.02070 6.48658115e-02
4.03462 6.45744054e-02
4.04859 6.42860807e-02
4.06260 6.40012103e-02
4.07667 6.37201183e-02
4.09078 6.34430978e-02
4.10494 6.31704197e-02
4.11915 6.29022836e-02
4.13341 6.26388496e-02
4.14771 6.23802595e-02
4.16207 6.21265757e-02
4.17648 6.18778424e-02
4.19094 6.16340554e-02
4.20545 6.13951567e-02
4.22000 6.11610622e-02
4.23461 6.09316340e-02
4.24927 6.07066770e-02
4.26398 6.04859690e-02
4.27874 6.02692349e-02
4.29355 6.00561371e-02
4.30841 5.98462982e-02
4.32332 5.96392788e-02
4.33829 5.94346037e-02
4.35331 5.92317667e-02
4.36838 5.90302174e-02
4.38350 5.88293917e-02
4.39867 5.86287348e-02
4.41390 5.84276650e-02
4.42918 5.82256672e-02
4.44451 5.80222308e-02
4.45990 5.78168986e-02
4.47533 5.76092664e-02
4.49083 5.73990058e-02
4.50637 5.71858502e-02
4.52197 5.69695956e-02
4.53762 5.67501264e-02
4.55333 5.65273938e-02
4.56909 5.63014022e-02
4.58491 5.60722450e-02
4.60078 5.58400463e-02
4.61670 5.56049971e-02
4.63269 5.53673284e-02
4.64872 5.51273108e-02
4.66481 5.48852376e-02
4.68096 5.46414372e-02
4.69717 5.43962471e-02
4.71343 5.41500313e-02
4.72974 5.39031496e-02
4.74611 5.36559792e-02
4.76254 5.34088843e-02
4.77903 5.31622379e-02
4.79557 5.29163906e-02
4.81217 5.26716934e-02
4.82883 5.24284879e-02
4.84555 5.21871029e-02
4.86232 5.19478313e-02
4.87915 5.17109750e-02
4.89604 5.14767872e-02
4.91299 5.12455298e-02
4.92999 5.10174248e-02
4.94706 5.07926765e-02
4.96418 5.05714668e-02
4.98137 5.03539556e-02
4.99861 5.01402673e-02
5.01591 4.99305217e-02
5.03328 4.97247854e-02
5.05070 4.95231206e-02
5.06818 4.93255451e-02
5.08573 4.91320543e-02
5.10333 4.89426262e-02
5.12100 4.87571762e-02
5.13873 4.85756202e-02
5.15651 4.83978248e-02
5.17436 4.82236392e-02
5.19228 4.80528724e-02
5.21025 4.78853023e-02
5.22828 4.77206893e-02
5.24638 4.75587670e-02
5.26454 4.73992333e-02
5.28277 4.72417909e-02
5.30105 4.70861023e-02
5.31940 4.69318301e-02
5.33782 4.67786190e-02
5.35629 4.66261228e-02
5.37484 4.64739862e-02
5.39344 4.63218629e-02
5.41211 4.61694155e-02
5.43084 4.60163198e-02
5.44965 4.58622652e-02
5.46851 4.57069717e-02
5.48744 4.55501687e-02
5.50643 4.53916340e-02
5.52550 4.52311591e-02
5.54462 4.50685752e-02
5.56381 4.49037358e-02
5.58308 4.47365387e-02
5.60240 4.45669085e-02
5.62179 4.43948096e-02
5.64125 4.42202244e-02
5.66078 4.40431750e-02
5.68038 4.38637146e-02
5.70004 4.36819188e-02
5.71977 4.34978941e-02
5.73957 4.33117649e-02
5.75944 4.31236776e-02
5.77938 4.29337966e-02
5.79938 4.27423082e-02
5.81946 4.25493991e-02
5.83960 4.23552823e-02
5.85982 4.21601710e-02
5.88010 4.19642870e-02
5.90045 4.17678614e-02
5.92088 4.15711206e-02
5.94137 4.13742998e-02
5.96194 4.11776256e-02
5.98258 4.09813243e-02
6.00329 4.07856224e-02
6.02407 4.05907375e-02
6.04492 4.03968738e-02
6.06585 4.02042488e-02
6.08684 4.00130314e-02
6.10791 3.98234256e-02
6.12906 3.96356003e-02
6.15027 3.94497108e-02
6.17156 3.92659037e-02
6.19293 3.90843254e-02
6.21436 3.89050871e-02
6.23588 3.87282996e-02
6.25746 3.85540607e-02
6.27912 3.83824458e-02
6.30086 3.82135304e-02
6.32267 3.80473590e-02
6.34455 3.78839626e-02
6.36652 3.77233766e-02
6.38856 3.75656057e-02
6.41067 3.74106408e-02
6.43286 3.72584642e-02
6.45513 3.71090405e-02
6.47747 3.69623296e-02
6.49990 3.68182738e-02
6.52240 3.66768020e-02
6.54497 3.65378256e-02
6.56763 3.64012556e-02
6.59037 3.62669900e-02
6.61318 3.61349134e-02
6.63607 3.60049057e-02
6.65904 3.58768339e-02
6.68209 3.57505736e-02
6.70522 3.57597822e-02
6.72843 3.62200770e-02
6.75172 3.66674248e-02
6.77510 3.71239411e-02
6.79855 3.76105962e-02
6.82208 3.80712062e-02
6.84570 3.85625278e-02
6.86939 3.90667120e-02
6.89317 3.95870444e-02
6.91704 4.00958107e-02
6.94098 4.06059356e-02
6.96500 4.11759695e-02
6.98911 4.17095642e-02
7.01331 4.22552314e-02
7.03759 4.28029009e-02
7.06195 4.33726994e-02
7.08639 4.39526744e-02
7.11092 4.45656475e-02
7.13554 4.51386073e-02
7.16024 4.57581916e-02
7.18502 4.63572186e-02
7.20990 4.69602061e-02
7.23485 4.76042148e-02
7.25990 4.82538356e-02
7.28503 4.89179353e-02
7.31025 4.95956880e-02
7.33555 5.02883635e-02
7.36094 5.09846887e-02
7.38642 5.17105310e-02
7.41199 5.24498798e-02
7.43765 5.31875814e-02
7.46340 5.39712192e-02
7.48923 5.47975654e-02
7.51516 5.55985369e-02
7.54117 5.64545467e-02
7.56727 5.73182555e-02
7.59347 5.82039955e-02
7.61975 5.91304637e-02
7.64613 6.00805660e-02
7.67260 6.10641991e-02
7.69916 6.20851372e-02
7.72581 6.31059820e-02
7.75255 6.41964548e-02
7.77939 6.53070409e-02
7.80632 6.64644379e-02
7.83334 6.76626785e-02
7.86046 6.88851970e-02
7.88767 7.01424318e-02
7.91497 7.14793247e-02
7.94237 7.28393899e-02
7.96986 7.42551772e-02
7.99745 7.56823042e-02
8.02513 7.72097041e-02
8.05291 7.88092940e-02
8.08079 8.04090216e-02
8.10876 8.20965901e-02
8.13683 8.38396009e-02
8.16500 8.56431511e-02
8.19326 8.75310613e-02
8.22162 8.94848167e-02
8.25008 9.15312838e-02
8.27864 9.36469216e-02
8.30730 9.58431853e-02
8.33605 9.81638090e-02
8.36491 1.00567212e-01
8.39386 1.03092862e-01
8.42292 1.05730439e-01
8.45208 1.08504676e-01
8.48133 1.11418617e-01
8.51069 1.14490777e-01
8.54016 1.17754972e-01
8.56972 1.21186910e-01
8.59938 1.24860219e-01
8.62915 1.28732206e-01
8.65902 1.32905459e-01
8.68899 1.37385544e-01
8.71907 1.42205994e-01
8.74925 1.47398982e-01
8.77954 1.53036535e-01
8.80993 1.59197679e-01
8.84043 1.65988752e-01
8.87103 1.73458492e-01
8.90174 1.81800999e-01
8.93255 1.91149774e-01
8.96347 2.01742171e-01
8.99450 2.13902390e-01
9.02563 2.27981648e-01
9.05688 2.44548118e-01
9.08823 2.64322253e-01
9.11969 2.88285524e-01
9.15126 3.17636446e-01
9.18294 3.53637231e-01
9.21472 3.96483431e-01
9.24662 4.43817525e-01
9.27863 4.90700635e-01
9.31075 5.32664904e-01
9.34298 5.66421198e-01
9.37532 5.87504965e-01
9.40777 5.94716772e-01
9.44034 5.90083237e-01
9.47302 5.75737153e-01
9.50581 5.55987545e-01
9.53871 5.40813756e-01
9.57173 5.39105954e-01
9.60487 5.53283185e-01
9.63811 5.81929222e-01
9.67148 6.21808991e-01
9.70495 6.69354242e-01
9.73855 7.20467478e-01
9.77226 7.69892137e-01
9.80609 8.14917689e-01
9.84003 8.57085568e-01
9.87409 8.99582406e-01
9.90827 9.44900287e-01
9.94257 9.95321993e-01
9.97699 1.05305070e+00
10.01153 1.12118640e+00
10.04618 1.20406460e+00
10.08096 1.30349258e+00
10.11585 1.40753705e+00
10.15087 1.48699045e+00
10.18601 1.53498082e+00
10.22127 1.53394052e+00
10.25665 1.47086207e+00
10.29215 1.42651157e+00
10.32778 1.42709916e+00
10.36353 1.46427093e+00
10.39941 1.52034964e+00
10.43540 1.56031825e+00
10.47153 1.53698370e+00
10.50777 1.47611760e+00
10.54415 1.42972822e+00
10.58065 1.39286556e+00
10.61727 1.35937700e+00
10.65403 1.33105836e+00
10.69091 1.33193096e+00
10.72791 1.35427996e+00
10.76505 1.37068763e+00
10.80231 1.37968547e+00
10.83971 1.39965139e+00
10.87723 1.43465009e+00
10.91488 1.47483009e+00
10.95266 1.51454008e+00
10.99058 1.55248054e+00
11.02862 1.58462770e+00
11.06680 1.60573817e+00
11.10511 1.61365784e+00
11.14355 1.60914573e+00
11.18212 1.59385193e+00
11.22083 1.56880638e+00
11.25967 1.53436454e+00
11.29865 1.49068085e+00
11.33776 1.43996881e+00
11.37701 1.38881038e+00
11.41639 1.34960016e+00
11.45591 1.33498364e+00
11.49556 1.34414327e+00
11.53536 1.36311659e+00
11.57529 1.38473796e+00
11.61536 1.41030522e+00
11.65556 1.43852923e+00
11.69591 1.46418821e+00
11.73640 1.48593032e+00
11.77702 1.50869326e+00
11.81779 1.53454685e+00
11.85870 1.57654117e+00
11.89975 1.62272316e+00
11.94094 1.57488669e+00
11.98227 1.47202699e+00
12.02375 1.39932896e+00
12.06537 1.34047214e+00
12.10714 1.27093743e+00
12.14905 1.19240511e+00
12.19110 1.12556904e+00
12.23330 1.07068060e+00
12.27565 1.01075654e+00
12.31814 9.34643443e-01
12.36078 8.49824347e-01
12.40357 7.70069560e-01
12.44651 7.01892516e-01
12.48959 6.46311530e-01
12.53283 6.01447328e-01
12.57621 5.65086881e-01
12.61974 5.35190008e-01
12.66343 5.10100988e-01
12.70726 4.88572538e-01
12.75125 4.69632520e-01
12.79539 4.52512501e-01
12.83968 4.36664188e-01
12.88413 4.21701610e-01
12.92873 4.07343005e-01
12.97348 3.93412016e-01
13.01839 3.79886000e-01
13.06345 3.66685969e-01
13.10867 3.53865025e-01
13.15405 3.41471476e-01
13.19959 3.29580490e-01
13.24528 3.18221948e-01
13.29113 3.07436522e-01
13.33713 2.97263683e-01
13.38330 2.87735132e-01
13.42963 2.78839415e-01
13.47612 2.70589362e-01
13.52277 2.62965882e-01
13.56958 2.55925108e-01
13.61655 2.49504246e-01
13.66368 2.43632213e-01
13.71098 2.38305323e-01
13.75844 2.33484415e-01
13.80607 2.29178947e-01
13.85386 2.25335639e-01
13.90182 2.21950938e-01
13.94994 2.19002023e-01
13.99823 2.16481657e-01
14.04668 2.14366130e-01
14.09531 2.12651269e-01
14.14410 2.11349017e-01
14.19306 2.10421057e-01
14.24219 2.09895406e-01
14.29149 2.09748220e-01
14.34096 2.10013998e-01
14.39060 2.10700600e-01
14.44042 2.11804162e-01
14.49041 2.13333742e-01
14.54057 2.15362777e-01
14.59090 2.17905388e-01
14.64141 2.20990255e-01
14.69209 2.24697122e-01
14.74295 2.29077671e-01
14.79398 2.34235974e-01
14.84519 2.40288538e-01
14.89658 2.47357373e-01
14.94814 2.55650538e-01
14.99989 2.65437541e-01
15.05181 2.76989933e-01
15.10392 2.90747628e-01
15.15620 3.07238676e-01
15.20866 3.27180847e-01
15.26131 3.51267137e-01
15.31414 3.80230944e-01
15.36715 4.14246716e-01
15.42034 4.52116098e-01
15.47372 4.90234697e-01
15.52729 5.23182205e-01
15.58103 5.45832643e-01
15.63497 5.56870572e-01
15.68909 5.59822151e-01
15.74340 5.60953019e-01
15.79790 5.66477666e-01
15.85258 5.80639091e-01
15.90746 6.05293656e-01
15.96252 6.40385729e-01
16.01778 6.84537622e-01
16.07323 7.35268351e-01
16.12886 7.89140425e-01
16.18470 8.42893907e-01
16.24072 8.93788250e-01
16.29694 9.40231849e-01
16.35335 9.81224416e-01
16.40996 1.01574524e+00
16.46677 1.04268139e+00
16.52377 1.06142902e+00
16.58097 1.07243383e+00
16.63836 1.07752122e+00
16.69596 1.07882174e+00
16.75375 1.07700196e+00
16.81175 1.07035568e+00
16.86994 1.05633190e+00
16.92834 1.03362041e+00
16.98694 1.00305741e+00
17.04574 9.67394215e-01
17.10474 9.31096283e-01
17.16395 8.99549772e-01
17.22337 8.77652580e-01
17.28299 8.68936727e-01
17.34281 8.75469654e-01
17.40285 8.98080221e-01
17.46309 9.35960747e-01
17.52354 9.85647410e-01
17.58420 1.03988370e+00
17.64507 1.08808456e+00
17.70615 1.12001002e+00
17.76744 1.13098180e+00
17.82894 1.12410601e+00
17.89066 1.10831826e+00
17.95259 1.09494622e+00
18.01473 1.09332851e+00
18.07709 1.10900935e+00
18.13967 1.14280157e+00
18.20246 1.19177730e+00
18.26547 1.25047978e+00
18.32870 1.31175804e+00
18.39214 1.37255896e+00
18.45581 1.43753654e+00
18.51969 1.51254683e+00
18.58380 1.59843596e+00
18.64813 1.69037194e+00
18.71268 1.78383349e+00
18.77746 1.87607804e+00
18.84246 1.96585573e+00
18.90768 2.05138478e+00
18.97313 2.12962336e+00
19.03881 2.19733868e+00
19.10472 2.25221220e+00
19.17085 2.29234891e+00
19.23721 2.31628762e+00
19.30380 2.32720158e+00
19.37062 2.33388866e+00
19.43768 2.34551525e+00
19.50496 2.36736271e+00
19.57248 2.40053395e+00
19.64023 2.44377067e+00
19.70822 2.49099362e+00
19.77644 2.53436976e+00
19.84490 2.56510388e+00
19.91359 2.57346929e+00
19.98252 2.55383339e+00
20.05169 2.50836646e+00
20.12110 2.44291908e+00
20.19076 2.36592326e+00
20.26065 2.28237800e+00
20.33078 2.19262030e+00
20.40116 2.09728333e+00
20.47178 1.99863163e+00
20.54264 1.90195978e+00
20.61375 1.81699572e+00
20.68511 1.75310994e+00
20.75671 1.71445165e+00
20.82856 1.70375143e+00
20.90066 1.71838652e+00
20.97301 1.74449642e+00
21.04561 1.76696682e+00
21.11846 1.77257676e+00
21.19157 1.76373983e+00
21.26492 1.75092998e+00
21.33853 1.74325589e+00
21.41240 1.71171990e+00
21.48652 1.65959874e+00
21.56090 1.64348287e+00
21.63553 1.66458264e+00
21.71043 1.70563048e+00
21.78558 1.75498868e+00
21.86099 1.80940967e+00
21.93666 1.86498426e+00
22.01260 1.92096422e+00
22.08880 1.97338775e+00
22.16526 2.01868418e+00
22.24199 2.05399595e+00
22.31898 2.07937854e+00
22.39624 2.09834977e+00
22.47377 2.11525152e+00
22.55156 2.13664433e+00
22.62962 2.16389794e+00
22.70796 2.19984418e+00
22.78656 2.24154199e+00
22.86544 2.28862642e+00
22.94459 2.33749394e+00
23.02402 2.38784976e+00
23.10372 2.43765368e+00
23.18369 2.48673833e+00
23.26394 2.53282908e+00
23.34447 2.57507790e+00
23.42528 2.61106854e+00
23.50637 2.64046312e+00
23.58774 2.66148341e+00
23.66939 2.67453967e+00
23.75133 2.67867820e+00
23.83354 2.67648128e+00
23.91604 2.66798623e+00
23.99883 2.65678234e+00
24.08191 2.64306584e+00
24.16527 2.62830862e+00
24.24892 2.61324281e+00
24.33286 2.59643474e+00
24.41709 2.58047250e+00
24.50161 2.56056443e+00
24.58642 2.53556856e+00
24.67153 2.50672632e+00
24.75693 2.48365874e+00
24.84263 2.48178684e+00
24.92863 2.50211716e+00
25.01492 2.54429938e+00
25.10151 2.59264520e+00
25.18840 2.63009616e+00
25.27559 2.64566680e+00
25.36309 2.63300347e+00
25.45088 2.59710607e+00
25.53898 2.54825497e+00
25.62739 2.49297164e+00
25.71610 2.43383617e+00
25.80512 2.37139157e+00
25.89444 2.30631360e+00
25.98408 2.24188387e+00
26.07403 2.18099682e+00
26.16428 2.12389212e+00
26.25485 2.07153870e+00
26.34574 2.02384759e+00
26.43694 1.98050107e+00
26.52845 1.94460607e+00
26.62028 1.92120181e+00
26.71243 1.91194015e+00
26.80489 1.91819819e+00
26.89768 1.94247052e+00
26.99079 1.98127159e+00
27.08422 2.03100567e+00
27.17798 2.08845021e+00
27.27205 2.14949680e+00
27.36646 2.20899812e+00
27.46119 2.26447370e+00
27.55625 2.31504175e+00
27.65164 2.36052600e+00
27.74736 2.40073597e+00
27.84341 2.43414164e+00
27.93979 2.45732191e+00
28.03650 2.46567528e+00
28.13355 2.45472073e+00
28.23094 2.42015116e+00
28.32867 2.36024450e+00
28.42673 2.27780671e+00
28.52513 2.17965807e+00
28.62387 2.07441395e+00
28.72295 1.97015268e+00
28.82238 1.87301498e+00
28.92215 1.78708788e+00
29.02227 1.71319989e+00
29.12273 1.65154183e+00
29.22354 1.60148318e+00
29.32470 1.56191088e+00
29.42621 1.53142158e+00
29.52807 1.50735820e+00
29.63029 1.48712148e+00
29.73286 1.46803698e+00
29.83578 1.44748156e+00
29.93906 1.42333227e+00
30.04269 1.39489185e+00
30.14669 1.36229452e+00
30.25104 1.32709362e+00
30.35576 1.29161864e+00
30.46084 1.25828126e+00
30.56628 1.22902455e+00
30.67209 1.20515622e+00
30.77826 1.18743955e+00
30.88481 1.17566263e+00
30.99172 1.16927666e+00
31.09900 1.16773976e+00
31.20665 1.17050845e+00
31.31467 1.17713333e+00
31.42307 1.18734160e+00
31.53184 1.20110014e+00
31.64099 1.21864569e+00
31.75052 1.24058591e+00
31.86043 1.26771621e+00
31.97072 1.30067465e+00
32.08139 1.34028260e+00
32.19244 1.38730095e+00
32.30388 1.44234412e+00
32.41570 1.50579306e+00
32.52791 1.57761814e+00
32.64051 1.65714853e+00
32.75349 1.74285522e+00
32.86687 1.83230568e+00
32.98064 1.92217053e+00
33.09481 2.00838352e+00
33.20937 2.08592235e+00
33.32433 2.14789933e+00
33.43968 2.18673228e+00
33.55544 2.20638350e+00
33.67159 2.22739176e+00
33.78815 2.25410151e+00
33.90511 2.27510706e+00
34.02247 2.28426722e+00
34.14024 2.28060733e+00
34.25842 2.26518144e+00
34.37701 2.23978642e+00
34.49601 2.20654192e+00
34.61542 2.16759468e+00
34.73525 2.12485879e+00
34.85549 2.07973862e+00
34.97614 2.03295408e+00
35.09721 1.98445427e+00
35.21871 1.93350634e+00
35.34062 1.87907873e+00
35.46295 1.82035564e+00
35.58571 1.75744355e+00
35.70889 1.69151439e+00
35.83250 1.62467468e+00
35.95654 1.55913189e+00
36.08101 1.49665181e+00
36.20590 1.43809056e+00
36.33123 1.38335792e+00
36.45700 1.33159858e+00
36.58320 1.28155485e+00
36.70983 1.23189452e+00
36.83691 1.18152241e+00
36.96442 1.12982229e+00
37.09238 1.07673157e+00
37.22077 1.02271844e+00
37.34962 9.68643542e-01
37.47890 9.15539677e-01
37.60864 8.64415919e-01
37.73883 8.16089538e-01
37.86946 7.71259169e-01
38.00055 7.29901856e-01
38.13209 6.91742632e-01
38.26409 6.56396946e-01
38.39654 6.23344076e-01
38.52946 5.92035550e-01
38.66283 5.61979458e-01
38.79667 5.32812299e-01
38.93096 5.04335471e-01
39.06573 4.76515674e-01
39.20096 4.49491436e-01
39.33665 4.23511620e-01
39.47282 3.98761062e-01
39.60946 3.75387126e-01
39.74657 3.53475770e-01
39.88416 3.33062027e-01
40.02222 3.14136083e-01
40.16076 2.96654648e-01
40.29978 2.80714249e-01
40.43928 2.66028017e-01
40.57926 2.52491878e-01
40.71973 2.40002690e-01
40.86069 2.28465262e-01
41.00213 2.17796164e-01
41.14406 2.07955081e-01
41.28648 1.98896877e-01
41.42940 1.90467369e-01
41.57281 1.82608045e-01
41.71672 1.75265803e-01
41.86113 1.68394575e-01
42.00603 1.61987859e-01
42.15144 1.56014425e-01
42.29735 1.50392470e-01
42.44377 1.45091217e-01
42.59069 1.40085441e-01
42.73812 1.35357609e-01
42.88606 1.30925286e-01
43.03451 1.26726609e-01
43.18348 1.22736714e-01
43.33297 1.18942236e-01
43.48297 1.15332885e-01
43.63349 1.11929043e-01
43.78453 1.08686094e-01
43.93609 1.05585593e-01
44.08818 1.02618807e-01
44.24079 9.97867134e-02
44.39394 9.71008375e-02
44.54761 9.45212819e-02
44.70182 9.20451516e-02
44.85655 8.96687215e-02
45.01183 8.73988914e-02
45.16764 8.52249164e-02
45.32399 8.31295828e-02
45.48089 8.11082950e-02
45.63832 7.91721486e-02
45.79630 7.73147812e-02
45.95483 7.55209901e-02
46.11391 7.37875430e-02
46.27353 7.21183606e-02
46.43371 7.05151210e-02
46.59445 6.89623819e-02
46.75574 6.74579412e-02
46.91759 6.60093690e-02
47.08000 6.46124340e-02
47.24297 6.32577500e-02
47.40650 6.19436654e-02
47.57060 6.06763296e-02
47.73527 5.94477860e-02
47.90051 5.82544384e-02
48.06633 5.70986176e-02
48.23271 5.59832407e-02
48.39967 5.48964442e-02
48.56721 5.38375219e-02
48.73533 5.28143816e-02
48.90403 5.18223214e-02
49.07332 5.08554936e-02
49.24319 4.99158742e-02
49.41365 4.90058784e-02
49.58470 4.81176209e-02
49.75634 4.72508396e-02
49.92858 4.64139796e-02
50.10141 4.55849250e-02
50.27484 4.47710552e-02
50.44887 4.39728010e-02
50.62350 4.31898292e-02
50.79874 4.24218113e-02
50.97458 4.16684365e-02
51.15104 4.09293896e-02
51.32810 4.02043598e-02
51.50578 3.94930763e-02
51.68407 3.87952237e-02
51.86298 3.81105446e-02
52.04250 3.74387504e-02
52.22265 3.67795836e-02
52.40343 3.61327733e-02
52.58482 3.54980664e-02
52.76685 3.48752188e-02
52.94951 3.42639817e-02
53.13280 3.36641244e-02
53.31672 3.30754115e-02
53.50128 3.24976076e-02
53.68648 3.19305131e-02
53.87232 3.13738880e-02
54.05880 3.08275372e-02
54.24593 3.02912429e-02
54.43371 2.97648143e-02
54.62214 2.92480471e-02
54.81122 2.87407505e-02
55.00095 2.82427334e-02
55.19134 2.77538140e-02
55.38239 2.72738189e-02
55.57410 2.68025573e-02
55.76647 2.63398649e-02
55.95951 2.58855730e-02
56.15322 2.54395128e-02
56.34760 2.50015334e-02
56.54265 2.45714706e-02
56.73838 2.41491689e-02
56.93479 2.37344773e-02
57.13187 2.33272494e-02
57.32964 2.29273430e-02
57.52809 2.25346162e-02
57.72723 2.21489267e-02
57.92705 2.17701414e-02
58.12757 2.13981227e-02
58.32879 2.10327551e-02
58.53070 2.06739010e-02
58.73331 2.03214404e-02
58.93662 1.99752403e-02
59.14063 1.96351985e-02
59.34535 1.93011906e-02
59.55078 1.89731012e-02
59.75692 1.86508105e-02
59.96377 1.83342296e-02
60.17134 1.80232343e-02
60.37963 1.77177223e-02
60.58864 1.74175983e-02
60.79837 1.71227592e-02
61.00883 1.68330967e-02
61.22002 1.65485242e-02
61.43194 1.62689437e-02
61.64459 1.59942653e-02
61.85797 1.57243910e-02
62.07210 1.54592382e-02
62.28697 1.51987172e-02
62.50258 1.49427423e-02
62.71894 1.46912296e-02
62.93605 1.44440997e-02
63.15390 1.42012654e-02
63.37252 1.39626576e-02
63.59189 1.37281901e-02
63.81201 1.34977918e-02
64.03290 1.32713864e-02
64.25456 1.30488994e-02
64.47698 1.28302644e-02
64.70017 1.26154084e-02
64.92414 1.24042584e-02
65.14888 1.21967595e-02
65.37440 1.19928312e-02
65.60070 1.17924198e-02
65.82778 1.15954538e-02
66.05565 1.14018778e-02
66.28430 1.12116252e-02
66.51375 1.10246417e-02
66.74400 1.08408621e-02
66.97504 1.06602366e-02
67.20688 1.04827028e-02
67.43952 1.03082059e-02
67.67297 1.01366936e-02
67.90722 9.96810814e-03
68.14229 9.80240201e-03
68.37817 9.63952372e-03
68.61486 9.47942353e-03
68.85238 9.32204906e-03
69.09072 9.16735369e-03
69.32988 9.01528902e-03
69.56987 8.86580976e-03
69.81069 8.71886885e-03
70.05235 8.57442188e-03
70.29484 8.43242536e-03
70.53817 8.29283575e-03
70.78235 8.15561045e-03
71.02737 8.02070726e-03
71.27323 7.88808713e-03
71.51995 7.75770875e-03
71.76752 7.62953350e-03
72.01595 7.50352186e-03
72.26524 7.37963609e-03
72.51539 7.25783934e-03
72.76641 7.13809520e-03
73.01830 7.02036860e-03
73.27106 6.90462269e-03
73.52469 6.79082416e-03
73.77920 6.67893926e-03
74.03460 6.56893338e-03
74.29087 6.46077498e-03
74.54804 6.35443210e-03
74.80609 6.24987320e-03
75.06504 6.14706634e-03
75.32488 6.04598263e-03
75.58563 5.94659190e-03
75.84727 5.84886395e-03
76.10982 5.75277169e-03
76.37328 5.65828538e-03
76.63766 5.56537838e-03
76.90295 5.47402361e-03
77.16915 5.38419264e-03
77.43628 5.29586106e-03
77.70433 5.20900267e-03
77.97331 5.12359261e-03
78.24322 5.03960513e-03
78.51407 4.95701669e-03
78.78585 4.87580198e-03
79.05857 4.79593926e-03
79.33224 4.71740454e-03
79.60686 4.64017518e-03
79.88242 4.56422898e-03
80.15894 4.48954463e-03
80.43642 4.41609904e-03
80.71486 4.34387267e-03
80.99426 4.27284421e-03
81.27463 4.20299324e-03
81.55596 4.13429978e-03
81.83828 4.06674430e-03
82.12157 4.00030724e-03
82.40584 3.93496998e-03
82.69109 3.87071386e-03
82.97733 3.80752022e-03
83.26457 3.74537177e-03
83.55279 3.68424984e-03
83.84202 3.62413757e-03
84.13225 3.56501852e-03
84.42348 3.50687495e-03
84.71572 3.44969041e-03
85.00897 3.39344982e-03
85.30323 3.33813630e-03
85.59852 3.28373387e-03
85.89482 3.23022920e-03
86.19215 3.17760455e-03
86.49052 3.12584747e-03
86.78991 3.07494198e-03
87.09034 3.02487388e-03
87.39181 2.97562984e-03
87.69432 2.92719565e-03
87.99789 2.87955712e-03
88.30250 2.83270135e-03
88.60816 2.78661593e-03
88.91489 2.74128752e-03
89.22267 2.69670282e-03
89.53153 2.65284983e-03
89.84145 2.60971700e-03
90.15244 2.56729147e-03
90.46451 2.52556169e-03
90.77766 2.48451566e-03
91.09190 2.44414363e-03
91.40722 2.40443227e-03
91.72363 2.36537137e-03
92.04114 2.32695028e-03
92.35975 2.28915833e-03
92.67946 2.25198487e-03
93.00028 2.21541970e-03
93.32221 2.17945303e-03
93.64525 2.14407422e-03
93.96941 2.10927395e-03
94.29469 2.07504244e-03
94.62110 2.04137081e-03
94.94864 2.00824930e-03
95.27731 1.97566858e-03
95.60712 1.94361977e-03
95.93807 1.91209488e-03
96.27017 1.88108459e-03
96.60342 1.85058046e-03
96.93782 1.82057360e-03
97.27338 1.79105604e-03
97.61010 1.76202022e-03
97.94798 1.73345841e-03
98.28704 1.70536155e-03
98.62727 1.67772304e-03
98.96867 1.65053510e-03
99.31126 1.62379014e-03
99.65504 1.59748052e-03
100.00000 1.57159949e-03
