        2000  3.000000 3.330000
0.10000 8.68675877e-01
0.10035 8.66977754e-01
0.10069 8.65319237e-01
0.10104 8.63719549e-01
0.10139 8.62009750e-01
0.10174 8.60175230e-01
0.10210 8.58379650e-01
0.10245 8.56603916e-01
0.10280 8.54663281e-01
0.10316 8.52893852e-01
0.10352 8.50951841e-01
0.10387 8.49238001e-01
0.10423 8.47420975e-01
0.10459 8.45616914e-01
0.10496 8.44121966e-01
0.10532 8.42296549e-01
0.10568 8.40481211e-01
0.10605 8.38846225e-01
0.10642 8.36985022e-01
0.10679 8.35194769e-01
0.10716 8.33521022e-01
0.10753 8.31743868e-01
0.10790 8.29851718e-01
0.10827 8.28058624e-01
0.10865 8.26351976e-01
0.10902 8.24558749e-01
0.10940 8.22861115e-01
0.10978 8.21012965e-01
0.11016 8.19502921e-01
0.11054 8.17795519e-01
0.11092 8.15969170e-01
0.11131 8.14098908e-01
0.11169 8.12461081e-01
0.11208 8.10869208e-01
0.11247 8.09144401e-01
0.11286 8.07406052e-01
0.11325 8.05638710e-01
0.11364 8.03903026e-01
0.11403 8.02054387e-01
0.11443 8.00320834e-01
0.11482 7.98442980e-01
0.11522 7.96856923e-01
0.11562 7.95224113e-01
0.11602 7.93455262e-01
0.11642 7.91783557e-01
0.11682 7.90127038e-01
0.11723 7.88432201e-01
0.11763 7.86703398e-01
0.11804 7.85164849e-01
0.11845 7.83686951e-01
0.11886 7.82036026e-01
0.11927 7.80155375e-01
0.11968 7.78485180e-01
0.12010 7.76901032e-01
0.12051 7.75584040e-01
0.12093 7.74146856e-01
0.12135 7.72355938e-01
0.12177 7.70792614e-01
0.12219 7.69266408e-01
0.12262 7.67954521e-01
0.12304 7.66207381e-01
0.12347 7.64563915e-01
0.12389 7.63113234e-01
0.12432 7.61289726e-01
0.12475 7.59775109e-01
0.12518 7.58336993e-01
0.12562 7.56539903e-01
0.12605 7.54963747e-01
0.12649 7.53194407e-01
0.12693 7.51498727e-01
0.12737 7.50049378e-01
0.12781 7.48237414e-01
0.12825 7.46550658e-01
0.12869 7.45005538e-01
0.12914 7.43436619e-01
0.12959 7.41419882e-01
0.13003 7.39789825e-01
0.13048 7.38153330e-01
0.13094 7.36448770e-01
0.13139 7.34945208e-01
0.13184 7.33100521e-01
0.13230 7.31594207e-01
0.13276 7.29850708e-01
0.13322 7.28075818e-01
0.13368 7.26735914e-01
0.13414 7.25262944e-01
0.13461 7.23689764e-01
0.13507 7.22537850e-01
0.13554 7.20840793e-01
0.13601 7.19265703e-01
0.13648 7.18354127e-01
0.13695 7.16944072e-01
0.13743 7.15560878e-01
0.13790 7.14709331e-01
0.13838 7.13390118e-01
0.13886 7.12108823e-01
0.13934 7.11154489e-01
0.13982 7.09871107e-01
0.14031 7.08533113e-01
0.14079 7.07480123e-01
0.14128 7.06391923e-01
0.14177 7.05131008e-01
0.14226 7.03977940e-01
0.14275 7.02953543e-01
0.14324 7.01005404e-01
0.14374 6.99995482e-01
0.14424 6.98782207e-01
0.14474 6.97414243e-01
0.14524 6.96026299e-01
0.14574 6.94435847e-01
0.14625 6.92929976e-01
0.14675 6.91288952e-01
0.14726 6.89810432e-01
0.14777 6.88387590e-01
0.14828 6.86500723e-01
0.14879 6.85131028e-01
0.14931 6.83600027e-01
0.14983 6.81571169e-01
0.15034 6.79938980e-01
0.15087 6.78278731e-01
0.15139 6.76422190e-01
0.15191 6.74732015e-01
0.15244 6.72667370e-01
0.15297 6.70847148e-01
0.15349 6.69142499e-01
0.15403 6.66957308e-01
0.15456 6.65398735e-01
0.15509 6.63297505e-01
0.15563 6.61398562e-01
0.15617 6.59580248e-01
0.15671 6.57799808e-01
0.15725 6.56275423e-01
0.15780 6.54600522e-01
0.15834 6.52768844e-01
0.15889 6.51426677e-01
0.15944 6.49725668e-01
0.15999 6.48479760e-01
0.16055 6.47222840e-01
0.16110 6.45611786e-01
0.16166 6.44478299e-01
0.16222 6.43047198e-01
0.16278 6.41927696e-01
0.16335 6.40451263e-01
0.16391 6.39453950e-01
0.16448 6.38016634e-01
0.16505 6.36661102e-01
0.16562 6.35442544e-01
0.16619 6.34221233e-01
0.16677 6.32738406e-01
0.16734 6.31630981e-01
0.16792 6.30615287e-01
0.16851 6.28898916e-01
0.16909 6.28205255e-01
0.16967 6.26593180e-01
0.17026 6.25770980e-01
0.17085 6.24081871e-01
0.17144 6.23346430e-01
0.17204 6.21972605e-01
0.17263 6.20837519e-01
0.17323 6.19619183e-01
0.17383 6.18377048e-01
0.17443 6.16966549e-01
0.17503 6.15941708e-01
0.17564 6.14652421e-01
0.17625 6.13196723e-01
0.17686 6.11794748e-01
0.17747 6.10397836e-01
0.17808 6.09200945e-01
0.17870 6.07730683e-01
0.17932 6.06040864e-01
0.17994 6.05164230e-01
0.18056 6.03302094e-01
0.18119 6.02253011e-01
0.18182 6.00524252e-01
0.18244 5.99758619e-01
0.18308 5.97815719e-01
0.18371 5.96643826e-01
0.18435 5.95057058e-01
0.18498 5.93988217e-01
0.18562 5.92618610e-01
0.18627 5.91045607e-01
0.18691 5.89776966e-01
0.18756 5.87817416e-01
0.18821 5.87115142e-01
0.18886 5.85048943e-01
0.18951 5.84359056e-01
0.19017 5.82253475e-01
0.19083 5.81170914e-01
0.19149 5.79458095e-01
0.19215 5.78307514e-01
0.19282 5.76895727e-01
0.19348 5.75766590e-01
0.19415 5.74044670e-01
0.19483 5.73188815e-01
0.19550 5.71115646e-01
0.19618 5.70699307e-01
0.19686 5.68447073e-01
0.19754 5.68102484e-01
0.19822 5.66062793e-01
0.19891 5.65653869e-01
0.19960 5.63550996e-01
0.20029 5.62813823e-01
0.20098 5.60833272e-01
0.20168 5.59764253e-01
0.20237 5.58248659e-01
0.20307 5.56723164e-01
0.20378 5.55875035e-01
0.20448 5.54121324e-01
0.20519 5.53039518e-01
0.20590 5.51410837e-01
0.20661 5.50298617e-01
0.20733 5.48934072e-01
0.20805 5.47379317e-01
0.20877 5.46764777e-01
0.20949 5.44499844e-01
0.21021 5.44119869e-01
0.21094 5.42171774e-01
0.21167 5.41191289e-01
0.21240 5.40039953e-01
0.21314 5.38399151e-01
0.21388 5.37413693e-01
0.21462 5.35582326e-01
0.21536 5.35071104e-01
0.21611 5.32814563e-01
0.21685 5.32290865e-01
0.21760 5.30324123e-01
0.21836 5.29559155e-01
0.21911 5.28385308e-01
0.21987 5.27058592e-01
0.22063 5.26220986e-01
0.22140 5.24482770e-01
0.22216 5.23474268e-01
0.22293 5.22674402e-01
0.22370 5.21045855e-01
0.22448 5.20275160e-01
0.22526 5.19086794e-01
0.22604 5.17773575e-01
0.22682 5.16672988e-01
0.22760 5.15230876e-01
0.22839 5.14549114e-01
0.22918 5.13049770e-01
0.22998 5.12106625e-01
0.23077 5.10475946e-01
0.23157 5.09664048e-01
0.23237 5.08235878e-01
0.23318 5.07604954e-01
0.23398 5.05677994e-01
0.23479 5.05150921e-01
0.23561 5.03300462e-01
0.23642 5.02814238e-01
0.23724 5.01502928e-01
0.23806 4.99577611e-01
0.23889 4.99395394e-01
0.23971 4.97588225e-01
0.24054 4.96322381e-01
0.24137 4.95453650e-01
0.24221 4.94481290e-01
0.24305 4.92467173e-01
0.24389 4.92194158e-01
0.24473 4.90648682e-01
0.24558 4.89043978e-01
0.24643 4.89523187e-01
0.24728 4.86736776e-01
0.24814 4.86078946e-01
0.24900 4.85925766e-01
0.24986 4.83324636e-01
0.25073 4.83472976e-01
0.25159 4.82316623e-01
0.25246 4.79980650e-01
0.25334 4.80094403e-01
0.25422 4.78873891e-01
0.25510 4.76841570e-01
0.25598 4.76851871e-01
0.25687 4.74813733e-01
0.25775 4.74502090e-01
0.25865 4.73089415e-01
0.25954 4.71781924e-01
0.26044 4.70805212e-01
0.26134 4.69754087e-01
0.26225 4.68362413e-01
0.26315 4.67524186e-01
0.26406 4.66480963e-01
0.26498 4.64646488e-01
0.26590 4.64992720e-01
0.26682 4.62008462e-01
0.26774 4.62325567e-01
0.26867 4.60464630e-01
0.26960 4.59481880e-01
0.27053 4.58181715e-01
0.27147 4.57036462e-01
0.27241 4.56143267e-01
0.27335 4.54706438e-01
0.27430 4.54168399e-01
0.27525 4.52574439e-01
0.27620 4.51235646e-01
0.27715 4.50911926e-01
0.27811 4.49237824e-01
0.27908 4.48286687e-01
0.28004 4.47519055e-01
0.28101 4.46514638e-01
0.28198 4.45135441e-01
0.28296 4.44177422e-01
0.28394 4.43076791e-01
0.28492 4.42447376e-01
0.28591 4.40570011e-01
0.28690 4.40847289e-01
0.28789 4.38512471e-01
0.28889 4.38447025e-01
0.28989 4.37131009e-01
0.29089 4.35794347e-01
0.29190 4.35175500e-01
0.29291 4.34475090e-01
0.29392 4.32081619e-01
0.29494 4.32723776e-01
0.29596 4.31113566e-01
0.29699 4.29705864e-01
0.29801 4.28957102e-01
0.29905 4.27967604e-01
0.30008 4.27116900e-01
0.30112 4.25341877e-01
0.30216 4.25021398e-01
0.30321 4.24617091e-01
0.30426 4.22046997e-01
0.30531 4.21652992e-01
0.30637 4.21294373e-01
0.30743 4.19146168e-01
0.30849 4.18182066e-01
0.30956 4.18048111e-01
0.31063 4.16558491e-01
0.31171 4.15121441e-01
0.31279 4.14462456e-01
0.31387 4.13903194e-01
0.31496 4.11822876e-01
0.31605 4.11391175e-01
0.31714 4.10511034e-01
0.31824 4.09181653e-01
0.31934 4.08289657e-01
0.32044 4.07268013e-01
0.32155 4.05806276e-01
0.32267 4.06101492e-01
0.32378 4.04148469e-01
0.32490 4.03347626e-01
0.32603 4.02252190e-01
0.32716 4.02834362e-01
0.32829 3.99518482e-01
0.32943 4.00261826e-01
0.33057 3.98290111e-01
0.33171 3.98020292e-01
0.33286 3.96854215e-01
0.33401 3.95949121e-01
0.33517 3.94763464e-01
0.33633 3.94656815e-01
0.33749 3.92940444e-01
0.33866 3.92341177e-01
0.33983 3.90967486e-01
0.34101 3.91953698e-01
0.34219 3.88093784e-01
0.34337 3.88428472e-01
0.34456 3.88910700e-01
0.34576 3.86152705e-01
0.34695 3.85214267e-01
0.34815 3.85152373e-01
0.34936 3.84909727e-01
0.35057 3.82304380e-01
0.35178 3.81722562e-01
0.35300 3.81743918e-01
0.35422 3.80627125e-01
0.35545 3.78509423e-01
0.35668 3.79089598e-01
0.35791 3.77256810e-01
0.35915 3.77506960e-01
0.36039 3.75118062e-01
0.36164 3.74437588e-01
0.36289 3.74427686e-01
0.36415 3.73606864e-01
0.36541 3.71076730e-01
0.36668 3.71551188e-01
0.36795 3.70859081e-01
0.36922 3.68998765e-01
0.37050 3.68521510e-01
0.37178 3.67715694e-01
0.37307 3.67111543e-01
0.37436 3.66585314e-01
0.37565 3.64435600e-01
0.37695 3.64658443e-01
0.37826 3.63580234e-01
0.37957 3.63700336e-01
0.38088 3.60489816e-01
0.38220 3.61610294e-01
0.38352 3.60669414e-01
0.38485 3.59404458e-01
0.38618 3.58462867e-01
0.38752 3.57295547e-01
0.38886 3.57402506e-01
0.39021 3.56977376e-01
0.39156 3.53871419e-01
0.39291 3.54629149e-01
0.39427 3.53793230e-01
0.39564 3.52442893e-01
0.39701 3.52483741e-01
0.39838 3.50278393e-01
0.39976 3.49022584e-01
0.40115 3.50313025e-01
0.40253 3.48366041e-01
0.40393 3.46932409e-01
0.40533 3.46244165e-01
0.40673 3.44784737e-01
0.40814 3.46381494e-01
0.40955 3.43979676e-01
0.41097 3.42164471e-01
0.41239 3.42485749e-01
0.41382 3.41740850e-01
0.41525 3.40775950e-01
0.41669 3.39957658e-01
0.41813 3.37759902e-01
0.41958 3.38514791e-01
0.42103 3.37849901e-01
0.42249 3.36386921e-01
0.42395 3.35558106e-01
0.42542 3.34684980e-01
0.42689 3.33880852e-01
0.42837 3.33951226e-01
0.42985 3.32952847e-01
0.43134 3.31746544e-01
0.43283 3.30447222e-01
0.43433 3.30534601e-01
0.43583 3.29870954e-01
0.43734 3.29925433e-01
0.43886 3.27233994e-01
0.44037 3.27162776e-01
0.44190 3.27434993e-01
0.44343 3.25953187e-01
0.44496 3.25055863e-01
0.44650 3.24289075e-01
0.44805 3.23850536e-01
0.44960 3.22960316e-01
0.45116 3.21754412e-01
0.45272 3.21773771e-01
0.45429 3.20296583e-01
0.45586 3.19986005e-01
0.45744 3.20024988e-01
0.45902 3.17409606e-01
0.46061 3.17272943e-01
0.46220 3.16226923e-01
0.46380 3.17561410e-01
0.46541 3.14112506e-01
0.46702 3.14480538e-01
0.46864 3.13822219e-01
0.47026 3.12300498e-01
0.47189 3.12944342e-01
0.47352 3.11270285e-01
0.47516 3.11458363e-01
0.47680 3.08351429e-01
0.47845 3.09712022e-01
0.48011 3.08345035e-01
0.48177 3.08739840e-01
0.48344 3.05981712e-01
0.48511 3.05524214e-01
0.48679 3.05608308e-01
0.48848 3.05430486e-01
0.49017 3.04104702e-01
0.49186 3.03527458e-01
0.49357 3.02826160e-01
0.49528 3.00383360e-01
0.49699 3.01689253e-01
0.49871 3.02950435e-01
0.50044 2.99332279e-01
0.50217 2.98260419e-01
0.50391 2.98477357e-01
0.50565 2.98488590e-01
0.50740 2.98166779e-01
0.50916 2.96248832e-01
0.51092 2.95802701e-01
0.51269 2.95291258e-01
0.51446 2.93582479e-01
0.51625 2.94447347e-01
0.51803 2.94325513e-01
0.51983 2.92701095e-01
0.52163 2.91415493e-01
0.52343 2.91033076e-01
0.52524 2.90716814e-01
0.52706 2.90577532e-01
0.52889 2.89533688e-01
0.53072 2.87899590e-01
0.53255 2.88540682e-01
0.53440 2.86985261e-01
0.53625 2.87221691e-01
0.53810 2.86503432e-01
0.53997 2.84925856e-01
0.54183 2.85769278e-01
0.54371 2.84820139e-01
0.54559 2.83071179e-01
0.54748 2.82716334e-01
0.54938 2.82874176e-01
0.55128 2.82449534e-01
0.55319 2.80919422e-01
0.55510 2.79650603e-01
0.55702 2.80697422e-01
0.55895 2.80253333e-01
0.56089 2.77966067e-01
0.56283 2.77389178e-01
0.56478 2.76496915e-01
0.56673 2.77894894e-01
0.56869 2.77489433e-01
0.57066 2.74868545e-01
0.57264 2.73627832e-01
0.57462 2.74774550e-01
0.57661 2.73650875e-01
0.57860 2.74263906e-01
0.58061 2.71792158e-01
0.58262 2.71739233e-01
0.58463 2.70045862e-01
0.58666 2.70498253e-01
0.58869 2.69936726e-01
0.59073 2.70486709e-01
0.59277 2.67920878e-01
0.59482 2.68447639e-01
0.59688 2.66324165e-01
0.59895 2.66409812e-01
0.60102 2.67943078e-01
0.60310 2.64807594e-01
0.60519 2.64805862e-01
0.60728 2.64037609e-01
0.60939 2.64913710e-01
0.61150 2.64526453e-01
0.61361 2.62249621e-01
0.61574 2.59815746e-01
0.61787 2.60846182e-01
0.62001 2.62167481e-01
0.62215 2.62303034e-01
0.62431 2.59746660e-01
0.62647 2.57961558e-01
0.62864 2.56314451e-01
0.63081 2.57811308e-01
0.63300 2.59690538e-01
0.63519 2.57513562e-01
0.63739 2.55318337e-01
0.63959 2.55515828e-01
0.64181 2.54705484e-01
0.64403 2.52869588e-01
0.64626 2.54404763e-01
0.64849 2.54679554e-01
0.65074 2.52564960e-01
0.65299 2.51860376e-01
0.65525 2.52559144e-01
0.65752 2.51701469e-01
0.65980 2.49421396e-01
0.66208 2.49954817e-01
0.66437 2.48936459e-01
0.66667 2.48779460e-01
0.66898 2.47750002e-01
0.67130 2.49336769e-01
0.67362 2.49404701e-01
0.67595 2.44985303e-01
0.67829 2.46205548e-01
0.68064 2.44704517e-01
0.68299 2.46787987e-01
0.68536 2.44579886e-01
0.68773 2.42944013e-01
0.69011 2.45921299e-01
0.69250 2.44382173e-01
0.69490 2.41043693e-01
0.69730 2.40553250e-01
0.69972 2.43476280e-01
0.70214 2.40694709e-01
0.70457 2.38632817e-01
0.70701 2.40268913e-01
0.70946 2.43224488e-01
0.71191 2.38971323e-01
0.71438 2.36399275e-01
0.71685 2.38101571e-01
0.71933 2.37457460e-01
0.72182 2.36688097e-01
0.72432 2.36602672e-01
0.72683 2.37122196e-01
0.72934 2.36591794e-01
0.73187 2.35636794e-01
0.73440 2.32289434e-01
0.73694 2.34693383e-01
0.73949 2.34053090e-01
0.74205 2.31334523e-01
0.74462 2.32176746e-01
0.74720 2.32939094e-01
0.74979 2.32234156e-01
0.75238 2.32342136e-01
0.75499 2.31134012e-01
0.75760 2.28737700e-01
0.76022 2.27841486e-01
0.76285 2.26513704e-01
0.76549 2.28754705e-01
0.76814 2.31818172e-01
0.77080 2.28708085e-01
0.77347 2.25769738e-01
0.77615 2.25998664e-01
0.77884 2.26215336e-01
0.78153 2.24468906e-01
0.78424 2.23740835e-01
0.78695 2.23046597e-01
0.78968 2.26818732e-01
0.79241 2.26620086e-01
0.79515 2.23633387e-01
0.79790 2.20962949e-01
0.80067 2.19502944e-01
0.80344 2.21308159e-01
0.80622 2.20835788e-01
0.80901 2.22620224e-01
0.81181 2.21355001e-01
0.81462 2.20252816e-01
0.81744 2.18251308e-01
0.82027 2.18139820e-01
0.82311 2.16312227e-01
0.82596 2.18065938e-01
0.82882 2.17979314e-01
0.83169 2.18063318e-01
0.83457 2.16183822e-01
0.83745 2.14201584e-01
0.84035 2.14713827e-01
0.84326 2.15114048e-01
0.84618 2.15050068e-01
0.84911 2.14503682e-01
0.85205 2.14307034e-01
0.85500 2.13464233e-01
0.85796 2.14187376e-01
0.86093 2.08502622e-01
0.86391 2.08192843e-01
0.86690 2.09998369e-01
0.86990 2.15121774e-01
0.87291 2.14187731e-01
0.87593 2.10262949e-01
0.87897 2.09093142e-01
0.88201 2.07005765e-01
0.88506 2.04226724e-01
0.88813 2.05767404e-01
0.89120 2.08526154e-01
0.89428 2.10905150e-01
0.89738 2.11145710e-01
0.90049 2.07856336e-01
0.90360 2.02866752e-01
0.90673 2.02993914e-01
0.90987 2.03397155e-01
0.91302 2.04009253e-01
0.91618 2.04646526e-01
0.91935 2.04683334e-01
0.92253 2.05984609e-01
0.92573 2.04249146e-01
0.92893 2.01545542e-01
0.93215 2.01593272e-01
0.93537 2.02083314e-01
0.93861 2.01219379e-01
0.94186 2.01528448e-01
0.94512 1.97713955e-01
0.94839 2.01283626e-01
0.95168 2.02107335e-01
0.95497 1.99570274e-01
0.95828 1.98131892e-01
0.96159 2.00196092e-01
0.96492 2.00511865e-01
0.96826 1.99859452e-01
0.97161 1.93872467e-01
0.97498 1.93829266e-01
0.97835 1.96393721e-01
0.98174 1.98009392e-01
0.98514 1.99480320e-01
0.98855 1.99850261e-01
0.99197 1.95092490e-01
0.99540 1.93158692e-01
0.99885 1.92127724e-01
1.00231 1.95533204e-01
1.00578 1.96118752e-01
1.00926 1.95340420e-01
1.01275 1.93637813e-01
1.01626 1.90846784e-01
1.01978 1.90330279e-01
1.02330 1.95077927e-01
1.02685 1.98398780e-01
1.03040 1.94156938e-01
1.03397 1.89346686e-01
1.03755 1.86125510e-01
1.04114 1.90302130e-01
1.04474 1.93555540e-01
1.04836 1.93405823e-01
1.05199 1.91933963e-01
1.05563 1.91777630e-01
1.05928 1.89845831e-01
1.06295 1.86635848e-01
1.06663 1.90651149e-01
1.07032 1.86582870e-01
1.07403 1.88265191e-01
1.07775 1.92628912e-01
1.08148 1.91644208e-01
1.08522 1.92464676e-01
1.08898 1.87776405e-01
1.09275 1.82490789e-01
1.09653 1.81564076e-01
1.10032 1.88233800e-01
1.10413 1.91507501e-01
1.10796 1.91932498e-01
1.11179 1.86969230e-01
1.11564 1.84007155e-01
1.11950 1.84780324e-01
1.12338 1.85978413e-01
1.12726 1.88641392e-01
1.13117 1.87756895e-01
1.13508 1.83507962e-01
1.13901 1.83349001e-01
1.14295 1.83460467e-01
1.14691 1.85450941e-01
1.15088 1.88100911e-01
1.15487 1.84140449e-01
1.15886 1.85394691e-01
1.16287 1.85200969e-01
1.16690 1.82362655e-01
1.17094 1.84021750e-01
1.17499 1.85676182e-01
1.17906 1.82272612e-01
1.18314 1.82812689e-01
1.18724 1.82952380e-01
1.19135 1.82007588e-01
1.19547 1.82732089e-01
1.19961 1.82432838e-01
1.20376 1.86207029e-01
1.20793 1.83582634e-01
1.21211 1.80188018e-01
1.21630 1.80886546e-01
1.22052 1.81114291e-01
1.22474 1.84746313e-01
1.22898 1.81065194e-01
1.23323 1.79414668e-01
1.23750 1.77855833e-01
1.24179 1.76663258e-01
1.24609 1.82621418e-01
1.25040 1.82594645e-01
1.25473 1.83928865e-01
1.25907 1.82642552e-01
1.26343 1.82703314e-01
1.26780 1.79573780e-01
1.27219 1.74715123e-01
1.27659 1.75299649e-01
1.28101 1.75979755e-01
1.28545 1.75684895e-01
1.28990 1.78513708e-01
1.29436 1.80033537e-01
1.29884 1.81877940e-01
1.30334 1.81153332e-01
1.30785 1.81527224e-01
1.31238 1.82430098e-01
1.31692 1.78421267e-01
1.32148 1.76632080e-01
1.32605 1.70989151e-01
1.33064 1.71044362e-01
1.33525 1.69407148e-01
1.33987 1.69997992e-01
1.34451 1.78094527e-01
1.34916 1.81970514e-01
1.35383 1.82815268e-01
1.35852 1.87865546e-01
1.36322 1.81355130e-01
1.36794 1.74036682e-01
1.37268 1.70272890e-01
1.37743 1.65748188e-01
1.38220 1.68126705e-01
1.38698 1.67865922e-01
1.39178 1.70927160e-01
1.39660 1.72343080e-01
1.40144 1.76032858e-01
1.40629 1.77391675e-01
1.41115 1.80890040e-01
1.41604 1.82773932e-01
1.42094 1.79623579e-01
1.42586 1.74958759e-01
1.43080 1.68834952e-01
1.43575 1.63151587e-01
1.44072 1.59753198e-01
1.44571 1.60766877e-01
1.45071 1.63585815e-01
1.45573 1.69635794e-01
1.46077 1.77360018e-01
1.46583 1.82388762e-01
1.47090 1.79674865e-01
1.47599 1.75208474e-01
1.48110 1.69510928e-01
1.48623 1.65670519e-01
1.49137 1.63934892e-01
1.49654 1.64784224e-01
1.50172 1.66702526e-01
1.50692 1.66245992e-01
1.51213 1.65665187e-01
1.51737 1.62355140e-01
1.52262 1.61052799e-01
1.52789 1.62244771e-01
1.53318 1.68493294e-01
1.53849 1.72046315e-01
1.54381 1.72714606e-01
1.54916 1.76214205e-01
1.55452 1.70503801e-01
1.55990 1.65751873e-01
1.56530 1.61650841e-01
1.57072 1.57564336e-01
1.57615 1.54502907e-01
1.58161 1.55808587e-01
1.58709 1.56378358e-01
1.59258 1.57762191e-01
1.59809 1.60728351e-01
1.60362 1.64229619e-01
1.60918 1.67496558e-01
1.61475 1.69959404e-01
1.62034 1.70431824e-01
1.62594 1.65534531e-01
1.63157 1.62044953e-01
1.63722 1.59223746e-01
1.64289 1.56499690e-01
1.64857 1.53715486e-01
1.65428 1.51037900e-01
1.66001 1.48398884e-01
1.66575 1.48367955e-01
1.67152 1.51676101e-01
1.67731 1.57189422e-01
1.68311 1.63007984e-01
1.68894 1.66188609e-01
1.69478 1.65055788e-01
1.70065 1.62735413e-01
1.70654 1.57847537e-01
1.71245 1.52991584e-01
1.71837 1.51422746e-01
1.72432 1.49602430e-01
1.73029 1.48744760e-01
1.73628 1.49478772e-01
1.74229 1.49464608e-01
1.74832 1.48780364e-01
1.75437 1.47581764e-01
1.76045 1.47667007e-01
1.76654 1.50299790e-01
1.77266 1.53365255e-01
1.77879 1.57033232e-01
1.78495 1.56918018e-01
1.79113 1.55198393e-01
1.79733 1.52550768e-01
1.80355 1.48759065e-01
1.80979 1.45591911e-01
1.81606 1.43544290e-01
1.82234 1.41756075e-01
1.82865 1.40297389e-01
1.83498 1.40521973e-01
1.84133 1.42312594e-01
1.84771 1.44468511e-01
1.85410 1.47005114e-01
1.86052 1.48922417e-01
1.86696 1.48969313e-01
1.87342 1.48295911e-01
1.87991 1.46758752e-01
1.88642 1.44556836e-01
1.89295 1.43104534e-01
1.89950 1.41706165e-01
1.90607 1.39824884e-01
1.91267 1.38533004e-01
1.91929 1.37302929e-01
1.92594 1.36214844e-01
1.93260 1.35596055e-01
1.93929 1.35271060e-01
1.94601 1.35925569e-01
1.95274 1.37708576e-01
1.95950 1.40187232e-01
1.96629 1.42334345e-01
1.97309 1.42967236e-01
1.97992 1.42180855e-01
1.98678 1.40105803e-01
1.99365 1.37429948e-01
2.00055 1.34897159e-01
2.00748 1.32897432e-01
2.01443 1.31297584e-01
2.02140 1.30132737e-01
2.02840 1.29950790e-01
2.03542 1.30670976e-01
2.04247 1.31676987e-01
2.04954 1.32493072e-01
2.05663 1.32834459e-01
2.06375 1.32549798e-01
2.07090 1.32085351e-01
2.07806 1.31700927e-01
2.08526 1.31231664e-01
2.09247 1.30609269e-01
2.09972 1.29869307e-01
2.10699 1.29051886e-01
2.11428 1.28388408e-01
2.12160 1.27979457e-01
2.12894 1.27476516e-01
2.13631 1.26703618e-01
2.14371 1.25721837e-01
2.15113 1.24646438e-01
2.15857 1.23870299e-01
2.16605 1.23736282e-01
2.17354 1.24254022e-01
2.18107 1.25138896e-01
2.18862 1.25927626e-01
2.19619 1.26201335e-01
2.20380 1.25737501e-01
2.21143 1.24570056e-01
2.21908 1.23022037e-01
2.22676 1.21480385e-01
2.23447 1.20181179e-01
2.24220 1.19228825e-01
2.24997 1.18705820e-01
2.25775 1.18630033e-01
2.26557 1.18856766e-01
2.27341 1.19115521e-01
2.28128 1.19165888e-01
2.28918 1.18894964e-01
2.29710 1.18359256e-01
2.30505 1.17783037e-01
2.31303 1.17357854e-01
2.32104 1.17094668e-01
2.32908 1.16894442e-01
2.33714 1.16673872e-01
2.34523 1.16419033e-01
2.35335 1.16143074e-01
2.36149 1.15825428e-01
2.36967 1.15394534e-01
2.37787 1.14770133e-01
2.38610 1.13940643e-01
2.39436 1.12975436e-01
2.40265 1.11992265e-01
2.41097 1.11139638e-01
2.41931 1.10551782e-01
2.42769 1.10285262e-01
2.43609 1.10298054e-01
2.44452 1.10470938e-01
2.45298 1.10639614e-01
2.46148 1.10635640e-01
2.47000 1.10342880e-01
2.47855 1.09745638e-01
2.48713 1.08935689e-01
2.49574 1.08072770e-01
2.50438 1.07316350e-01
2.51304 1.06767592e-01
2.52174 1.06449946e-01
2.53047 1.06317971e-01
2.53923 1.06277874e-01
2.54802 1.06217556e-01
2.55684 1.06044401e-01
2.56569 1.05717164e-01
2.57457 1.05256922e-01
2.58349 1.04731595e-01
2.59243 1.04217123e-01
2.60140 1.03759141e-01
2.61041 1.03362232e-01
2.61944 1.03005816e-01
2.62851 1.02666591e-01
2.63761 1.02330172e-01
2.64674 1.01987382e-01
2.65590 1.01625655e-01
2.66510 1.01228159e-01
2.67432 1.00781442e-01
2.68358 1.00283261e-01
2.69287 9.97446133e-02
2.70219 9.91871402e-02
2.71154 9.86399102e-02
2.72093 9.81353664e-02
2.73035 9.77018093e-02
2.73980 9.73543127e-02
2.74928 9.70896398e-02
2.75880 9.68869050e-02
2.76835 9.67121688e-02
2.77793 9.65257465e-02
2.78755 9.62922247e-02
2.79720 9.59910640e-02
2.80688 9.56238848e-02
2.81660 9.52141927e-02
2.82635 9.47982846e-02
2.83613 9.44107081e-02
2.84595 9.40711902e-02
2.85580 9.37786830e-02
2.86569 9.35136816e-02
2.87561 9.32466422e-02
2.88556 9.29489713e-02
2.89555 9.26028067e-02
2.90557 9.22063103e-02
2.91563 9.17724912e-02
2.92572 9.13225638e-02
2.93585 9.08774050e-02
2.94601 9.04508897e-02
2.95621 9.00474802e-02
2.96644 8.96638553e-02
2.97671 8.92931641e-02
2.98702 8.89292306e-02
2.99736 8.85690845e-02
3.00773 8.82128455e-02
3.01814 8.78618014e-02
3.02859 8.75163294e-02
3.03907 8.71749156e-02
3.04960 8.68347317e-02
3.06015 8.64930160e-02
3.07074 8.61486407e-02
3.08137 8.58029201e-02
3.09204 8.54593840e-02
3.10274 8.51227121e-02
3.11348 8.47972912e-02
3.12426 8.44861004e-02
3.13508 8.41901434e-02
3.14593 8.39084742e-02
3.15682 8.36384423e-02
3.16775 8.33761315e-02
3.17871 8.31168400e-02
3.18972 8.28559322e-02
3.20076 8.25897631e-02
3.21184 8.23164944e-02
3.22295 8.20363615e-02
3.23411 8.17512380e-02
3.24531 8.14635616e-02
3.25654 8.11750770e-02
3.26781 8.08858954e-02
3.27912 8.05942140e-02
3.29047 8.02968450e-02
3.30187 7.99902808e-02
3.31330 7.96719194e-02
3.32476 7.93409041e-02
3.33627 7.89984247e-02
3.34782 7.86473495e-02
3.35941 7.82913858e-02
3.37104 7.79341967e-02
3.38271 7.75786459e-02
3.39442 7.72265140e-02
3.40617 7.68785778e-02
3.41796 7.65349618e-02
3.42979 7.61955371e-02
3.44166 7.58602904e-02
3.45358 7.55294616e-02
3.46553 7.52035034e-02
3.47753 7.48828955e-02
3.48957 7.45679441e-02
3.50164 7.42586315e-02
3.51377 7.39546424e-02
3.52593 7.36554797e-02
3.53814 7.33606726e-02
3.55038 7.30699769e-02
3.56267 7.27834548e-02
3.57500 7.25014393e-02
3.58738 7.22243878e-02
3.59980 7.19527486e-02
3.61226 7.16867615e-02
3.62476 7.14264665e-02
3.63731 7.11716282e-02
3.64990 7.09218294e-02
3.66254 7.06764750e-02
3.67521 7.04348324e-02
3.68794 7.01960270e-02
3.70070 6.99590776e-02
3.71351 6.97229406e-02
3.72637 6.94865372e-02
3.73927 6.92488862e-02
3.75221 6.90091174e-02
3.76520 6.87665513e-02
3.77823 6.85206641e-02
3.79131 6.82710828e-02
3.80443 6.80175499e-02
3.81760 6.77599012e-02
3.83082 6.74980344e-02
3.84408 6.72319496e-02
3.85739 6.69617579e-02
3.87074 6.66876856e-02
3.88414 6.64100834e-02
3.89758 6.61294444e-02
3.91107 6.58463366e-02
3.92461 6.55613597e-02
3.93820 6.52751440e-02
3.95183 6.49882800e-02
3.96551 6.47013272e-02
3.97924 6.44147874e-02
3.99301 6.41291134e-02
4.00683 6.38447314e-02
4.02070 6.35620499e-02
4.03462 6.32814286e-02
4.04859 6.30032492e-02
4.06260 6.27278405e-02
4.07667 6.24555397e-02
4.09078 6.21866444e-02
4.10494 6.19214166e-02
4.11915 6.16600960e-02
4.13341 6.14028868e-02
4.14771 6.11499311e-02
4.16207 6.09013621e-02
4.17648 6.06572509e-02
4.19094 6.04176374e-02
4.20545 6.01825306e-02
4.22000 5.99518859e-02
4.23461 5.97256102e-02
4.24927 5.95035569e-02
4.26398 5.92855307e-02
4.27874 5.90712740e-02
4.29355 5.88604717e-02
4.30841 5.86527508e-02
4.32332 5.84477027e-02
4.33829 5.82448746e-02
4.35331 5.80437914e-02
4.36838 5.78439382e-02
4.38350 5.76448086e-02
4.39867 5.74458922e-02
4.41390 5.72466871e-02
4.42918 5.70467184e-02
4.44451 5.68455509e-02
4.45990 5.66427850e-02
4.47533 5.64380743e-02
4.49083 5.62311437e-02
4.50637 5.60217577e-02
4.52197 5.58097522e-02
4.53762 5.55950293e-02
4.55333 5.53775448e-02
4.56909 5.51573119e-02
4.58491 5.49343928e-02
4.60078 5.47089030e-02
4.61670 5.44810022e-02
4.63269 5.42508682e-02
4.64872 5.40187361e-02
4.66481 5.37848591e-02
4.68096 5.35494991e-02
4.69717 5.33129537e-02
4.71343 5.30755158e-02
4.72974 5.28375052e-02
4.74611 5.25992326e-02
4.76254 5.23610088e-02
4.77903 5.21231580e-02
4.79557 5.18859865e-02
4.81217 5.16498052e-02
4.82883 5.14149158e-02
4.84555 5.11816027e-02
4.86232 5.09501588e-02
4.87915 5.07208506e-02
4.89604 5.04939355e-02
4.91299 5.02696489e-02
4.92999 5.00482217e-02
4.94706 4.98298492e-02
4.96418 4.96147178e-02
4.98137 4.94029964e-02
4.99861 4.91948137e-02
5.01591 4.89902762e-02
5.03328 4.87894772e-02
5.05070 4.85924611e-02
5.06818 4.83992545e-02
5.08573 4.82098486e-02
5.10333 4.80242122e-02
5.12100 4.78422743e-02
5.13873 4.76639372e-02
5.15651 4.74890767e-02
5.17436 4.73175329e-02
5.19228 4.71491237e-02
5.21025 4.69836404e-02
5.22828 4.68208478e-02
5.24638 4.66604928e-02
5.26454 4.65023089e-02
5.28277 4.63460032e-02
5.30105 4.61912780e-02
5.31940 4.60378228e-02
5.33782 4.58853265e-02
5.35629 4.57334785e-02
5.37484 4.55819768e-02
5.39344 4.54304974e-02
5.41211 4.52787648e-02
5.43084 4.51264994e-02
5.44965 4.49734349e-02
5.46851 4.48193314e-02
5.48744 4.46639669e-02
5.50643 4.45071461e-02
5.52550 4.43487136e-02
5.54462 4.41885006e-02
5.56381 4.40264051e-02
5.58308 4.38623471e-02
5.60240 4.36962422e-02
5.62179 4.35280772e-02
5.64125 4.33578343e-02
5.66078 4.31855224e-02
5.68038 4.30111902e-02
5.70004 4.28348911e-02
5.71977 4.26567095e-02
5.73957 4.24767430e-02
5.75944 4.22951114e-02
5.77938 4.21119526e-02
5.79938 4.19273951e-02
5.81946 4.17416122e-02
5.83960 4.15547636e-02
5.85982 4.13670316e-02
5.88010 4.11785980e-02
5.90045 4.09896538e-02
5.92088 4.08003899e-02
5.94137 4.06110061e-02
5.96194 4.04216934e-02
5.98258 4.02326604e-02
6.00329 4.00440980e-02
6.02407 3.98561928e-02
6.04492 3.96691445e-02
6.06585 3.94831351e-02
6.08684 3.92983379e-02
6.10791 3.91149304e-02
6.12906 3.89330768e-02
6.15027 3.87529238e-02
6.17156 3.85746312e-02
6.19293 3.83983144e-02
6.21436 3.82241021e-02
6.23588 3.80521054e-02
6.25746 3.78824308e-02
6.27912 3.77151538e-02
6.30086 3.75503454e-02
6.32267 3.73880723e-02
6.34455 3.72283699e-02
6.36652 3.70712783e-02
6.38856 3.69168062e-02
6.41067 3.67649582e-02
6.43286 3.66157343e-02
6.45513 3.64690944e-02
6.47747 3.63250208e-02
6.49990 3.61834470e-02
6.52240 3.60443152e-02
6.54497 3.59075632e-02
6.56763 3.57730933e-02
6.59037 3.56408213e-02
6.61318 3.55106449e-02
6.63607 3.53824399e-02
6.65904 3.52560997e-02
6.68209 3.51314956e-02
6.70522 3.51403489e-02
6.72843 3.55936463e-02
6.75172 3.60342541e-02
6.77510 3.64839329e-02
6.79855 3.69633952e-02
6.82208 3.74173630e-02
6.84570 3.79017137e-02
6.86939 3.83989271e-02
6.89317 3.89122399e-02
6.91704 3.94144483e-02
6.94098 3.99183040e-02
6.96500 4.04814025e-02
6.98911 4.10090566e-02
7.01331 4.15489206e-02
7.03759 4.20911334e-02
7.06195 4.26555506e-02
7.08639 4.32304063e-02
7.11092 4.38381491e-02
7.13554 4.44069530e-02
7.16024 4.50220840e-02
7.18502 4.56174480e-02
7.20990 4.62170922e-02
7.23485 4.68575888e-02
7.25990 4.75039951e-02
7.28503 4.81650623e-02
7.31025 4.88399689e-02
7.33555 4.95299804e-02
7.36094 5.02238992e-02
7.38642 5.09472418e-02
7.41199 5.16842418e-02
7.43765 5.24198876e-02
7.46340 5.32011101e-02
7.48923 5.40247789e-02
7.51516 5.48235527e-02
7.54117 5.56769606e-02
7.56727 5.65381208e-02
7.59347 5.74212990e-02
7.61975 5.83448634e-02
7.64613 5.92919731e-02
7.67260 6.02724184e-02
7.69916 6.12899642e-02
7.72581 6.23076655e-02
7.75255 6.33944044e-02
7.77939 6.45013274e-02
7.80632 6.56548838e-02
7.83334 6.68492039e-02
7.86046 6.80679617e-02
7.88767 6.93215602e-02
7.91497 7.06545236e-02
7.94237 7.20110413e-02
7.96986 7.34234719e-02
7.99745 7.48479793e-02
8.02513 7.63727064e-02
8.05291 7.79699564e-02
8.08079 7.95686095e-02
8.10876 8.12555786e-02
8.13683 8.29990512e-02
8.16500 8.48041510e-02
8.19326 8.66947429e-02
8.22162 8.86527518e-02
8.25008 9.07049776e-02
8.27864 9.28283321e-02
8.30730 9.50345104e-02
8.33605 9.73672331e-02
8.36491 9.97854968e-02
8.39386 1.02328973e-01
8.42292 1.04987738e-01
8.45208 1.07787065e-01
8.48133 1.10730465e-01
8.51069 1.13837080e-01
8.54016 1.17141444e-01
8.56972 1.20620241e-01
8.59938 1.24348212e-01
8.62915 1.28284210e-01
8.65902 1.32532433e-01
8.68899 1.37100944e-01
8.71907 1.42026192e-01
8.74925 1.47344446e-01
8.77954 1.53133260e-01
8.80993 1.59478282e-01
8.84043 1.66496373e-01
8.87103 1.74249896e-01
8.90174 1.82952855e-01
8.93255 1.92766392e-01
8.96347 2.03970350e-01
8.99450 2.16952781e-01
9.02563 2.32162512e-01
9.05688 2.50322787e-01
9.08823 2.72405571e-01
9.11969 2.99805565e-01
9.15126 3.34379832e-01
9.18294 3.78345036e-01
9.21472 4.32670989e-01
9.24662 4.93686903e-01
9.27863 5.50038273e-01
9.31075 5.89015657e-01
9.34298 6.07782986e-01
9.37532 6.11219728e-01
9.40777 6.04996083e-01
9.44034 5.92295245e-01
9.47302 5.74211614e-01
9.50581 5.53630393e-01
9.53871 5.38899894e-01
9.57173 5.37672589e-01
9.60487 5.51905409e-01
9.63811 5.80187365e-01
9.67148 6.19561374e-01
9.70495 6.66845642e-01
9.73855 7.18434713e-01
9.77226 7.69761202e-01
9.80609 8.18655947e-01
9.84003 8.66941391e-01
9.87409 9.18170377e-01
9.90827 9.75455612e-01
9.94257 1.04212834e+00
9.97699 1.12203062e+00
10.01153 1.22017034e+00
10.04618 1.34220965e+00
10.08096 1.48734081e+00
10.11585 1.62633577e+00
10.15087 1.71577007e+00
10.18601 1.76363860e+00
10.22127 1.75519771e+00
10.25665 1.67790744e+00
10.29215 1.62121987e+00
10.32778 1.61357934e+00
10.36353 1.64752651e+00
10.39941 1.70421253e+00
10.43540 1.74269005e+00
10.47153 1.71745181e+00
10.50777 1.64245110e+00
10.54415 1.56578389e+00
10.58065 1.49414285e+00
10.61727 1.43054926e+00
10.65403 1.37951923e+00
10.69091 1.36193319e+00
10.72791 1.36909318e+00
10.76505 1.37517563e+00
10.80231 1.37789721e+00
10.83971 1.39347264e+00
10.87723 1.42518330e+00
10.91488 1.46395485e+00
10.95266 1.50461477e+00
10.99058 1.54609041e+00
11.02862 1.58514216e+00
11.06680 1.61717720e+00
11.10511 1.64113713e+00
11.14355 1.65802640e+00
11.18212 1.67081258e+00
11.22083 1.68053187e+00
11.25967 1.68903141e+00
11.29865 1.69577115e+00
11.33776 1.70097585e+00
11.37701 1.70406645e+00
11.41639 1.70470013e+00
11.45591 1.70556202e+00
11.49556 1.71019050e+00
11.53536 1.71477622e+00
11.57529 1.71194243e+00
11.61536 1.70118951e+00
11.65556 1.68629020e+00
11.69591 1.66977708e+00
11.73640 1.65600296e+00
11.77702 1.65273481e+00
11.81779 1.66428090e+00
11.85870 1.70482303e+00
11.89975 1.76157311e+00
11.94094 1.72614222e+00
11.98227 1.61983002e+00
12.02375 1.52308348e+00
12.06537 1.43080914e+00
12.10714 1.33121550e+00
12.14905 1.23028653e+00
12.19110 1.14687411e+00
12.23330 1.07948712e+00
12.27565 1.01141673e+00
12.31814 9.31484738e-01
12.36078 8.45708245e-01
12.40357 7.66122888e-01
12.44651 6.98228450e-01
12.48959 6.42708648e-01
12.53283 5.97653659e-01
12.57621 5.60916611e-01
12.61974 5.30535200e-01
12.66343 5.04919642e-01
12.70726 4.82874464e-01
12.75125 4.63464427e-01
12.79539 4.45948450e-01
12.83968 4.29794886e-01
12.88413 4.14626869e-01
12.92873 4.00164413e-01
12.97348 3.86227075e-01
13.01839 3.72782755e-01
13.06345 3.59740788e-01
13.10867 3.47139757e-01
13.15405 3.35013540e-01
13.19959 3.23423231e-01
13.24528 3.12386545e-01
13.29113 3.01933675e-01
13.33713 2.92095301e-01
13.38330 2.82896820e-01
13.42963 2.74321848e-01
13.47612 2.66379798e-01
13.52277 2.59049402e-01
13.56958 2.52285862e-01
13.61655 2.46124873e-01
13.66368 2.40496196e-01
13.71098 2.35396235e-01
13.75844 2.30786360e-01
13.80607 2.26676696e-01
13.85386 2.23014895e-01
13.90182 2.19798382e-01
13.94994 2.17005266e-01
13.99823 2.14629156e-01
14.04668 2.12647451e-01
14.09531 2.11056954e-01
14.14410 2.09870408e-01
14.19306 2.09050607e-01
14.24219 2.08626454e-01
14.29149 2.08575216e-01
14.34096 2.08932503e-01
14.39060 2.09707194e-01
14.44042 2.10897114e-01
14.49041 2.12512919e-01
14.54057 2.14629778e-01
14.59090 2.17264385e-01
14.64141 2.20448531e-01
14.69209 2.24266043e-01
14.74295 2.28773842e-01
14.79398 2.34083371e-01
14.84519 2.40320861e-01
14.89658 2.47622086e-01
14.94814 2.56214152e-01
14.99989 2.66394450e-01
15.05181 2.78472360e-01
15.10392 2.92942364e-01
15.15620 3.10406749e-01
15.20866 3.31677102e-01
15.26131 3.57538548e-01
15.31414 3.88748640e-01
15.36715 4.25263022e-01
15.42034 4.65168410e-01
15.47372 5.03678662e-01
15.52729 5.34529558e-01
15.58103 5.53166990e-01
15.63497 5.59867661e-01
15.68909 5.59329000e-01
15.74340 5.58030833e-01
15.79790 5.61828631e-01
15.85258 5.74546212e-01
15.90746 5.97783662e-01
15.96252 6.31431803e-01
16.01778 6.74240551e-01
16.07323 7.24022453e-01
16.12886 7.77769363e-01
16.18470 8.32741270e-01
16.24072 8.86685849e-01
16.29694 9.38460156e-01
16.35335 9.87461106e-01
16.40996 1.03293674e+00
16.46677 1.07364133e+00
16.52377 1.10805102e+00
16.58097 1.13445037e+00
16.63836 1.15149149e+00
16.69596 1.15823927e+00
16.75375 1.15441430e+00
16.81175 1.13943085e+00
16.86994 1.11369679e+00
16.92834 1.07891969e+00
16.98694 1.03805824e+00
17.04574 9.94850642e-01
17.10474 9.53871263e-01
17.16395 9.20150351e-01
17.22337 8.98146865e-01
17.28299 8.91059426e-01
17.34281 9.00698578e-01
17.40285 9.27484742e-01
17.46309 9.69664964e-01
17.52354 1.02195067e+00
17.58420 1.07473113e+00
17.64507 1.11618474e+00
17.70615 1.13764064e+00
17.76744 1.13786420e+00
17.82894 1.12259517e+00
17.89066 1.10144590e+00
17.95259 1.08509480e+00
18.01473 1.08176045e+00
18.07709 1.09597240e+00
18.13967 1.12787730e+00
18.20246 1.17439638e+00
18.26547 1.23026655e+00
18.32870 1.28837713e+00
18.39214 1.34553205e+00
18.45581 1.40657486e+00
18.51969 1.47788113e+00
18.58380 1.56074924e+00
18.64813 1.65076003e+00
18.71268 1.74405109e+00
18.77746 1.83874031e+00
18.84246 1.93427934e+00
18.90768 2.02897122e+00
18.97313 2.11857886e+00
19.03881 2.19685606e+00
19.10472 2.25787631e+00
19.17085 2.29852984e+00
19.23721 2.31948042e+00
19.30380 2.32772772e+00
19.37062 2.33509235e+00
19.43768 2.35202207e+00
19.50496 2.38412948e+00
19.57248 2.43260851e+00
19.64023 2.49636469e+00
19.70822 2.56886767e+00
19.77644 2.64115931e+00
19.84490 2.70226214e+00
19.91359 2.73838110e+00
19.98252 2.73850586e+00
20.05169 2.70143497e+00
20.12110 2.63233880e+00
20.19076 2.54102621e+00
20.26065 2.43675636e+00
20.33078 2.32352792e+00
20.40116 2.20529929e+00
20.47178 2.08665135e+00
20.54264 1.97365317e+00
20.61375 1.87601064e+00
20.68511 1.80254965e+00
20.75671 1.75666593e+00
20.82856 1.74084652e+00
20.90066 1.75303743e+00
20.97301 1.77992212e+00
21.04561 1.80559970e+00
21.11846 1.81107245e+00
21.19157 1.79492017e+00
21.26492 1.77056810e+00
21.33853 1.75326143e+00
21.41240 1.71488384e+00
21.48652 1.65587580e+00
21.56090 1.63418551e+00
21.63553 1.65144202e+00
21.71043 1.69009577e+00
21.78558 1.73846957e+00
21.86099 1.79373292e+00
21.93666 1.85191201e+00
22.01260 1.91188043e+00
22.08880 1.96828264e+00
22.16526 2.01577954e+00
22.24199 2.04975042e+00
22.31898 2.07015444e+00
22.39624 2.08109194e+00
22.47377 2.08887748e+00
22.55156 2.10128683e+00
22.62962 2.12060616e+00
22.70796 2.15007089e+00
22.78656 2.18685584e+00
22.86544 2.23065334e+00
22.94459 2.27786830e+00
23.02402 2.32849895e+00
23.10372 2.38065652e+00
23.18369 2.43451727e+00
23.26394 2.48827590e+00
23.34447 2.54193019e+00
23.42528 2.59332808e+00
23.50637 2.64273462e+00
23.58774 2.68852567e+00
23.66939 2.73214157e+00
23.75133 2.77178366e+00
23.83354 2.80970881e+00
23.91604 2.84400559e+00
23.99883 2.87721013e+00
24.08191 2.90842777e+00
24.16527 2.93856072e+00
24.24892 2.96661308e+00
24.33286 2.98745489e+00
24.41709 2.99822011e+00
24.50161 2.99377256e+00
24.58642 2.97576614e+00
24.67153 2.95069258e+00
24.75693 2.92964387e+00
24.84263 2.92379683e+00
24.92863 2.92953642e+00
25.01492 2.94795398e+00
25.10151 2.97117785e+00
25.18840 2.98748597e+00
25.27559 2.98826474e+00
25.36309 2.96461464e+00
25.45088 2.91921697e+00
25.53898 2.85987682e+00
25.62739 2.79078864e+00
25.71610 2.71407166e+00
25.80512 2.63156669e+00
25.89444 2.54657665e+00
25.98408 2.46542810e+00
26.07403 2.39347924e+00
26.16428 2.33146132e+00
26.25485 2.28087915e+00
26.34574 2.24103854e+00
26.43694 2.20924157e+00
26.52845 2.18633139e+00
26.62028 2.17463199e+00
26.71243 2.17353549e+00
26.80489 2.18346604e+00
26.89768 2.20621709e+00
26.99079 2.23897834e+00
27.08422 2.27861821e+00
27.17798 2.32219948e+00
27.27205 2.36647205e+00
27.36646 2.40753228e+00
27.46119 2.44423421e+00
27.55625 2.47715548e+00
27.65164 2.50713880e+00
27.74736 2.53421303e+00
27.84341 2.55726329e+00
27.93979 2.57346085e+00
28.03650 2.57872847e+00
28.13355 2.56870162e+00
28.23094 2.53934327e+00
28.32867 2.48886771e+00
28.42673 2.41963896e+00
28.52513 2.33703791e+00
28.62387 2.24818889e+00
28.72295 2.15968544e+00
28.82238 2.07635104e+00
28.92215 2.00109934e+00
29.02227 1.93432219e+00
29.12273 1.87599328e+00
29.22354 1.82549681e+00
29.32470 1.78186040e+00
29.42621 1.74392895e+00
29.52807 1.70982335e+00
29.63029 1.67769689e+00
29.73286 1.64567486e+00
29.83578 1.61196913e+00
29.93906 1.57521472e+00
30.04269 1.53543711e+00
30.14669 1.49296696e+00
30.25104 1.44942548e+00
30.35576 1.40705110e+00
30.46084 1.36807296e+00
30.56628 1.33422084e+00
30.67209 1.30661084e+00
30.77826 1.28585770e+00
30.88481 1.27157169e+00
30.99172 1.26305275e+00
31.09900 1.25963954e+00
31.20665 1.26067797e+00
31.31467 1.26561734e+00
31.42307 1.27409947e+00
31.53184 1.28602469e+00
31.64099 1.30158742e+00
31.75052 1.32138307e+00
31.86043 1.34621697e+00
31.97072 1.37674579e+00
32.08139 1.41382596e+00
32.19244 1.45826987e+00
32.30388 1.51076705e+00
32.41570 1.57181008e+00
32.52791 1.64154490e+00
32.64051 1.71955503e+00
32.75349 1.80467228e+00
32.86687 1.89494995e+00
32.98064 1.98769427e+00
33.09481 2.07967154e+00
33.20937 2.16696482e+00
33.32433 2.24396317e+00
33.43968 2.30278100e+00
33.55544 2.34196347e+00
33.67159 2.37906433e+00
33.78815 2.42364548e+00
33.90511 2.46706424e+00
34.02247 2.50265129e+00
34.14024 2.52796106e+00
34.25842 2.54239018e+00
34.37701 2.54598036e+00
34.49601 2.53911390e+00
34.61542 2.52240085e+00
34.73525 2.49659291e+00
34.85549 2.46243155e+00
34.97614 2.42049264e+00
35.09721 2.37107588e+00
35.21871 2.31419429e+00
35.34062 2.24983627e+00
35.46295 2.17825565e+00
35.58571 2.10054429e+00
35.70889 2.01863481e+00
35.83250 1.93509976e+00
35.95654 1.85242758e+00
36.08101 1.77255554e+00
36.20590 1.69649292e+00
36.33123 1.62434234e+00
36.45700 1.55547941e+00
36.58320 1.48891107e+00
36.70983 1.42356798e+00
36.83691 1.35858161e+00
36.96442 1.29350467e+00
37.09238 1.22836498e+00
37.22077 1.16364053e+00
37.34962 1.10013574e+00
37.47890 1.03877889e+00
37.60864 9.80448570e-01
37.73883 9.25828090e-01
37.86946 8.75514010e-01
38.00055 8.29317852e-01
38.13209 7.86821369e-01
38.26409 7.47521552e-01
38.39654 7.10785481e-01
38.52946 6.75963182e-01
38.66283 6.42476658e-01
38.79667 6.09899401e-01
38.93096 5.77996758e-01
39.06573 5.46727747e-01
39.20096 5.16252431e-01
39.33665 4.86864337e-01
39.47282 4.58788441e-01
39.60946 4.32207760e-01
39.74657 4.07234758e-01
39.88416 3.83922493e-01
40.02222 3.62271144e-01
40.16076 3.42240706e-01
40.29978 3.23951236e-01
40.43928 3.07079458e-01
40.57926 2.91511219e-01
40.71973 2.77132190e-01
40.86069 2.63836388e-01
41.00213 2.51530529e-01
41.14406 2.40171188e-01
41.28648 2.29708595e-01
41.42940 2.19965947e-01
41.57281 2.10876872e-01
41.71672 2.02381483e-01
41.86113 1.94427303e-01
42.00603 1.87007725e-01
42.15144 1.80087847e-01
42.29735 1.73572916e-01
42.44377 1.67427858e-01
42.59069 1.61623788e-01
42.73812 1.56140770e-01
42.88606 1.50999964e-01
43.03451 1.46129351e-01
43.18348 1.41500380e-01
43.33297 1.37097690e-01
43.48297 1.32909442e-01
43.63349 1.28959764e-01
43.78453 1.25196638e-01
43.93609 1.21598853e-01
44.08818 1.18156232e-01
44.24079 1.14869962e-01
44.39394 1.11753721e-01
44.54761 1.08761059e-01
44.70182 1.05888521e-01
44.85655 1.03131903e-01
45.01183 1.00499333e-01
45.16764 9.79781948e-02
45.32399 9.55486002e-02
45.48089 9.32051194e-02
45.63832 9.09606772e-02
45.79630 8.88080231e-02
45.95483 8.67292994e-02
46.11391 8.47207278e-02
46.27353 8.27870812e-02
46.43371 8.09302288e-02
46.59445 7.91321131e-02
46.75574 7.73901635e-02
46.91759 7.57132510e-02
47.08000 7.40965004e-02
47.24297 7.25288830e-02
47.40650 7.10084716e-02
47.57060 6.95426411e-02
47.73527 6.81219210e-02
47.90051 6.67421155e-02
48.06633 6.54059464e-02
48.23271 6.41169034e-02
48.39967 6.28610760e-02
48.56721 6.16376606e-02
48.73533 6.04559680e-02
48.90403 5.93103547e-02
49.07332 5.81940410e-02
49.24319 5.71093757e-02
49.41365 5.60592491e-02
49.58470 5.50343550e-02
49.75634 5.40343560e-02
49.92858 5.30692066e-02
50.10141 5.21130037e-02
50.27484 5.11742767e-02
50.44887 5.02535406e-02
50.62350 4.93504002e-02
50.79874 4.84645136e-02
50.97458 4.75954858e-02
51.15104 4.67429924e-02
51.32810 4.59066829e-02
51.50578 4.50862153e-02
51.68407 4.42812611e-02
51.86298 4.34915138e-02
52.04250 4.27166450e-02
52.22265 4.19563661e-02
52.40343 4.12103662e-02
52.58482 4.04783567e-02
52.76685 3.97600579e-02
52.94951 3.90551813e-02
53.13280 3.83634648e-02
53.31672 3.76846376e-02
53.50128 3.70184467e-02
53.68648 3.63646390e-02
53.87232 3.57229480e-02
54.05880 3.50931517e-02
54.24593 3.44750060e-02
54.43371 3.38682800e-02
54.62214 3.32727428e-02
54.81122 3.26881769e-02
55.00095 3.21143602e-02
55.19134 3.15510884e-02
55.38239 3.09981530e-02
55.57410 3.04553408e-02
55.76647 2.99224654e-02
55.95951 2.93993268e-02
56.15322 2.88857387e-02
56.34760 2.83815101e-02
56.54265 2.78864590e-02
56.73838 2.74004122e-02
56.93479 2.69231876e-02
57.13187 2.64546256e-02
57.32964 2.59945528e-02
57.52809 2.55428005e-02
57.72723 2.50992179e-02
57.92705 2.46636406e-02
58.12757 2.42359220e-02
58.32879 2.38159114e-02
58.53070 2.34034531e-02
58.73331 2.29984097e-02
58.93662 2.26006434e-02
59.14063 2.22100122e-02
59.34535 2.18263784e-02
59.55078 2.14496134e-02
59.75692 2.10795882e-02
59.96377 2.07161698e-02
60.17134 2.03592337e-02
60.37963 2.00086691e-02
60.58864 1.96643426e-02
60.79837 1.93261434e-02
61.00883 1.89939604e-02
61.22002 1.86676736e-02
61.43194 1.83471811e-02
61.64459 1.80323718e-02
61.85797 1.77231347e-02
62.07210 1.74193654e-02
62.28697 1.71209743e-02
62.50258 1.68278513e-02
62.71894 1.65399009e-02
62.93605 1.62570338e-02
63.15390 1.59791480e-02
63.37252 1.57061519e-02
63.59189 1.54379599e-02
63.81201 1.51744801e-02
64.03290 1.49156290e-02
64.25456 1.46613213e-02
64.47698 1.44114701e-02
64.70017 1.41660003e-02
64.92414 1.39248261e-02
65.14888 1.36878700e-02
65.37440 1.34550559e-02
65.60070 1.32263076e-02
65.82778 1.30015512e-02
66.05565 1.27807207e-02
66.28430 1.25637335e-02
66.51375 1.23505247e-02
66.74400 1.21410321e-02
66.97504 1.19351782e-02
67.20688 1.17329056e-02
67.43952 1.15341432e-02
67.67297 1.13388298e-02
67.90722 1.11469046e-02
68.14229 1.09583076e-02
68.37817 1.07729793e-02
68.61486 1.05908550e-02
68.85238 1.04118817e-02
69.09072 1.02360049e-02
69.32988 1.00631628e-02
69.56987 9.89330701e-03
69.81069 9.72638521e-03
70.05235 9.56233654e-03
70.29484 9.40111969e-03
70.53817 9.24267785e-03
70.78235 9.08696394e-03
71.02737 8.93392824e-03
71.27323 8.78352413e-03
71.51995 8.63570454e-03
71.76752 8.49042419e-03
72.01595 8.34763690e-03
72.26524 8.20729960e-03
72.51539 8.06936833e-03
72.76641 7.93380048e-03
73.01830 7.80055475e-03
73.27106 7.66958940e-03
73.52469 7.54086581e-03
73.77920 7.41434268e-03
74.03460 7.28998272e-03
74.29087 7.16774641e-03
74.54804 7.04759690e-03
74.80609 6.92949868e-03
75.06504 6.81341399e-03
75.32488 6.69930910e-03
75.58563 6.58714759e-03
75.84727 6.47689751e-03
76.10982 6.36852377e-03
76.37328 6.26199396e-03
76.63766 6.15727656e-03
76.90295 6.05433871e-03
77.16915 5.95315022e-03
77.43628 5.85368090e-03
77.70433 5.75590012e-03
77.97331 5.65977811e-03
78.24322 5.56528648e-03
78.51407 5.47239768e-03
78.78585 5.38108242e-03
79.05857 5.29131450e-03
79.33224 5.20306639e-03
79.60686 5.11631234e-03
79.88242 5.03102527e-03
80.15894 4.94718164e-03
80.43642 4.86475482e-03
80.71486 4.78372038e-03
80.99426 4.70405612e-03
81.27463 4.62573630e-03
81.55596 4.54873782e-03
81.83828 4.47303893e-03
82.12157 4.39861698e-03
82.40584 4.32544978e-03
82.69109 4.25351556e-03
82.97733 4.18279302e-03
83.26457 4.11326218e-03
83.55279 4.04490127e-03
83.84202 3.97769122e-03
84.13225 3.91161114e-03
84.42348 3.84664284e-03
84.71572 3.78276678e-03
85.00897 3.71996431e-03
85.30323 3.65821634e-03
85.59852 3.59750556e-03
85.89482 3.53781464e-03
86.19215 3.47912450e-03
86.49052 3.42142004e-03
86.78991 3.36468262e-03
87.09034 3.30889757e-03
87.39181 3.25404670e-03
87.69432 3.20011535e-03
87.99789 3.14708754e-03
88.30250 3.09494729e-03
88.60816 3.04367950e-03
88.91489 2.99327084e-03
89.22267 2.94370490e-03
89.53153 2.89496836e-03
89.84145 2.84704655e-03
90.15244 2.79992572e-03
90.46451 2.75359254e-03
90.77766 2.70803414e-03
91.09190 2.66323588e-03
91.40722 2.61918619e-03
91.72363 2.57587133e-03
92.04114 2.53327974e-03
92.35975 2.49139811e-03
92.67946 2.45021578e-03
93.00028 2.40971987e-03
93.32221 2.36989928e-03
93.64525 2.33074292e-03
93.96941 2.29223791e-03
94.29469 2.25437537e-03
94.62110 2.21714286e-03
94.94864 2.18053062e-03
95.27731 2.14452799e-03
95.60712 2.10912432e-03
95.93807 2.07431028e-03
96.27017 2.04007433e-03
96.60342 2.00640892e-03
96.93782 1.97330250e-03
97.27338 1.94074664e-03
97.61010 1.90873202e-03
97.94798 1.87724932e-03
98.28704 1.84629008e-03
98.62727 1.81584412e-03
98.96867 1.78590431e-03
99.31126 1.75646178e-03
99.65504 1.72750810e-03
100.00000 1.69903464e-03
